"","x","y","avg","min","max"
"1",-63.125,-62.4375,136,136,136
"2",-63.125,-62.3125,137,137,137
"3",-62.875,-62.4375,135,135,135
"4",-62.875,-62.0625,138,138,138
"5",-62.875,-61.9375,139,139,139
"6",-62.625,-62.4375,134,134,134
"7",-62.625,-62.3125,133,133,133
"8",-62.625,-61.8125,140,140,140
"9",-62.375,-62.1875,132,132,132
"10",-62.375,-61.8125,141,141,141
"11",-62.375,-61.6875,142,142,142
"12",-62.125,-62.1875,131,131,131
"13",-62.125,-61.5625,143,143,143
"14",-61.875,-62.0625,130,130,130
"15",-61.875,-61.4375,144,144,144
"16",-61.875,-61.3125,145,145,145
"17",-61.875,-61.1875,146,146,146
"18",-61.625,-62.0625,129,129,129
"19",-61.625,-61.9375,128,128,128
"20",-61.625,-61.0625,147.5,147,148
"21",-61.625,-60.1875,176.5,176,177
"22",-61.625,-60.0625,179,178,180
"23",-61.375,-69.8125,142.715976053874,128.631947835286,161.361114501953
"24",-61.375,-69.6875,160.276603534657,128,180
"25",-61.375,-69.5625,155.960566383052,107,180
"26",-61.375,-69.4375,156.004595588235,110,180
"27",-61.375,-69.3125,112.5,88,178
"28",-61.375,-69.1875,179.5,179,180
"29",-61.375,-61.9375,127,127,127
"30",-61.375,-60.9375,149,149,149
"31",-61.375,-60.8125,150.5,150,151
"32",-61.375,-60.5625,169.5,169,170
"33",-61.375,-60.4375,171.5,171,172
"34",-61.375,-60.3125,173.5,173,174
"35",-61.375,-60.1875,175,175,175
"36",-61.125,-74.8125,132.124360143402,31,179.75
"37",-61.125,-74.6875,108.602300399389,67.3194478352865,159.888895670573
"38",-61.125,-70.1875,151.549479166667,135,162.791666666667
"39",-61.125,-70.0625,147.761651260195,89,180
"40",-61.125,-69.9375,139.466831729287,74,179.881958007812
"41",-61.125,-69.8125,150.77219862544,108,180
"42",-61.125,-69.6875,146.335622177776,78,180
"43",-61.125,-69.5625,144.45978507981,76,180
"44",-61.125,-69.4375,154.540441176471,65,180
"45",-61.125,-69.3125,129.61,70,180
"46",-61.125,-69.1875,158.542857142857,95,180
"47",-61.125,-69.0625,146.888888888889,127,167
"48",-61.125,-68.9375,168,168,168
"49",-61.125,-64.1875,172.684041341146,172.684041341146,172.684041341146
"50",-61.125,-64.0625,171.017370153356,166.68403116862,175.684041341146
"51",-61.125,-61.8125,125.5,125,126
"52",-61.125,-60.6875,160.428571428571,152,167
"53",-61.125,-60.5625,159.666666666667,155,168
"54",-60.875,-74.9375,95.8766247500846,31,175.600708007812
"55",-60.875,-74.8125,123.342729541127,29,180
"56",-60.875,-74.6875,111.812573761236,26.9618072509766,179.90625
"57",-60.875,-74.4375,90.8728603065437,45.7534739176432,131.065979003906
"58",-60.875,-74.3125,109.865743001302,104,116.923614501953
"59",-60.875,-70.8125,158.14637091221,144,166.986114501953
"60",-60.875,-70.6875,175.475354003906,171.986124674479,179.708333333333
"61",-60.875,-70.3125,174.5,169,180
"62",-60.875,-70.1875,154.638145810082,116.87153116862,180
"63",-60.875,-70.0625,142.763906839377,56,180
"64",-60.875,-69.9375,136.786413825568,51,180
"65",-60.875,-69.8125,140.372981804305,46,180
"66",-60.875,-69.6875,135.98564687901,48,180
"67",-60.875,-69.5625,129.355179704017,58,180
"68",-60.875,-69.4375,141.041782729805,62,180
"69",-60.875,-69.3125,140.304615384615,89,180
"70",-60.875,-69.1875,147.35752688172,85,180
"71",-60.875,-69.0625,145.512711864407,96,180
"72",-60.875,-68.9375,146.204545454545,99,180
"73",-60.875,-68.8125,145.6,140,153
"74",-60.875,-64.0625,174.381955464681,165.68403116862,178.048624674479
"75",-60.875,-63.9375,164.68403116862,164.68403116862,164.68403116862
"76",-60.875,-61.6875,124,124,124
"77",-60.875,-60.6875,164,164,164
"78",-60.875,-60.5625,160.2,157,163
"79",-60.875,-60.4375,159.5,159,160
"80",-60.625,-75.0625,108.621814612186,33,179.503479003906
"81",-60.625,-74.9375,104.292187677526,27,179.89931233724
"82",-60.625,-74.8125,118.805692064292,24,179.652791341146
"83",-60.625,-74.6875,117.036253848388,19,179.74306233724
"84",-60.625,-74.5625,112.192532620548,19,180
"85",-60.625,-74.4375,104.546109665272,21,180
"86",-60.625,-74.3125,116.699793987308,41.7534739176432,180
"87",-60.625,-74.1875,121.040222521181,39.7777786254883,176
"88",-60.625,-71.0625,153.922601064046,132,173.760416666667
"89",-60.625,-70.9375,143.576923076923,116,179
"90",-60.625,-70.8125,159.796392455137,123,180
"91",-60.625,-70.6875,171.589387551332,153,180
"92",-60.625,-70.4375,169.370633033014,160,179.89931233724
"93",-60.625,-70.3125,173.35,162,180
"94",-60.625,-70.1875,143.92899408284,66,180
"95",-60.625,-70.0625,132.421875,45,180
"96",-60.625,-69.9375,125.749100257069,38,180
"97",-60.625,-69.8125,135.491460674157,41,180
"98",-60.625,-69.6875,126.724195570414,49,180
"99",-60.625,-69.5625,115.555248618785,58,180
"100",-60.625,-69.4375,123.429090909091,67,180
"101",-60.625,-69.3125,128.283378746594,51,180
"102",-60.625,-69.1875,121.412878787879,52,180
"103",-60.625,-69.0625,130.52861952862,55,180
"104",-60.625,-68.9375,132.111842105263,58,180
"105",-60.625,-68.8125,150.471264367816,117,180
"106",-60.625,-68.6875,162.97210480446,118,179.892374674479
"107",-60.625,-67.3125,168.166666666667,162,176
"108",-60.625,-67.1875,174.142857142857,168,178
"109",-60.625,-67.0625,177.4,175,180
"110",-60.625,-64.0625,179.425354003906,179.048624674479,179.802083333333
"111",-60.625,-63.9375,167.272575378418,162.77431233724,172.315979003906
"112",-60.625,-63.8125,170.315979003906,169.315979003906,171.315979003906
"113",-60.625,-63.0625,152,150,154
"114",-60.625,-61.6875,123,123,123
"115",-60.625,-61.5625,122,122,122
"116",-60.375,-75.0625,111.519891732055,17,179.350708007812
"117",-60.375,-74.9375,109.514505927242,24,180
"118",-60.375,-74.8125,110.85125640048,22,179.854166666667
"119",-60.375,-74.6875,109.090811248627,15,180
"120",-60.375,-74.5625,110.86693153725,17,180
"121",-60.375,-74.4375,100.375133758215,20,180
"122",-60.375,-74.3125,113.395867155363,21,180
"123",-60.375,-74.1875,111.034517259909,34,180
"124",-60.375,-74.0625,102.379076860448,30,179.725708007812
"125",-60.375,-73.9375,109.769539591471,33,179.416666666667
"126",-60.375,-73.8125,123.41954927522,46,179.77431233724
"127",-60.375,-72.0625,140.795139197147,133.96875,164.71875
"128",-60.375,-71.9375,150.62751542761,107.84375,169.64931233724
"129",-60.375,-71.8125,147.788350199605,97,179.878479003906
"130",-60.375,-71.6875,146.800161951517,109,180
"131",-60.375,-71.5625,161.923106282552,122,179.861124674479
"132",-60.375,-71.4375,148.413290851192,78,180
"133",-60.375,-71.3125,133.406060319606,71,174
"134",-60.375,-71.1875,134.155529350105,77,178
"135",-60.375,-71.0625,153.690532171904,98,180
"136",-60.375,-70.9375,145.700729927007,100,180
"137",-60.375,-70.8125,160.455056179775,112,180
"138",-60.375,-70.6875,161.079470198675,95,180
"139",-60.375,-70.5625,169.19512195122,155,180
"140",-60.375,-70.4375,165.372093023256,148,180
"141",-60.375,-70.3125,149.25,99,180
"142",-60.375,-70.1875,129.819852941176,42,180
"143",-60.375,-70.0625,122.9580078125,33,180
"144",-60.375,-69.9375,106.429397192403,18,180
"145",-60.375,-69.8125,110.052106430155,22,180
"146",-60.375,-69.6875,136.663636363636,60,180
"147",-60.375,-69.5625,115.287526427061,63,180
"148",-60.375,-69.4375,119.501805054152,34,180
"149",-60.375,-69.3125,107.613430127042,32,180
"150",-60.375,-69.1875,107.232628398792,33,180
"151",-60.375,-69.0625,113.580708661417,36,180
"152",-60.375,-68.9375,131.16199376947,59,180
"153",-60.375,-68.8125,136.079754601227,61,180
"154",-60.375,-68.6875,146.137703925475,72,180
"155",-60.375,-67.6875,171.2,156,180
"156",-60.375,-67.5625,156.5,153,164
"157",-60.375,-67.4375,169.272727272727,159,180
"158",-60.375,-67.3125,174.466666666667,170,180
"159",-60.375,-67.1875,172.727272727273,161,180
"160",-60.375,-67.0625,178.666666666667,177,180
"161",-60.375,-66.9375,173.818181818182,166,180
"162",-60.375,-66.8125,170.75,167,173
"163",-60.375,-63.9375,161.041666666667,160.041666666667,162.041666666667
"164",-60.375,-63.8125,172.663587782118,166.315979003906,179.392374674479
"165",-60.375,-63.6875,177.815979003906,176.315979003906,179.315979003906
"166",-60.375,-63.0625,145.583333333333,140,155
"167",-60.375,-62.9375,136.625,118,156
"168",-60.375,-61.5625,120.5,120,121
"169",-60.125,-75.1875,137.951395670573,137.951395670573,137.951395670573
"170",-60.125,-75.0625,116.068863106297,14,180
"171",-60.125,-74.9375,113.995008106074,19,180
"172",-60.125,-74.8125,103.557963435652,14,180
"173",-60.125,-74.6875,91.7904816937496,16,180
"174",-60.125,-74.5625,75.8445210462273,16,179
"175",-60.125,-74.4375,63.6204620272095,16,179.416666666667
"176",-60.125,-74.3125,76.1290590658955,18,180
"177",-60.125,-74.1875,85.0149137885482,20,180
"178",-60.125,-74.0625,106.731951462013,21,180
"179",-60.125,-73.9375,114.881979499292,29,180
"180",-60.125,-73.8125,116.298878867953,39,180
"181",-60.125,-73.6875,123.874998373652,42,179.965291341146
"182",-60.125,-73.5625,108.149538647791,44.9236145019531,179.36806233724
"183",-60.125,-72.1875,160.347229003906,160.347229003906,160.347229003906
"184",-60.125,-72.0625,158.812054443359,114,180
"185",-60.125,-71.9375,150.053527228576,94,180
"186",-60.125,-71.8125,140.503452482678,85,180
"187",-60.125,-71.6875,143.361564939888,75,180
"188",-60.125,-71.5625,137.940577171027,65,180
"189",-60.125,-71.4375,124.254545454545,63,180
"190",-60.125,-71.3125,121.129508138705,65,180
"191",-60.125,-71.1875,136.153708274565,68,180
"192",-60.125,-71.0625,136.191638608305,78,180
"193",-60.125,-70.9375,142.537037037037,95,180
"194",-60.125,-70.8125,144.724637681159,97,179
"195",-60.125,-70.6875,144.546391752577,85,180
"196",-60.125,-70.5625,154.4625,109,180
"197",-60.125,-70.4375,156.536585365854,98,180
"198",-60.125,-70.3125,131.127659574468,42,180
"199",-60.125,-70.1875,120.868395773295,40,180
"200",-60.125,-70.0625,118.447440836544,12,180
"201",-60.125,-69.9375,97.953995157385,10,180
"202",-60.125,-69.8125,111.217391304348,18,180
"203",-60.125,-69.6875,128.874439461883,58,180
"204",-60.125,-69.5625,122.298804780876,29,179
"205",-60.125,-69.4375,102.969026548673,27,180
"206",-60.125,-69.3125,99.8119158878505,25,180
"207",-60.125,-69.1875,99.9505562422744,30,180
"208",-60.125,-69.0625,104.754428341385,36,180
"209",-60.125,-68.9375,119.413580246914,38,180
"210",-60.125,-68.8125,138.625287356322,58,180
"211",-60.125,-68.6875,141.827818816414,66,180
"212",-60.125,-68.5625,144.942813050513,122,177
"213",-60.125,-67.9375,178.71280343192,177,180
"214",-60.125,-67.8125,180,180,180
"215",-60.125,-67.6875,160.266666666667,147,173
"216",-60.125,-67.5625,163.788889567057,148,179.777791341146
"217",-60.125,-67.4375,168.491228070175,146,180
"218",-60.125,-67.3125,165.715596330275,145,180
"219",-60.125,-67.1875,170.5,151,180
"220",-60.125,-67.0625,172.666666666667,164,180
"221",-60.125,-66.9375,175.285714285714,168,180
"222",-60.125,-66.8125,175,171,179
"223",-60.125,-66.3125,165,165,165
"224",-60.125,-63.8125,168.080578373928,152.71181233724,179.28125
"225",-60.125,-63.6875,177.46875,174.291666666667,180
"226",-60.125,-63.4375,177,177,177
"227",-60.125,-63.3125,173.066666666667,166,180
"228",-60.125,-63.1875,147.737401762463,135,166.1875
"229",-60.125,-63.0625,148.562662760417,113,172.77431233724
"230",-60.125,-62.9375,128.36,78,162
"231",-60.125,-62.8125,142.666666666667,113,161
"232",-60.125,-62.6875,162,162,162
"233",-60.125,-61.4375,118.5,118,119
"234",-59.875,-75.1875,110.990624155785,14.9861119588216,179.18056233724
"235",-59.875,-75.0625,113.419593670678,12,180
"236",-59.875,-74.9375,99.2180532295013,19,180
"237",-59.875,-74.8125,103.673970968827,14,180
"238",-59.875,-74.6875,88.9857166707247,16,180
"239",-59.875,-74.5625,65.455493046074,13,179.89931233724
"240",-59.875,-74.4375,59.8143335753134,15,180
"241",-59.875,-74.3125,63.6501906404645,19,180
"242",-59.875,-74.1875,71.2505388181589,20,180
"243",-59.875,-74.0625,101.345137925948,24,180
"244",-59.875,-73.9375,109.789930668844,22,180
"245",-59.875,-73.8125,109.188499557962,24,180
"246",-59.875,-73.6875,93.1456065859113,26,180
"247",-59.875,-73.5625,112.075262981534,27,179.972229003906
"248",-59.875,-73.4375,131.502157775357,55,179.951395670573
"249",-59.875,-73.3125,137.905154075848,87,180
"250",-59.875,-73.1875,144.238644702286,89,180
"251",-59.875,-73.0625,152.509699328192,134.96875,175.979166666667
"252",-59.875,-72.9375,144.989583333333,118,164.979166666667
"253",-59.875,-72.6875,129.701395670573,129.701395670573,129.701395670573
"254",-59.875,-72.5625,144.059028908058,140.90625,147.5625
"255",-59.875,-72.1875,155.864138695502,125,179.788208007812
"256",-59.875,-72.0625,151.128348593955,102,179.729166666667
"257",-59.875,-71.9375,147.611920501808,100,180
"258",-59.875,-71.8125,152.08,101,180
"259",-59.875,-71.6875,136.628205128205,85,180
"260",-59.875,-71.5625,131.022922636103,61,180
"261",-59.875,-71.4375,118.496305418719,35,180
"262",-59.875,-71.3125,123.050717703349,38,180
"263",-59.875,-71.1875,124.263215859031,40,180
"264",-59.875,-71.0625,137.392527954065,43,180
"265",-59.875,-70.9375,145.978586065574,83,180
"266",-59.875,-70.8125,146.922431865828,106,180
"267",-59.875,-70.6875,148.574468085106,75,180
"268",-59.875,-70.5625,151.841791044776,93,180
"269",-59.875,-70.4375,133.961879432624,45,180
"270",-59.875,-70.3125,118.037917477302,37,180
"271",-59.875,-70.1875,114.410968660969,13,180
"272",-59.875,-70.0625,93.8566505858029,7,180
"273",-59.875,-69.9375,85.0743142144638,6,180
"274",-59.875,-69.8125,96.7465321563682,14,180
"275",-59.875,-69.6875,107.230769230769,21,180
"276",-59.875,-69.5625,105.400921658986,23,180
"277",-59.875,-69.4375,99.272040302267,19,180
"278",-59.875,-69.3125,93.9880126182965,22,180
"279",-59.875,-69.1875,92.1111111111111,10,180
"280",-59.875,-69.0625,101.087791495199,16,180
"281",-59.875,-68.9375,106.922519913106,39,180
"282",-59.875,-68.8125,116.878136200717,40,180
"283",-59.875,-68.6875,130.005755395683,41,180
"284",-59.875,-68.5625,138.280814316977,73,180
"285",-59.875,-68.4375,150.04648551139,89,180
"286",-59.875,-68.3125,149.868294547782,108,180
"287",-59.875,-68.1875,141.637870183067,104,180
"288",-59.875,-68.0625,133.63712530621,100,179.701395670573
"289",-59.875,-67.9375,139.70447913496,113,178
"290",-59.875,-67.8125,158.958333333333,133,180
"291",-59.875,-67.6875,155.059328497024,135,179.704874674479
"292",-59.875,-67.5625,163.704762486049,139,180
"293",-59.875,-67.4375,154.175824175824,134,180
"294",-59.875,-67.3125,161.702702702703,138,180
"295",-59.875,-67.1875,164.367354032252,145,180
"296",-59.875,-67.0625,171.325581395349,156,180
"297",-59.875,-66.9375,168.668838500977,158,180
"298",-59.875,-66.8125,168.25,157,180
"299",-59.875,-66.6875,165.333333333333,140,180
"300",-59.875,-66.5625,165.407079646018,139,180
"301",-59.875,-66.4375,135.5,102,179
"302",-59.875,-66.3125,160.375,139,180
"303",-59.875,-66.1875,177.5,175,180
"304",-59.875,-63.8125,160.733026575159,146,174
"305",-59.875,-63.6875,161.749177631579,130,178
"306",-59.875,-63.5625,152.216346153846,131,171.6875
"307",-59.875,-63.3125,160.5,160,161
"308",-59.875,-63.1875,164.155588947276,134,180
"309",-59.875,-63.0625,139.047799401249,70,179.77431233724
"310",-59.875,-62.9375,129.021869868188,74,179.708333333333
"311",-59.875,-62.8125,140.714285714286,110,167
"312",-59.875,-62.6875,151.580903116862,130,163.80903116862
"313",-59.875,-61.4375,117,117,117
"314",-59.875,-61.3125,116,116,116
"315",-59.625,-75.1875,107.923605510167,13,180
"316",-59.625,-75.0625,105.071746605253,11,179.635416666667
"317",-59.625,-74.9375,96.9638226473773,10,179.83681233724
"318",-59.625,-74.8125,101.405213194597,13,179.756958007812
"319",-59.625,-74.6875,83.3430919585887,13,180
"320",-59.625,-74.5625,60.7484909784226,12,167
"321",-59.625,-74.4375,52.8811356043524,14,179.25
"322",-59.625,-74.3125,62.027429850365,17,180
"323",-59.625,-74.1875,62.4546573979194,22,178
"324",-59.625,-74.0625,71.3938325388727,23,180
"325",-59.625,-73.9375,87.1036585365854,25,180
"326",-59.625,-73.8125,95.8230769230769,17,180
"327",-59.625,-73.6875,101.266197183099,19,180
"328",-59.625,-73.5625,97.2769994123814,29,180
"329",-59.625,-73.4375,110.501703256312,36,180
"330",-59.625,-73.3125,126.289986100777,38,180
"331",-59.625,-73.1875,144.04126420715,44,180
"332",-59.625,-73.0625,132.816071783115,67,180
"333",-59.625,-72.9375,127.769824496183,58,180
"334",-59.625,-72.8125,135.379169228636,75,180
"335",-59.625,-72.6875,121.903931521986,65,179.423624674479
"336",-59.625,-72.5625,145.420494773171,108,179.5
"337",-59.625,-72.4375,129.356425645616,96,180
"338",-59.625,-72.3125,144.382587633635,111.975697835286,180
"339",-59.625,-72.1875,142.819990502983,88,180
"340",-59.625,-72.0625,142.789523528927,85,180
"341",-59.625,-71.9375,149.990798412623,100,180
"342",-59.625,-71.8125,148.128712871287,86,180
"343",-59.625,-71.6875,137.445901639344,56,180
"344",-59.625,-71.5625,119.434554973822,32,180
"345",-59.625,-71.4375,108.038728897716,34,180
"346",-59.625,-71.3125,103.671,27,180
"347",-59.625,-71.1875,105.057746478873,27,180
"348",-59.625,-71.0625,117.4850535815,34,180
"349",-59.625,-70.9375,146.001587637595,45,180
"350",-59.625,-70.8125,144.72411516112,51,180
"351",-59.625,-70.6875,138.266638386124,52,180
"352",-59.625,-70.5625,140.582640664962,53,180
"353",-59.625,-70.4375,120.938598053181,36,180
"354",-59.625,-70.3125,117.501886792453,35,180
"355",-59.625,-70.1875,113.492527173913,9,180
"356",-59.625,-70.0625,85.1997670355271,3,180
"357",-59.625,-69.9375,70.8566214807091,3,180
"358",-59.625,-69.8125,80.8756727664155,6,180
"359",-59.625,-69.6875,94.3768458357944,11,180
"360",-59.625,-69.5625,93.7165048543689,14,180
"361",-59.625,-69.4375,88.485651214128,17,180
"362",-59.625,-69.3125,76.4776859504132,7,180
"363",-59.625,-69.1875,75.7840375586854,7,180
"364",-59.625,-69.0625,83.554441260745,14,180
"365",-59.625,-68.9375,100.738580463809,21,180
"366",-59.625,-68.8125,110.503221649485,31,180
"367",-59.625,-68.6875,114.691290824261,42,180
"368",-59.625,-68.5625,123.811681772407,43,180
"369",-59.625,-68.4375,130.747495410697,44,180
"370",-59.625,-68.3125,135.499225163368,55,180
"371",-59.625,-68.1875,129.866151753972,52,180
"372",-59.625,-68.0625,132.473373793763,53,180
"373",-59.625,-67.9375,137.627728207054,64,180
"374",-59.625,-67.8125,148.953497882797,81,180
"375",-59.625,-67.6875,147.35506711818,115,177.704874674479
"376",-59.625,-67.5625,152.512235542003,126,180
"377",-59.625,-67.4375,154.763302296606,110,180
"378",-59.625,-67.3125,158.796265496148,128,180
"379",-59.625,-67.1875,168.952757452841,141,180
"380",-59.625,-67.0625,169.925521240234,152,180
"381",-59.625,-66.9375,162.880597014925,100,180
"382",-59.625,-66.8125,154.869047619048,106,180
"383",-59.625,-66.6875,160.865853658537,91,180
"384",-59.625,-66.5625,157.73595505618,93,180
"385",-59.625,-66.4375,143.140845070423,98,180
"386",-59.625,-66.3125,145.954545454545,118,180
"387",-59.625,-66.1875,165.901960784314,117,180
"388",-59.625,-66.0625,143.768115942029,115,180
"389",-59.625,-65.9375,140.040816326531,117,180
"390",-59.625,-65.8125,142.714285714286,127,149
"391",-59.625,-64.9375,159.095685040509,155,163.982645670573
"392",-59.625,-63.8125,152.781250924775,141.28125,171
"393",-59.625,-63.6875,163.35582409483,126,180
"394",-59.625,-63.5625,158.959935897436,115.1875,178
"395",-59.625,-63.4375,156.1796875,124.1875,179.6875
"396",-59.625,-63.3125,156.277778625488,119.631947835286,174
"397",-59.625,-63.1875,152.920474745662,88.3229166666667,180
"398",-59.625,-63.0625,127.091342841254,47,180
"399",-59.625,-62.9375,129.273952295751,49,180
"400",-59.625,-62.8125,128.043992480392,48,180
"401",-59.625,-62.6875,121.632026343252,51,180
"402",-59.625,-62.5625,126.62091662837,95,166.701395670573
"403",-59.625,-61.3125,114.5,114,115
"404",-59.375,-75.3125,62.5369101159367,11,156
"405",-59.375,-75.1875,96.3343923101023,12,179.9375
"406",-59.375,-75.0625,102.999475277474,14,180
"407",-59.375,-74.9375,87.3334609150524,9,180
"408",-59.375,-74.8125,77.8521922936186,12,180
"409",-59.375,-74.6875,60.4660234485973,10,178.638895670573
"410",-59.375,-74.5625,54.9197224121094,11,180
"411",-59.375,-74.4375,77.2835655333504,13,180
"412",-59.375,-74.3125,59.4503800699174,16,180
"413",-59.375,-74.1875,65.4266618851608,15,180
"414",-59.375,-74.0625,65.7099868027621,16,180
"415",-59.375,-73.9375,59.982831525373,15,180
"416",-59.375,-73.8125,79.8512626335158,19,180
"417",-59.375,-73.6875,83.4570955582607,20,180
"418",-59.375,-73.5625,94.904902692909,25,180
"419",-59.375,-73.4375,109.230752795812,31,180
"420",-59.375,-73.3125,116.597485361618,33,180
"421",-59.375,-73.1875,118.811943662339,36,180
"422",-59.375,-73.0625,121.145297155204,43,180
"423",-59.375,-72.9375,125.006784650083,47,180
"424",-59.375,-72.8125,116.264851619616,42,180
"425",-59.375,-72.6875,103.348784512855,47,178
"426",-59.375,-72.5625,131.104360509802,94,178
"427",-59.375,-72.4375,120.164530610087,72,180
"428",-59.375,-72.3125,115.40862730946,68,180
"429",-59.375,-72.1875,124.812333540483,66,179
"430",-59.375,-72.0625,118.286821705426,66,180
"431",-59.375,-71.9375,127.340177979687,69,180
"432",-59.375,-71.8125,139.932291666667,72,180
"433",-59.375,-71.6875,127.464203233256,54,180
"434",-59.375,-71.5625,114.918604651163,22,180
"435",-59.375,-71.4375,97.7931034482759,18,180
"436",-59.375,-71.3125,93.0832455216017,21,179
"437",-59.375,-71.1875,94.3015873015873,22,180
"438",-59.375,-71.0625,106.023712183156,25,180
"439",-59.375,-70.9375,137.809769775679,34,180
"440",-59.375,-70.8125,120.334402593819,30,180
"441",-59.375,-70.6875,116.8281479442,27,180
"442",-59.375,-70.5625,124.862629366106,33,180
"443",-59.375,-70.4375,111.501270110076,33,180
"444",-59.375,-70.3125,119.764110756124,12,180
"445",-59.375,-70.1875,116.05253837072,7,180
"446",-59.375,-70.0625,79.7796257796258,1,180
"447",-59.375,-69.9375,68.2761841227485,2,180
"448",-59.375,-69.8125,64.2216142270862,7,180
"449",-59.375,-69.6875,68.54332247557,9,180
"450",-59.375,-69.5625,66.0050600885515,12,180
"451",-59.375,-69.4375,75.7001839362354,3,180
"452",-59.375,-69.3125,65.4631639063392,1,179
"453",-59.375,-69.1875,65.7658632562715,5,180
"454",-59.375,-69.0625,76.4027122641509,9,180
"455",-59.375,-68.9375,87.8403946604759,15,180
"456",-59.375,-68.8125,91.5718067504964,17,180
"457",-59.375,-68.6875,97.7192282102462,29,180
"458",-59.375,-68.5625,99.8430059523809,28,180
"459",-59.375,-68.4375,104.959934587081,38,180
"460",-59.375,-68.3125,109.50202757502,45,180
"461",-59.375,-68.1875,111.134153531968,47,180
"462",-59.375,-68.0625,113.721298495645,48,180
"463",-59.375,-67.9375,124.984161376953,49,180
"464",-59.375,-67.8125,137.513633445457,56,180
"465",-59.375,-67.6875,146.142272965417,86,180
"466",-59.375,-67.5625,148.758092468654,68,180
"467",-59.375,-67.4375,149.345570196228,71,180
"468",-59.375,-67.3125,152.113180276483,73,180
"469",-59.375,-67.1875,157.792022002627,78,180
"470",-59.375,-67.0625,156.239233547054,80,180
"471",-59.375,-66.9375,149.758704872398,74,180
"472",-59.375,-66.8125,148.555937894415,76,180
"473",-59.375,-66.6875,152.521184610137,79,180
"474",-59.375,-66.5625,144.619205298013,88,180
"475",-59.375,-66.4375,151.934545454545,92,180
"476",-59.375,-66.3125,154.004444444444,97,180
"477",-59.375,-66.1875,144.813559322034,6,180
"478",-59.375,-66.0625,119.96,8,180
"479",-59.375,-65.9375,132.692708333333,11,180
"480",-59.375,-65.8125,154.616279069767,17,180
"481",-59.375,-65.0625,162.58144309304,129,179.982645670573
"482",-59.375,-64.9375,151.053719314874,137,167.982645670573
"483",-59.375,-64.8125,142,141,143
"484",-59.375,-63.8125,152.666669209798,142.850697835286,179.114583333333
"485",-59.375,-63.6875,154.513964281015,123,180
"486",-59.375,-63.5625,163.803130546117,112.1875,180
"487",-59.375,-63.4375,140.651738925243,98.1875,180
"488",-59.375,-63.3125,146.826242306812,86.3229166666667,180
"489",-59.375,-63.1875,138.627282258118,65,180
"490",-59.375,-63.0625,114.239630828033,44,180
"491",-59.375,-62.9375,109.932194818123,43,179.965291341146
"492",-59.375,-62.8125,123.738650649341,45,180
"493",-59.375,-62.6875,127.184164612938,49,180
"494",-59.375,-62.5625,107.321095200836,52,176
"495",-59.375,-62.4375,114.246281215123,60,168.701395670573
"496",-59.375,-61.9375,177.18125,172.78125,179.78125
"497",-59.375,-61.3125,112.5,112,113
"498",-59.125,-75.3125,70.1414445241292,10,178.631958007812
"499",-59.125,-75.1875,93.9799332634451,9,179.940979003906
"500",-59.125,-75.0625,83.9817013955331,14,180
"501",-59.125,-74.9375,72.2779916322331,8,179.413208007812
"502",-59.125,-74.8125,55.478320730549,10,177
"503",-59.125,-74.6875,52.1715466051444,8,179.638895670573
"504",-59.125,-74.5625,50.473531875011,9,180
"505",-59.125,-74.4375,60.3728157294976,10,180
"506",-59.125,-74.3125,55.6995976405223,8,179.333333333333
"507",-59.125,-74.1875,46.0614901640184,11,170
"508",-59.125,-74.0625,49.7849962794611,13,179.934041341146
"509",-59.125,-73.9375,60.9066390041494,15,180
"510",-59.125,-73.8125,77.596546310832,14,180
"511",-59.125,-73.6875,81.0262510254307,21,180
"512",-59.125,-73.5625,85.303277168504,22,180
"513",-59.125,-73.4375,88.3477071034658,25,180
"514",-59.125,-73.3125,96.3718650879625,30,180
"515",-59.125,-73.1875,109.572032380789,32,180
"516",-59.125,-73.0625,95.5207348546238,39,179
"517",-59.125,-72.9375,110.717295394089,37,180
"518",-59.125,-72.8125,95.5768591033088,32,179
"519",-59.125,-72.6875,99.544103071627,38,177
"520",-59.125,-72.5625,103.443440755208,51,180
"521",-59.125,-72.4375,121.807291666667,55,178
"522",-59.125,-72.3125,112.212435233161,59,180
"523",-59.125,-72.1875,121.274096385542,62,180
"524",-59.125,-72.0625,133.945459818008,48,180
"525",-59.125,-71.9375,131.839681896046,49,180
"526",-59.125,-71.8125,123.178733031674,72,180
"527",-59.125,-71.6875,135.009523809524,50,180
"528",-59.125,-71.5625,108.725258493353,16,180
"529",-59.125,-71.4375,88.444641275465,11,180
"530",-59.125,-71.3125,88.0246575342466,13,180
"531",-59.125,-71.1875,93.4349499615088,17,180
"532",-59.125,-71.0625,85.1087689713322,16,180
"533",-59.125,-70.9375,90.963058419244,19,180
"534",-59.125,-70.8125,94.2731524789523,22,180
"535",-59.125,-70.6875,104.308937368051,24,180
"536",-59.125,-70.5625,105.680995475113,30,180
"537",-59.125,-70.4375,105.525592055004,6,180
"538",-59.125,-70.3125,109.992196878751,3,180
"539",-59.125,-70.1875,99.8106442577031,5,180
"540",-59.125,-70.0625,77.6269775187344,0,180
"541",-59.125,-69.9375,57.890832750175,3,180
"542",-59.125,-69.8125,36.5080956052429,0,164
"543",-59.125,-69.6875,39.3698630136986,1,180
"544",-59.125,-69.5625,56.1877496671105,3,180
"545",-59.125,-69.4375,62.4946053378762,0,180
"546",-59.125,-69.3125,54.2501297353399,1,180
"547",-59.125,-69.1875,54.6758986446671,6,180
"548",-59.125,-69.0625,58.8309090909091,8,180
"549",-59.125,-68.9375,64.2113665389527,11,180
"550",-59.125,-68.8125,64.5857461024499,13,180
"551",-59.125,-68.6875,68.5914893617021,19,180
"552",-59.125,-68.5625,75.6399217221135,22,180
"553",-59.125,-68.4375,86.2802419354839,26,180
"554",-59.125,-68.3125,95.075165806927,35,180
"555",-59.125,-68.1875,102.07063197026,40,180
"556",-59.125,-68.0625,113.932783766646,51,180
"557",-59.125,-67.9375,120.572934973638,51,180
"558",-59.125,-67.8125,131.273561248484,51,180
"559",-59.125,-67.6875,136.725458802242,54,180
"560",-59.125,-67.5625,138.868258178603,56,180
"561",-59.125,-67.4375,139.546728971963,59,180
"562",-59.125,-67.3125,138.193213949105,61,180
"563",-59.125,-67.1875,143.222340425532,64,180
"564",-59.125,-67.0625,143.351278600269,67,180
"565",-59.125,-66.9375,141.667785234899,70,180
"566",-59.125,-66.8125,140.907744874715,72,180
"567",-59.125,-66.6875,142.341968911917,27,180
"568",-59.125,-66.5625,142.317262830482,28,180
"569",-59.125,-66.4375,99.9738717339667,0,180
"570",-59.125,-66.3125,78.134328358209,1,180
"571",-59.125,-66.1875,75.2690355329949,3,180
"572",-59.125,-66.0625,71.8738738738739,6,180
"573",-59.125,-65.9375,73.9828431372549,11,180
"574",-59.125,-65.8125,118.895953757225,17,180
"575",-59.125,-65.6875,162.151515151515,65,180
"576",-59.125,-65.4375,159.857142857143,149,169
"577",-59.125,-65.3125,160.352941176471,141,180
"578",-59.125,-65.1875,141.705882352941,124,167
"579",-59.125,-65.0625,142.296111653646,118,176.451395670573
"580",-59.125,-64.9375,146.407342238653,115,172.451395670573
"581",-59.125,-64.8125,147.898563203357,114,180
"582",-59.125,-63.6875,152.703582228276,120,177.489583333333
"583",-59.125,-63.5625,154.114644017713,76,180
"584",-59.125,-63.4375,155.606348773233,78,180
"585",-59.125,-63.3125,138.250868866409,49,180
"586",-59.125,-63.1875,134.359984999267,53,180
"587",-59.125,-63.0625,124.398351197016,43,180
"588",-59.125,-62.9375,116.572377635815,42,180
"589",-59.125,-62.8125,133.723565195121,44,175
"590",-59.125,-62.6875,131.987164440051,47,179
"591",-59.125,-62.5625,123.187149510239,45,180
"592",-59.125,-62.4375,131.641389160156,57,169.701395670573
"593",-59.125,-62.3125,152.333333333333,152.333333333333,152.333333333333
"594",-59.125,-62.1875,157.774305555556,153.333333333333,165.65625
"595",-59.125,-61.9375,167.715047200521,159.78125,175.78125
"596",-59.125,-61.8125,173.385424804687,168.78125,176.788208007812
"597",-59.125,-61.6875,177.788208007812,177.788208007812,177.788208007812
"598",-59.125,-61.3125,111,111,111
"599",-59.125,-61.1875,110,110,110
"600",-59.125,-59.3125,148,148,148
"601",-59.125,-59.1875,146,145,147
"602",-58.875,-75.3125,83.5538907924762,9,179.927083333333
"603",-58.875,-75.1875,103.032137871513,7,179.875
"604",-58.875,-75.0625,76.4601426952262,7,180
"605",-58.875,-74.9375,63.0121000437103,7,180
"606",-58.875,-74.8125,68.4148107500219,8,179.916666666667
"607",-58.875,-74.6875,60.2395409135838,6,180
"608",-58.875,-74.5625,56.0627816630818,8,179.9375
"609",-58.875,-74.4375,47.0871976553027,7,180
"610",-58.875,-74.3125,43.5529163606658,5,180
"611",-58.875,-74.1875,39.6428571428571,7,179.8125
"612",-58.875,-74.0625,46.9564659848314,10,178
"613",-58.875,-73.9375,63.3793836344315,12,180
"614",-58.875,-73.8125,78.8880407124682,17,180
"615",-58.875,-73.6875,75.2888700084962,20,180
"616",-58.875,-73.5625,82.6029654036244,20,180
"617",-58.875,-73.4375,101.012172854534,22,180
"618",-58.875,-73.3125,87.9594095940959,27,180
"619",-58.875,-73.1875,86.8729016786571,29,180
"620",-58.875,-73.0625,99.2461368653422,36,180
"621",-58.875,-72.9375,103.957127545552,25,180
"622",-58.875,-72.8125,96.4026115342764,28,180
"623",-58.875,-72.6875,93.711038961039,31,180
"624",-58.875,-72.5625,100.948272383043,35,180
"625",-58.875,-72.4375,109.906976744186,49,180
"626",-58.875,-72.3125,118.506965506593,50,180
"627",-58.875,-72.1875,124.531079087746,45,180
"628",-58.875,-72.0625,130.930803904418,46,180
"629",-58.875,-71.9375,117.412234042553,18,180
"630",-58.875,-71.8125,111.111989459816,19,180
"631",-58.875,-71.6875,122.796178343949,24,180
"632",-58.875,-71.5625,97.427,9,180
"633",-58.875,-71.4375,69.329489291598,10,180
"634",-58.875,-71.3125,76.7351524879615,10,180
"635",-58.875,-71.1875,83.7071622846781,17,180
"636",-58.875,-71.0625,67.9304721030043,7,180
"637",-58.875,-70.9375,64.6979166666667,8,180
"638",-58.875,-70.8125,67.5958299919808,10,180
"639",-58.875,-70.6875,94.586569579288,16,180
"640",-58.875,-70.5625,108.05654531371,28,180
"641",-58.875,-70.4375,88.9710391822828,1,180
"642",-58.875,-70.3125,81.3623492396434,2,180
"643",-58.875,-70.1875,85.8343276732446,6,180
"644",-58.875,-70.0625,70.3282674772037,1,180
"645",-58.875,-69.9375,30.5546875,2,155
"646",-58.875,-69.8125,34.8829389788294,7,160
"647",-58.875,-69.6875,35.6906228610541,1,180
"648",-58.875,-69.5625,48.6931119311193,4,180
"649",-58.875,-69.4375,56.8468523002421,8,180
"650",-58.875,-69.3125,46.8176139912555,2,180
"651",-58.875,-69.1875,44.8350668647845,5,180
"652",-58.875,-69.0625,47.8298714144412,2,169
"653",-58.875,-68.9375,45.0252479711452,3,180
"654",-58.875,-68.8125,62.9308139534884,10,169
"655",-58.875,-68.6875,76.6891408114558,15,180
"656",-58.875,-68.5625,85.0985324947589,25,180
"657",-58.875,-68.4375,87.9731853906611,26,180
"658",-58.875,-68.3125,93.6998514115899,31,180
"659",-58.875,-68.1875,105.830206830207,40,180
"660",-58.875,-68.0625,123.261029411765,46,180
"661",-58.875,-67.9375,128.499166203446,53,180
"662",-58.875,-67.8125,131.418074944893,54,180
"663",-58.875,-67.6875,135.705607476636,56,180
"664",-58.875,-67.5625,136.272650296359,58,180
"665",-58.875,-67.4375,140.005962521295,61,180
"666",-58.875,-67.3125,140.419895287958,64,180
"667",-58.875,-67.1875,138.673535791757,6,180
"668",-58.875,-67.0625,138.235780765253,7,180
"669",-58.875,-66.9375,129.562953995157,3,180
"670",-58.875,-66.8125,114.737997256516,6,180
"671",-58.875,-66.6875,125.323964497041,5,180
"672",-58.875,-66.5625,136.957746478873,13,180
"673",-58.875,-66.4375,121.005194805195,2,180
"674",-58.875,-66.3125,94.5516403402187,1,180
"675",-58.875,-66.1875,72.8962264150943,3,180
"676",-58.875,-66.0625,58.9388888888889,4,180
"677",-58.875,-65.9375,56.0176817288802,7,180
"678",-58.875,-65.8125,82.5665024630542,20,180
"679",-58.875,-65.6875,129.102272727273,27,180
"680",-58.875,-65.5625,76.7272727272727,35,168
"681",-58.875,-65.4375,80,80,80
"682",-58.875,-65.3125,156.444444444444,144,169
"683",-58.875,-65.1875,160.42542300017,121,179.451395670573
"684",-58.875,-65.0625,171.533333333333,160,180
"685",-58.875,-64.9375,158.916666666667,126,172
"686",-58.875,-64.8125,151.154980171018,112,179
"687",-58.875,-64.6875,149.419221167471,111,179.996541341146
"688",-58.875,-64.5625,173.5,171,176
"689",-58.875,-63.6875,170.114583333333,170.114583333333,170.114583333333
"690",-58.875,-63.5625,152.215973578559,118,174.489583333333
"691",-58.875,-63.4375,132.631562326469,57,173.489583333333
"692",-58.875,-63.3125,138.425966689576,47,180
"693",-58.875,-63.1875,144.443705839269,41,180
"694",-58.875,-63.0625,135.987601227014,43,179.079874674479
"695",-58.875,-62.9375,122.063648846414,39,180
"696",-58.875,-62.8125,134.282275090452,43,180
"697",-58.875,-62.6875,134.919350363991,42,180
"698",-58.875,-62.5625,134.165807340011,48,180
"699",-58.875,-62.4375,126.200968424479,46,178
"700",-58.875,-62.3125,130.494214375814,59,170
"701",-58.875,-62.1875,163.619548252651,155.177083333333,174.49306233724
"702",-58.875,-62.0625,168.898224512736,159.6875,179.378479003906
"703",-58.875,-61.9375,154.186634245373,119.798614501953,174.43056233724
"704",-58.875,-61.8125,174.05764058431,167.788197835286,180
"705",-58.875,-61.6875,168,168,168
"706",-58.875,-61.5625,178.788208007812,178.788208007812,178.788208007812
"707",-58.875,-61.1875,108,107,109
"708",-58.875,-61.0625,78,78,78
"709",-58.875,-59.4375,151.5,151,152
"710",-58.875,-59.3125,149.5,149,150
"711",-58.875,-59.0625,144,144,144
"712",-58.875,-58.9375,148,143,153
"713",-58.875,-58.8125,154.5,154,155
"714",-58.875,-58.6875,156.5,156,157
"715",-58.875,-58.5625,158.5,158,159
"716",-58.625,-75.4375,68.5235297739209,10,178.767374674479
"717",-58.625,-75.3125,98.1327791557656,7,179.673624674479
"718",-58.625,-75.1875,98.6774976825966,5,180
"719",-58.625,-75.0625,76.4907162049835,6,179.638895670573
"720",-58.625,-74.9375,67.1983640747593,6,174
"721",-58.625,-74.8125,66.1759127098547,5,179.93056233724
"722",-58.625,-74.6875,62.2678507906465,5,180
"723",-58.625,-74.5625,41.9005113273689,6,168.864583333333
"724",-58.625,-74.4375,34.0274978187014,3,178
"725",-58.625,-74.3125,41.4267479490839,4,179.496541341146
"726",-58.625,-74.1875,43.0967653051106,5,178.611124674479
"727",-58.625,-74.0625,51.0109413348228,9,175
"728",-58.625,-73.9375,64.276707530648,12,180
"729",-58.625,-73.8125,81.8038990825688,14,180
"730",-58.625,-73.6875,68.7674074074074,15,180
"731",-58.625,-73.5625,78.122030237581,15,177
"732",-58.625,-73.4375,90.6589147286822,23,180
"733",-58.625,-73.3125,88.9229640498899,26,180
"734",-58.625,-73.1875,94.2953451043339,30,180
"735",-58.625,-73.0625,95.3810786914235,21,180
"736",-58.625,-72.9375,78.9401993355482,22,180
"737",-58.625,-72.8125,90.9005628517824,25,179
"738",-58.625,-72.6875,95.7602674307545,27,180
"739",-58.625,-72.5625,99.3760984940962,36,180
"740",-58.625,-72.4375,104.969232437458,39,180
"741",-58.625,-72.3125,115.496315713864,49,180
"742",-58.625,-72.1875,118.085680795258,43,180
"743",-58.625,-72.0625,118.383477870986,50,180
"744",-58.625,-71.9375,90.5710431654676,13,180
"745",-58.625,-71.8125,83.2491166077739,8,180
"746",-58.625,-71.6875,82.0628140703518,7,180
"747",-58.625,-71.5625,72.1683501683502,5,180
"748",-58.625,-71.4375,51.3920265780731,6,179
"749",-58.625,-71.3125,51.9319029850746,9,180
"750",-58.625,-71.1875,66.5788067675868,5,180
"751",-58.625,-71.0625,58.1510658016682,6,180
"752",-58.625,-70.9375,59.7356418918919,4,180
"753",-58.625,-70.8125,61.8374531835206,9,180
"754",-58.625,-70.6875,79.3813155386082,18,180
"755",-58.625,-70.5625,99.2317596566524,30,180
"756",-58.625,-70.4375,79.444261394838,0,180
"757",-58.625,-70.3125,79.0779991521831,1,180
"758",-58.625,-70.1875,79.5861405197305,4,180
"759",-58.625,-70.0625,46.3353751914242,0,180
"760",-58.625,-69.9375,32.8410256410256,3,141
"761",-58.625,-69.8125,32.1627408993576,0,172
"762",-58.625,-69.6875,28.3847167325428,1,174
"763",-58.625,-69.5625,44.0956968529223,4,180
"764",-58.625,-69.4375,45.1852576647097,0,178
"765",-58.625,-69.3125,40.0963257199603,1,179
"766",-58.625,-69.1875,42.9619289340102,6,180
"767",-58.625,-69.0625,28.2122260668973,0,180
"768",-58.625,-68.9375,58.3193968471556,3,180
"769",-58.625,-68.8125,70.0507042253521,10,180
"770",-58.625,-68.6875,79.1422060164084,21,180
"771",-58.625,-68.5625,89.9654062751408,11,180
"772",-58.625,-68.4375,95.2121896162528,31,180
"773",-58.625,-68.3125,98.482229047828,35,180
"774",-58.625,-68.1875,110.119709794438,39,180
"775",-58.625,-68.0625,126.608453837597,47,180
"776",-58.625,-67.9375,131.966115702479,53,180
"777",-58.625,-67.8125,135.660162601626,59,180
"778",-58.625,-67.6875,132.151743638077,67,180
"779",-58.625,-67.5625,135.7738791423,7,180
"780",-58.625,-67.4375,111.517909002904,0,180
"781",-58.625,-67.3125,84.7389240506329,1,180
"782",-58.625,-67.1875,95.0811475409836,3,180
"783",-58.625,-67.0625,80.979341510652,0,180
"784",-58.625,-66.9375,90.0424495476688,1,180
"785",-58.625,-66.8125,84.7650411652945,0,180
"786",-58.625,-66.6875,63.2239540607055,1,180
"787",-58.625,-66.5625,123.652173913043,3,180
"788",-58.625,-66.4375,91.7920081967213,0,180
"789",-58.625,-66.3125,65.0601173020528,1,180
"790",-58.625,-66.1875,76.3519417475728,4,180
"791",-58.625,-66.0625,38.2209450830141,0,180
"792",-58.625,-65.9375,53.1011029411765,4,180
"793",-58.625,-65.8125,68.0722891566265,23,180
"794",-58.625,-65.6875,82.2416666666667,28,180
"795",-58.625,-65.5625,60.9107142857143,35,141
"796",-58.625,-65.4375,53.4545454545455,39,142
"797",-58.625,-65.3125,98.9189189189189,47,173
"798",-58.625,-65.1875,155.7,112,180
"799",-58.625,-65.0625,155.041666666667,135,180
"800",-58.625,-64.9375,166.820512820513,131,180
"801",-58.625,-64.8125,151.2,125,166
"802",-58.625,-64.6875,136.384325590588,109,168
"803",-58.625,-64.5625,143.247224934896,108,167
"804",-58.625,-63.4375,154.495752197266,80.6145833333333,180
"805",-58.625,-63.3125,155.64619726684,85.6076456705729,174.677083333333
"806",-58.625,-63.1875,133.435683477493,83.6319478352865,180
"807",-58.625,-63.0625,133.431592411065,36,180
"808",-58.625,-62.9375,114.340756344486,37,180
"809",-58.625,-62.8125,136.36354808739,39,180
"810",-58.625,-62.6875,136.432602292015,40,180
"811",-58.625,-62.5625,121.931896722805,57,180
"812",-58.625,-62.4375,133.59472682741,49,180
"813",-58.625,-62.3125,125.334230156355,59,172.701395670573
"814",-58.625,-61.9375,129.658832949684,101.798614501953,176.43056233724
"815",-58.625,-61.8125,132.281930070582,92.7986145019531,179.43056233724
"816",-58.625,-61.6875,167.833333333333,158,180
"817",-58.625,-61.1875,106,106,106
"818",-58.625,-61.0625,86.1428571428571,76,105
"819",-58.625,-59.5625,153,153,153
"820",-58.625,-58.9375,152,152,152
"821",-58.625,-58.8125,142,142,142
"822",-58.625,-58.4375,160.5,160,161
"823",-58.375,-75.4375,73.0095596762264,15,179.767374674479
"824",-58.375,-75.3125,98.630278010733,17,179.982645670573
"825",-58.375,-75.1875,108.554211470262,16,179.15625
"826",-58.375,-75.0625,87.8959339214211,4,180
"827",-58.375,-74.9375,66.9090867758404,4,179
"828",-58.375,-74.8125,66.599672427371,4,177.756958007812
"829",-58.375,-74.6875,58.0047292756797,4,177.75
"830",-58.375,-74.5625,35.7037278202322,5,160.864583333333
"831",-58.375,-74.4375,20.1323289636531,1,161
"832",-58.375,-74.3125,41.775512890002,1,179.996541341146
"833",-58.375,-74.1875,46.8452597443954,10,179.940979003906
"834",-58.375,-74.0625,48.0408858603066,12,172
"835",-58.375,-73.9375,52.1579778830964,9,180
"836",-58.375,-73.8125,76.9315263908702,8,180
"837",-58.375,-73.6875,62.6104347826087,11,177
"838",-58.375,-73.5625,64.6150793650794,14,170
"839",-58.375,-73.4375,81.9084210526316,23,176
"840",-58.375,-73.3125,96.2429426860565,13,180
"841",-58.375,-73.1875,95.1309328968903,15,180
"842",-58.375,-73.0625,92.9486215538847,17,180
"843",-58.375,-72.9375,92.6751740139211,18,180
"844",-58.375,-72.8125,87.064085447263,21,180
"845",-58.375,-72.6875,81.1152941176471,25,180
"846",-58.375,-72.5625,92.468253968254,29,180
"847",-58.375,-72.4375,106.614965370984,40,180
"848",-58.375,-72.3125,112.812108559499,42,180
"849",-58.375,-72.1875,107.535880976537,51,180
"850",-58.375,-72.0625,104.188628158845,31,180
"851",-58.375,-71.9375,82.9159519725557,7,180
"852",-58.375,-71.8125,56.114798206278,4,180
"853",-58.375,-71.6875,48.1777076761304,3,179
"854",-58.375,-71.5625,45.9237368922784,5,180
"855",-58.375,-71.4375,45.2442497261774,2,180
"856",-58.375,-71.3125,28.5117967332123,1,122
"857",-58.375,-71.1875,47.604898828541,3,180
"858",-58.375,-71.0625,51.0178010471204,1,180
"859",-58.375,-70.9375,50.6809939556749,2,180
"860",-58.375,-70.8125,62.8190921228304,10,178
"861",-58.375,-70.6875,86.1220043572985,15,180
"862",-58.375,-70.5625,88.9401159047006,3,180
"863",-58.375,-70.4375,77.1428571428571,1,180
"864",-58.375,-70.3125,70.4039641340255,1,180
"865",-58.375,-70.1875,69.6431022649279,5,180
"866",-58.375,-70.0625,48.3726362625139,1,177
"867",-58.375,-69.9375,45.7706422018349,4,168
"868",-58.375,-69.8125,37.2088607594937,2,169
"869",-58.375,-69.6875,28.7309644670051,2,135
"870",-58.375,-69.5625,47.1935897435897,9,180
"871",-58.375,-69.4375,55.8134328358209,2,169
"872",-58.375,-69.3125,43.1081081081081,3,143
"873",-58.375,-69.1875,105.042553191489,8,180
"874",-58.375,-69.0625,74.1638297872341,2,180
"875",-58.375,-68.9375,55.9503676470588,4,180
"876",-58.375,-68.8125,70.4623911322249,8,180
"877",-58.375,-68.6875,60.5729783037475,2,165
"878",-58.375,-68.5625,58.5974025974026,5,180
"879",-58.375,-68.4375,83.6098993288591,9,180
"880",-58.375,-68.3125,100.314071696094,18,180
"881",-58.375,-68.1875,112.507535641548,43,180
"882",-58.375,-68.0625,117.212238950947,45,180
"883",-58.375,-67.9375,122.537414965986,49,180
"884",-58.375,-67.8125,129.764655904843,54,180
"885",-58.375,-67.6875,126.904302019315,2,180
"886",-58.375,-67.5625,116.455789473684,2,180
"887",-58.375,-67.4375,89.3978388998035,1,180
"888",-58.375,-67.3125,91.6400580551524,1,180
"889",-58.375,-67.1875,90.9251471825063,2,180
"890",-58.375,-67.0625,87.6840101522843,1,180
"891",-58.375,-66.9375,74.3977777777778,2,180
"892",-58.375,-66.8125,85.6656394453005,1,180
"893",-58.375,-66.6875,60.8976497346475,1,180
"894",-58.375,-66.5625,98.242542153048,3,180
"895",-58.375,-66.4375,99.9661229611041,1,180
"896",-58.375,-66.3125,80.90329218107,2,180
"897",-58.375,-66.1875,74.3938294010889,4,180
"898",-58.375,-66.0625,42.6197576887232,1,180
"899",-58.375,-65.9375,48.0770416024653,2,180
"900",-58.375,-65.8125,57.9559902200489,8,180
"901",-58.375,-65.6875,76.0627615062761,4,180
"902",-58.375,-65.5625,54.5419847328244,36,174
"903",-58.375,-65.4375,65.9692307692308,39,147
"904",-58.375,-65.3125,76.9275362318841,44,180
"905",-58.375,-65.1875,82.8333333333333,58,104
"906",-58.375,-65.0625,111.210526315789,69,154
"907",-58.375,-64.6875,148.142857142857,119,165
"908",-58.375,-64.5625,131.406424458822,106,157
"909",-58.375,-64.4375,134.584729003906,127.451395670573,142.451395670573
"910",-58.375,-63.4375,153.081111920304,78.2291666666667,180
"911",-58.375,-63.3125,148.420347310729,83.6770833333333,179.840291341146
"912",-58.375,-63.1875,136.361097453553,74.6319478352865,180
"913",-58.375,-63.0625,132.875074680826,42,180
"914",-58.375,-62.9375,118.025123900261,34,180
"915",-58.375,-62.8125,135.314158911254,35,180
"916",-58.375,-62.6875,140.058231291224,38,172
"917",-58.375,-62.5625,140.514340624397,86,169
"918",-58.375,-62.4375,129.849276525573,55,176
"919",-58.375,-62.3125,120.360615805974,54,178
"920",-58.375,-62.1875,133.930872136896,64,174
"921",-58.375,-61.9375,159.788197835286,159.788197835286,159.788197835286
"922",-58.375,-61.8125,131.222856309679,86,158.788197835286
"923",-58.375,-61.6875,167.9,155,176
"924",-58.375,-61.4375,179.788208007812,179.788208007812,179.788208007812
"925",-58.375,-61.0625,86.2,74,104
"926",-58.375,-60.9375,82.5,82,83
"927",-58.375,-59.6875,154,154,154
"928",-58.375,-58.9375,150.5,150,151
"929",-58.375,-58.8125,141,141,141
"930",-58.375,-58.3125,162,162,162
"931",-58.125,-75.5625,102.767016601563,59,164.604166666667
"932",-58.125,-75.4375,85.3370860173152,20,178.503479003906
"933",-58.125,-75.3125,98.4926128965436,24.5729166666667,179.982645670573
"934",-58.125,-75.1875,110.152780620101,23.5729166666667,180
"935",-58.125,-75.0625,112.325451424109,4,179.847229003906
"936",-58.125,-74.9375,72.56447437094,4,179.701395670573
"937",-58.125,-74.8125,58.6471291692311,3,180
"938",-58.125,-74.6875,63.3368984488554,3,180
"939",-58.125,-74.5625,37.0050156073361,4,179.822916666667
"940",-58.125,-74.4375,12.0207792207792,0,180
"941",-58.125,-74.3125,43.5652662943425,1,180
"942",-58.125,-74.1875,38.2619129834254,11,164
"943",-58.125,-74.0625,36.4653846153846,4,167
"944",-58.125,-73.9375,42.6408759124088,4,180
"945",-58.125,-73.8125,44.1775,7,174
"946",-58.125,-73.6875,53.7024390243902,10,157
"947",-58.125,-73.5625,64.807486631016,7,166
"948",-58.125,-73.4375,74.3080204778157,6,180
"949",-58.125,-73.3125,85.6468435498628,8,180
"950",-58.125,-73.1875,82.379932356257,10,180
"951",-58.125,-73.0625,79.5145945945946,14,180
"952",-58.125,-72.9375,79.7712765957447,19,180
"953",-58.125,-72.8125,88.4055354993983,22,180
"954",-58.125,-72.6875,88.3211538461538,23,180
"955",-58.125,-72.5625,104.873116574148,28,180
"956",-58.125,-72.4375,106.172441835757,31,180
"957",-58.125,-72.3125,108.500012713331,39,180
"958",-58.125,-72.1875,100.828959977922,41,180
"959",-58.125,-72.0625,96.7986906710311,11,180
"960",-58.125,-71.9375,72.6314454775993,6,180
"961",-58.125,-71.8125,49.3516483516484,2,180
"962",-58.125,-71.6875,57.1225225225225,1,180
"963",-58.125,-71.5625,45.3474025974026,6,168
"964",-58.125,-71.4375,22.9853768278965,0,140
"965",-58.125,-71.3125,31.8512,1,173
"966",-58.125,-71.1875,44.1164383561644,4,148
"967",-58.125,-71.0625,34.4314720812183,0,179
"968",-58.125,-70.9375,44.84034416826,2,180
"969",-58.125,-70.8125,58.8217149907465,0,177
"970",-58.125,-70.6875,70.4118727050184,1,180
"971",-58.125,-70.5625,76.1588527302813,2,180
"972",-58.125,-70.4375,66.0442655935614,0,179
"973",-58.125,-70.3125,65.087705559906,1,180
"974",-58.125,-70.1875,60.9962406015038,6,180
"975",-58.125,-70.0625,48.2356979405034,0,161
"976",-58.125,-69.9375,61.2881355932203,6,167
"977",-58.125,-69.8125,41.7272727272727,26,58
"978",-58.125,-69.6875,22.5616438356164,5,80
"979",-58.125,-69.5625,39.3018867924528,12,152
"980",-58.125,-69.4375,33,19,114
"981",-58.125,-69.3125,46.1052631578947,26,180
"982",-58.125,-69.1875,119.251700680272,11,180
"983",-58.125,-69.0625,39.9103330486763,0,180
"984",-58.125,-68.9375,46.3917910447761,4,180
"985",-58.125,-68.8125,57.5998125585754,0,172
"986",-58.125,-68.6875,40.2110365398956,1,180
"987",-58.125,-68.5625,43.8949454905847,5,176
"988",-58.125,-68.4375,49.122852233677,9,180
"989",-58.125,-68.3125,78.8081683168317,12,178
"990",-58.125,-68.1875,99.2418772563177,25,180
"991",-58.125,-68.0625,112.059067688378,29,180
"992",-58.125,-67.9375,119.166666666667,26,180
"993",-58.125,-67.8125,117.735889243876,0,180
"994",-58.125,-67.6875,98.7809293904647,1,180
"995",-58.125,-67.5625,91.2015765765766,3,180
"996",-58.125,-67.4375,66.0195439739414,0,180
"997",-58.125,-67.3125,66.8073059360731,1,180
"998",-58.125,-67.1875,91.6254545454545,6,180
"999",-58.125,-67.0625,91.0409407665505,5,180
"1000",-58.125,-66.9375,81.5394160583942,5,180
"1001",-58.125,-66.8125,86.3542568542568,5,180
"1002",-58.125,-66.6875,75.9187772925764,5,180
"1003",-58.125,-66.5625,90.962890625,6,180
"1004",-58.125,-66.4375,101.786532951289,6,180
"1005",-58.125,-66.3125,74.9673405909798,5,180
"1006",-58.125,-66.1875,76.85103926097,3,180
"1007",-58.125,-66.0625,31.9102333931777,0,180
"1008",-58.125,-65.9375,50.6958456973294,3,180
"1009",-58.125,-65.8125,40.0579494799406,0,180
"1010",-58.125,-65.6875,43.4924471299094,1,180
"1011",-58.125,-65.5625,71.5550847457627,4,180
"1012",-58.125,-65.4375,60.015503875969,10,153
"1013",-58.125,-65.3125,69.8245614035088,49,95
"1014",-58.125,-65.1875,79.5060240963855,52,116
"1015",-58.125,-65.0625,90.2065217391304,63,142
"1016",-58.125,-64.9375,99,80,125
"1017",-58.125,-64.6875,149.285714285714,124,163
"1018",-58.125,-64.5625,129.060606060606,104,161
"1019",-58.125,-64.4375,123.467597113715,117,126.451395670573
"1020",-58.125,-63.8125,148.319559404927,125.701395670573,163.27778116862
"1021",-58.125,-63.4375,126.718132564,70.3055572509766,179.767374674479
"1022",-58.125,-63.3125,140.207075418378,64.8645833333333,180
"1023",-58.125,-63.1875,139.467385270649,79.3229166666667,180
"1024",-58.125,-63.0625,118.972655554983,63.6319478352865,180
"1025",-58.125,-62.9375,123.95517488619,33,176.072916666667
"1026",-58.125,-62.8125,112.515243146405,32,179.125
"1027",-58.125,-62.6875,126.36036097896,38,180
"1028",-58.125,-62.5625,148.058284577869,37,180
"1029",-58.125,-62.4375,150.63023398579,63,178
"1030",-58.125,-62.3125,127.050989717109,47,179
"1031",-58.125,-62.1875,126.774396456205,60,176
"1032",-58.125,-62.0625,140.078873407273,109.90625,176.236124674479
"1033",-58.125,-61.8125,132.489212036133,83,163
"1034",-58.125,-61.6875,153.365902955505,136.225697835286,173.013895670573
"1035",-58.125,-61.0625,92,73,102
"1036",-58.125,-60.9375,85,84,86
"1037",-58.125,-59.9375,177,177,177
"1038",-58.125,-59.8125,178,178,178
"1039",-58.125,-59.6875,170.75,155,180
"1040",-58.125,-59.5625,168,168,168
"1041",-58.125,-59.4375,171.333333333333,167,180
"1042",-58.125,-59.3125,166,166,166
"1043",-58.125,-59.0625,180,180,180
"1044",-58.125,-58.8125,148.5,148,149
"1045",-58.125,-58.6875,140,140,140
"1046",-58.125,-58.3125,163,163,163
"1047",-57.875,-75.5625,76.8981880187988,39.5729166666667,169
"1048",-57.875,-75.4375,81.6579478292754,22,179.503479003906
"1049",-57.875,-75.3125,101.453682780109,25.5729166666667,179.65625
"1050",-57.875,-75.1875,125.862161700307,28,179.621541341146
"1051",-57.875,-75.0625,117.029276340566,5,179.777791341146
"1052",-57.875,-74.9375,68.703862508138,3,179.715291341146
"1053",-57.875,-74.8125,53.6658783821063,2,180
"1054",-57.875,-74.6875,51.9304664248512,2,179.888895670573
"1055",-57.875,-74.5625,35.1061658246109,4,173.0625
"1056",-57.875,-74.4375,14.7582417582418,1,176
"1057",-57.875,-74.3125,37.9035532994924,1,180
"1058",-57.875,-74.1875,24.3228840125392,6,122
"1059",-57.875,-74.0625,21.4965517241379,1,162
"1060",-57.875,-73.9375,38.5837104072398,2,147
"1061",-57.875,-73.8125,33.3832923832924,3,180
"1062",-57.875,-73.6875,36.931854199683,1,166
"1063",-57.875,-73.5625,32.1735395189003,3,162
"1064",-57.875,-73.4375,62.95178719867,6,180
"1065",-57.875,-73.3125,67.3777089783282,8,180
"1066",-57.875,-73.1875,53.9476510067114,8,180
"1067",-57.875,-73.0625,68.2433090024331,12,180
"1068",-57.875,-72.9375,76.3200992555831,11,180
"1069",-57.875,-72.8125,80.6142433234421,14,180
"1070",-57.875,-72.6875,86.6498353457739,20,180
"1071",-57.875,-72.5625,86.4345088161209,14,180
"1072",-57.875,-72.4375,88.9440089585666,15,180
"1073",-57.875,-72.3125,96.0257379040359,29,177
"1074",-57.875,-72.1875,102.463157894737,25,180
"1075",-57.875,-72.0625,92.4937413073714,7,180
"1076",-57.875,-71.9375,60.8310344827586,5,180
"1077",-57.875,-71.8125,50.0315533980583,1,180
"1078",-57.875,-71.6875,56.0773381294964,1,180
"1079",-57.875,-71.5625,70.5615384615385,5,176
"1080",-57.875,-71.4375,39.2504173622705,2,180
"1081",-57.875,-71.3125,42.1238645747316,1,177
"1082",-57.875,-71.1875,47.9580052493438,5,180
"1083",-57.875,-71.0625,36.3581699346405,1,178
"1084",-57.875,-70.9375,28.7139737991266,4,163
"1085",-57.875,-70.8125,55.575221238938,2,179
"1086",-57.875,-70.6875,58.2472989195678,1,180
"1087",-57.875,-70.5625,68.3180309734513,3,180
"1088",-57.875,-70.4375,76.7110817941953,1,179
"1089",-57.875,-70.3125,51.2464912280702,2,180
"1090",-57.875,-70.1875,49.5673076923077,5,180
"1091",-57.875,-70.0625,80.9473684210526,11,180
"1092",-57.875,-69.9375,56.2,18,129
"1093",-57.875,-69.6875,45.5,44,47
"1094",-57.875,-69.3125,122.210526315789,78,178
"1095",-57.875,-69.1875,120.111888111888,7,180
"1096",-57.875,-69.0625,51.5555555555556,1,180
"1097",-57.875,-68.9375,41.3039215686275,7,180
"1098",-57.875,-68.8125,47.4812332439678,2,180
"1099",-57.875,-68.6875,32.8398203592814,1,180
"1100",-57.875,-68.5625,38.5069444444444,5,158
"1101",-57.875,-68.4375,50.1740958788898,9,180
"1102",-57.875,-68.3125,68.2960212201591,5,180
"1103",-57.875,-68.1875,102.13711790393,6,180
"1104",-57.875,-68.0625,115.826635376943,2,180
"1105",-57.875,-67.9375,115.530785562633,3,180
"1106",-57.875,-67.8125,125.10966163881,1,180
"1107",-57.875,-67.6875,110.345650938033,1,180
"1108",-57.875,-67.5625,88.6788844621514,3,180
"1109",-57.875,-67.4375,68.1129234629862,1,180
"1110",-57.875,-67.3125,38.2002085505735,1,178
"1111",-57.875,-67.1875,62.2993197278912,5,180
"1112",-57.875,-67.0625,100.644752018454,11,180
"1113",-57.875,-66.9375,98.5249110320285,13,180
"1114",-57.875,-66.8125,90.5526802218115,10,180
"1115",-57.875,-66.6875,84.4990740740741,12,180
"1116",-57.875,-66.5625,81.8613756613757,8,180
"1117",-57.875,-66.4375,91.3764258555133,8,180
"1118",-57.875,-66.3125,94.0012285012285,7,180
"1119",-57.875,-66.1875,57.4868421052632,1,180
"1120",-57.875,-66.0625,43.0232342007435,1,180
"1121",-57.875,-65.9375,46.6837837837838,2,180
"1122",-57.875,-65.8125,42.4853333333333,1,180
"1123",-57.875,-65.6875,36.646803900325,1,180
"1124",-57.875,-65.5625,45.4512893982808,3,180
"1125",-57.875,-65.4375,53.5825242718447,8,180
"1126",-57.875,-65.3125,59.1680672268908,12,157
"1127",-57.875,-65.1875,87.6106870229008,56,134
"1128",-57.875,-65.0625,97.3846153846154,65,180
"1129",-57.875,-64.9375,110.488888888889,85,173
"1130",-57.875,-64.6875,135.5,120,151
"1131",-57.875,-64.5625,125.325581395349,100,159
"1132",-57.875,-64.4375,152.754694519717,116,179.83681233724
"1133",-57.875,-63.8125,140.725914955139,98.9027811686198,179.642374674479
"1134",-57.875,-63.6875,151.702295717986,101.90278116862,179.729166666667
"1135",-57.875,-63.3125,153.88660470468,66.3263905843099,179.965291341146
"1136",-57.875,-63.1875,126.474898706724,43.3263905843099,179.559041341146
"1137",-57.875,-63.0625,114.276000994663,57.8645833333333,173.885416666667
"1138",-57.875,-62.9375,114.807959116757,40,169
"1139",-57.875,-62.8125,114.875801751552,30,180
"1140",-57.875,-62.6875,121.989868076368,32,179
"1141",-57.875,-62.5625,139.266365941366,36,179.559041341146
"1142",-57.875,-62.4375,137.234006939512,64,180
"1143",-57.875,-62.3125,139.830621083577,51,180
"1144",-57.875,-62.1875,125.94850724898,52,178
"1145",-57.875,-62.0625,131.591824755257,62.1145833333333,178.236124674479
"1146",-57.875,-61.9375,122.54051038954,65.1145833333333,166.173614501953
"1147",-57.875,-61.8125,137.790137496649,80,171.013895670573
"1148",-57.875,-61.6875,146.064396713719,112,175.013895670573
"1149",-57.875,-61.5625,118,118,118
"1150",-57.875,-61.0625,85.5,71,100
"1151",-57.875,-60.9375,81.6666666666667,70,88
"1152",-57.875,-59.9375,174,172,176
"1153",-57.875,-59.8125,168.25,156,176
"1154",-57.875,-59.6875,177,177,177
"1155",-57.875,-59.5625,178.5,178,179
"1156",-57.875,-59.1875,165,165,165
"1157",-57.875,-58.9375,179,179,179
"1158",-57.875,-58.8125,147,147,147
"1159",-57.875,-58.6875,145.333333333333,145,146
"1160",-57.875,-58.5625,138.5,138,139
"1161",-57.875,-58.3125,152,150,154
"1162",-57.875,-58.1875,150.8,146,164
"1163",-57.875,-58.0625,155,145,165
"1164",-57.625,-75.5625,74.6918217034987,35.5729166666667,171
"1165",-57.625,-75.4375,79.6118902710662,24,175.864583333333
"1166",-57.625,-75.3125,88.0399958292643,27.5729166666667,177.65625
"1167",-57.625,-75.1875,113.617868783246,32,179.847229003906
"1168",-57.625,-75.0625,120.186301557125,6,179.163208007812
"1169",-57.625,-74.9375,75.6411622830523,3,180
"1170",-57.625,-74.8125,50.8290316728526,1,175.52431233724
"1171",-57.625,-74.6875,45.5977151568618,1,179.986124674479
"1172",-57.625,-74.5625,27.0341589223436,4,177.0625
"1173",-57.625,-74.4375,11.2444541012799,0,179.638895670573
"1174",-57.625,-74.3125,39.08,1,177
"1175",-57.625,-74.1875,24.3249325139736,3,179.951395670573
"1176",-57.625,-74.0625,13.3805031446541,0,167
"1177",-57.625,-73.9375,36.4838160136286,4,173
"1178",-57.625,-73.8125,27.3117088607595,0,180
"1179",-57.625,-73.6875,21.2213930348259,1,173
"1180",-57.625,-73.5625,22.8,3,126
"1181",-57.625,-73.4375,33.6144781144781,7,176
"1182",-57.625,-73.3125,31.7579298831386,4,173
"1183",-57.625,-73.1875,44.607201309329,4,180
"1184",-57.625,-73.0625,62.2220930232558,7,180
"1185",-57.625,-72.9375,64.2422360248447,4,180
"1186",-57.625,-72.8125,71.1698455949137,6,180
"1187",-57.625,-72.6875,67.5198675496689,9,180
"1188",-57.625,-72.5625,73.7307692307692,10,180
"1189",-57.625,-72.4375,78.5165723524656,13,180
"1190",-57.625,-72.3125,95.518337408313,19,180
"1191",-57.625,-72.1875,97.9053708439898,6,180
"1192",-57.625,-72.0625,88.2860909690178,2,180
"1193",-57.625,-71.9375,64.7293298520453,3,180
"1194",-57.625,-71.8125,36.0940386230059,0,180
"1195",-57.625,-71.6875,55.5539215686275,1,178
"1196",-57.625,-71.5625,74.6788321167883,4,171
"1197",-57.625,-71.4375,26.2371937639198,0,180
"1198",-57.625,-71.3125,55.616935483871,3,175
"1199",-57.625,-71.1875,57.6592844974446,4,173
"1200",-57.625,-71.0625,15.3234165067178,0,147
"1201",-57.625,-70.9375,23.0697674418605,5,128
"1202",-57.625,-70.8125,26.7587719298246,0,180
"1203",-57.625,-70.6875,38.2411831626849,1,177
"1204",-57.625,-70.5625,64.5971524288107,3,180
"1205",-57.625,-70.4375,62.1791767554479,0,180
"1206",-57.625,-70.3125,22.5669291338583,1,178
"1207",-57.625,-70.1875,45.1102362204724,6,176
"1208",-57.625,-70.0625,55.9523809523809,12,125
"1209",-57.625,-69.9375,19,19,19
"1210",-57.625,-69.3125,129.136842105263,77,180
"1211",-57.625,-69.1875,99.6621621621622,45,175
"1212",-57.625,-69.0625,46.5689655172414,4,176
"1213",-57.625,-68.9375,28.7439024390244,7,106
"1214",-57.625,-68.8125,29.8615384615385,0,178
"1215",-57.625,-68.6875,13.2594086021505,1,180
"1216",-57.625,-68.5625,42.0729613733906,6,180
"1217",-57.625,-68.4375,43.3824068417837,0,178
"1218",-57.625,-68.3125,73.5162561576355,1,180
"1219",-57.625,-68.1875,103.777777777778,8,180
"1220",-57.625,-68.0625,67.9916517590936,0,180
"1221",-57.625,-67.9375,64.742542153048,2,180
"1222",-57.625,-67.8125,77.8192,0,180
"1223",-57.625,-67.6875,67.9544626593807,1,180
"1224",-57.625,-67.5625,76.853014449427,4,180
"1225",-57.625,-67.4375,70.1068883610451,5,180
"1226",-57.625,-67.3125,35.8872403560831,5,167
"1227",-57.625,-67.1875,61.9139784946237,8,165
"1228",-57.625,-67.0625,81.385752688172,11,180
"1229",-57.625,-66.9375,105.653896961691,19,180
"1230",-57.625,-66.8125,97.0084477296727,20,180
"1231",-57.625,-66.6875,90.3467862481315,27,180
"1232",-57.625,-66.5625,90.3601895734597,16,180
"1233",-57.625,-66.4375,68.3834862385321,13,180
"1234",-57.625,-66.3125,75.0697247706422,12,180
"1235",-57.625,-66.1875,52.626307922272,3,180
"1236",-57.625,-66.0625,52.0237762237762,4,180
"1237",-57.625,-65.9375,54.3024193548387,4,180
"1238",-57.625,-65.8125,39.2644889357218,0,165
"1239",-57.625,-65.6875,39.2306273062731,1,171
"1240",-57.625,-65.5625,47.07656612529,3,173
"1241",-57.625,-65.4375,39.01329394387,0,180
"1242",-57.625,-65.3125,51.0985915492958,1,179
"1243",-57.625,-65.1875,72.752,5,167
"1244",-57.625,-65.0625,84.031914893617,10,165
"1245",-57.625,-64.9375,98.1780821917808,73,172
"1246",-57.625,-64.8125,125.941176470588,98,152
"1247",-57.625,-64.6875,131.904761904762,96,156
"1248",-57.625,-64.5625,127.792726678363,96,180
"1249",-57.625,-64.4375,129.080559285482,115,159.607645670573
"1250",-57.625,-63.9375,143.862531597111,93.2152811686198,179.611124674479
"1251",-57.625,-63.8125,113.235550751557,62.9375,175.43056233724
"1252",-57.625,-63.6875,162.928066416683,99.4270833333333,179.090291341146
"1253",-57.625,-63.5625,127.874565330712,84.9895833333333,179.982645670573
"1254",-57.625,-63.3125,149.512734872323,76.5277811686198,178.09375
"1255",-57.625,-63.1875,138.649587907131,42.3263905843099,179.881958007812
"1256",-57.625,-63.0625,105.706085123698,41.3263905843099,179.53125
"1257",-57.625,-62.9375,113.127372963915,44.40625,179.902791341146
"1258",-57.625,-62.8125,114.948417989617,29,179.46875
"1259",-57.625,-62.6875,100.999357212807,28,174.895833333333
"1260",-57.625,-62.5625,125.877565902319,28,179.89931233724
"1261",-57.625,-62.4375,148.933776485559,104,180
"1262",-57.625,-62.3125,135.531794230143,57,171.819458007812
"1263",-57.625,-62.1875,122.678970399707,48,180
"1264",-57.625,-62.0625,145.110706703336,67.3368072509766,180
"1265",-57.625,-61.9375,140.9853208996,64.1145833333333,179.736124674479
"1266",-57.625,-61.8125,127.674216892408,66.0729166666667,169.013895670573
"1267",-57.625,-61.6875,136.067818800608,68.0729166666667,176.013895670573
"1268",-57.625,-61.5625,141.348381890191,119,177.013895670573
"1269",-57.625,-61.0625,98,98,98
"1270",-57.625,-60.9375,67.5,66,69
"1271",-57.625,-60.8125,89.5,89,90
"1272",-57.625,-59.9375,174,174,174
"1273",-57.625,-59.8125,166,157,175
"1274",-57.625,-59.1875,164,164,164
"1275",-57.625,-59.0625,179.5,179,180
"1276",-57.625,-58.9375,177.5,177,178
"1277",-57.625,-58.6875,144,144,144
"1278",-57.625,-58.5625,140.75,137,143
"1279",-57.625,-58.4375,132.4,123,140
"1280",-57.625,-58.3125,139.5,125,156
"1281",-57.625,-58.1875,136,136,136
"1282",-57.625,-58.0625,142.25,133,166
"1283",-57.625,-57.9375,131.5,131,132
"1284",-57.625,-55.5625,175,175,175
"1285",-57.625,-55.4375,176.5,176,177
"1286",-57.625,-55.3125,178,178,178
"1287",-57.375,-75.5625,66.7939373896672,38,173
"1288",-57.375,-75.4375,76.5770547384348,26,176.5625
"1289",-57.375,-75.3125,88.680535030365,30,177.5625
"1290",-57.375,-75.1875,106.945422616072,30,179.864583333333
"1291",-57.375,-75.0625,112.59786046173,13,176.163208007812
"1292",-57.375,-74.9375,87.2331577951193,3,180
"1293",-57.375,-74.8125,41.3217495328966,1,180
"1294",-57.375,-74.6875,39.7760872661204,1,180
"1295",-57.375,-74.5625,27.4171899525542,3,180
"1296",-57.375,-74.4375,16.5540245166723,1,180
"1297",-57.375,-74.3125,47.5109037272135,2,168.64931233724
"1298",-57.375,-74.1875,36.5500332088921,2,172.951395670573
"1299",-57.375,-74.0625,14.8188775510204,1,159
"1300",-57.375,-73.9375,27.452380952381,2,157
"1301",-57.375,-73.8125,20.3859649122807,1,132
"1302",-57.375,-73.6875,13.487037037037,1,174
"1303",-57.375,-73.5625,15.2698961937716,3,122
"1304",-57.375,-73.4375,14.8971722365039,1,49
"1305",-57.375,-73.3125,18.798955613577,1,140
"1306",-57.375,-73.1875,38.0335570469799,4,180
"1307",-57.375,-73.0625,37.9564516129032,1,180
"1308",-57.375,-72.9375,48.5476190476191,3,180
"1309",-57.375,-72.8125,57.9663250366032,4,179
"1310",-57.375,-72.6875,58.3320095313741,1,180
"1311",-57.375,-72.5625,60.5321100917431,3,179
"1312",-57.375,-72.4375,67.4188415022279,6,180
"1313",-57.375,-72.3125,77.586676217765,3,180
"1314",-57.375,-72.1875,81.9820666097353,4,180
"1315",-57.375,-72.0625,80.0023752969121,1,180
"1316",-57.375,-71.9375,70.834219858156,2,180
"1317",-57.375,-71.8125,60.3039319872476,1,180
"1318",-57.375,-71.6875,61.9760765550239,1,180
"1319",-57.375,-71.5625,82.7735849056604,7,180
"1320",-57.375,-71.4375,32.7389937106918,2,145
"1321",-57.375,-71.3125,67.6352941176471,6,110
"1322",-57.375,-71.1875,59.4233576642336,5,149
"1323",-57.375,-71.0625,18.5876288659794,2,141
"1324",-57.375,-70.9375,124,124,124
"1325",-57.375,-70.8125,146.653846153846,111,180
"1326",-57.375,-70.6875,95.3510638297872,2,180
"1327",-57.375,-70.5625,103.777358490566,4,180
"1328",-57.375,-70.4375,92.7578125,3,180
"1329",-57.375,-70.3125,12,5,25
"1330",-57.375,-70.0625,17,17,17
"1331",-57.375,-69.3125,161.1,146,174
"1332",-57.375,-69.1875,99.6291390728477,36,180
"1333",-57.375,-69.0625,52.1013513513513,13,179
"1334",-57.375,-68.9375,33.4,12,65
"1335",-57.375,-68.8125,3,3,3
"1336",-57.375,-68.6875,49.5189873417722,2,174
"1337",-57.375,-68.5625,57.5528455284553,5,178
"1338",-57.375,-68.4375,42.3928012519562,1,180
"1339",-57.375,-68.3125,49.8632788868724,2,180
"1340",-57.375,-68.1875,60.8775205377147,8,180
"1341",-57.375,-68.0625,57.9013237063779,2,173
"1342",-57.375,-67.9375,35.5536723163842,1,118
"1343",-57.375,-67.8125,55.8686514886165,1,178
"1344",-57.375,-67.6875,62.8923487544484,1,180
"1345",-57.375,-67.5625,72.0233196159122,4,180
"1346",-57.375,-67.4375,70.8142180094787,8,180
"1347",-57.375,-67.3125,57.396017699115,11,180
"1348",-57.375,-67.1875,86.5359848484848,15,180
"1349",-57.375,-67.0625,81.1159420289855,21,180
"1350",-57.375,-66.9375,95.2577319587629,20,180
"1351",-57.375,-66.8125,93.3720452209661,31,180
"1352",-57.375,-66.6875,98.4861878453039,34,180
"1353",-57.375,-66.5625,98.1849912739965,28,180
"1354",-57.375,-66.4375,81.4892601431981,25,180
"1355",-57.375,-66.3125,73.4921465968586,9,180
"1356",-57.375,-66.1875,60.592803030303,6,180
"1357",-57.375,-66.0625,61.714552238806,9,180
"1358",-57.375,-65.9375,70.4643423137876,7,180
"1359",-57.375,-65.8125,55.6951566951567,1,141
"1360",-57.375,-65.6875,46.4991496598639,1,150
"1361",-57.375,-65.5625,52.9357298474946,4,178
"1362",-57.375,-65.4375,41.3092243186583,1,180
"1363",-57.375,-65.3125,40.4413145539906,1,180
"1364",-57.375,-65.1875,60.9565217391304,5,170
"1365",-57.375,-65.0625,100.983739837398,12,174
"1366",-57.375,-64.9375,113.247524752475,74,180
"1367",-57.375,-64.8125,98.5869565217391,80,144
"1368",-57.375,-64.6875,122.720419370211,74.4618072509766,180
"1369",-57.375,-64.5625,122.505142079803,46,180
"1370",-57.375,-64.0625,139.108031096282,104.37153116862,173.621541341146
"1371",-57.375,-63.9375,138.529007702339,79.4131978352865,178.079874674479
"1372",-57.375,-63.8125,106.494785974896,41,179.635416666667
"1373",-57.375,-63.6875,88.0777889784946,59.9895833333333,149.854166666667
"1374",-57.375,-63.5625,128.554590152789,83.9895833333333,170.3125
"1375",-57.375,-63.4375,134.817712571886,94.3819478352865,152.347229003906
"1376",-57.375,-63.1875,121.12906380085,41.40625,180
"1377",-57.375,-63.0625,111.631877713436,55,180
"1378",-57.375,-62.9375,111.880245632595,59.3229166666667,179.552083333333
"1379",-57.375,-62.8125,116.042561666218,36,171.472229003906
"1380",-57.375,-62.6875,109.458470705417,27,180
"1381",-57.375,-62.5625,112.789679417466,26,180
"1382",-57.375,-62.4375,138.730420222048,61,180
"1383",-57.375,-62.3125,144.940642099532,70,172.819458007812
"1384",-57.375,-62.1875,120.661412350766,53,175
"1385",-57.375,-62.0625,138.033334350586,74,175
"1386",-57.375,-61.9375,131.333333333333,78,155
"1387",-57.375,-61.8125,146.535416666667,108,155
"1388",-57.375,-61.6875,134.611415254897,73.0659739176432,168.6875
"1389",-57.375,-61.5625,138.866971333822,124,178.013895670573
"1390",-57.375,-60.9375,75.3333333333333,64,97
"1391",-57.375,-60.8125,93,91,96
"1392",-57.375,-59.9375,172.5,172,173
"1393",-57.375,-59.8125,171,171,171
"1394",-57.375,-59.6875,164,158,170
"1395",-57.375,-59.5625,169,169,169
"1396",-57.375,-59.4375,168,168,168
"1397",-57.375,-59.3125,167,167,167
"1398",-57.375,-59.1875,164.5,163,166
"1399",-57.375,-59.0625,170.166666666667,162,178
"1400",-57.375,-58.9375,172.8,164,176
"1401",-57.375,-58.8125,173,173,173
"1402",-57.375,-58.6875,171.5,171,172
"1403",-57.375,-58.5625,169,168,170
"1404",-57.375,-58.4375,126.4,120,135
"1405",-57.375,-58.3125,153.24,127,176
"1406",-57.375,-58.1875,162.375,124,179
"1407",-57.375,-58.0625,137.272727272727,126,180
"1408",-57.375,-57.9375,167,167,167
"1409",-57.375,-56.6875,160,160,160
"1410",-57.375,-56.5625,162,161,163
"1411",-57.375,-56.4375,164,164,164
"1412",-57.375,-55.5625,174,174,174
"1413",-57.375,-55.3125,179.5,179,180
"1414",-57.125,-75.5625,102.794147309803,54,160
"1415",-57.125,-75.4375,85.2091359847631,27,146.12153116862
"1416",-57.125,-75.3125,88.1943271126163,28,175
"1417",-57.125,-75.1875,96.6267871311733,36.7847239176432,177.315979003906
"1418",-57.125,-75.0625,92.8757518046611,19,172
"1419",-57.125,-74.9375,85.5511050298977,2,180
"1420",-57.125,-74.8125,47.0031655176461,0,174
"1421",-57.125,-74.6875,65.8534294552273,1,180
"1422",-57.125,-74.5625,29.0053359098755,3,180
"1423",-57.125,-74.4375,13.2650395077413,0,179.64931233724
"1424",-57.125,-74.3125,111.983901515152,5,179
"1425",-57.125,-74.1875,47.5362296754209,1,166.951395670573
"1426",-57.125,-74.0625,8.9138455045396,0,159.951395670573
"1427",-57.125,-73.9375,25.2985884306447,6,179.440979003906
"1428",-57.125,-73.8125,8.63727959697733,0,152
"1429",-57.125,-73.6875,9.33891213389121,1,93
"1430",-57.125,-73.5625,18.8358208955224,5,120
"1431",-57.125,-73.4375,5.36556603773585,0,47
"1432",-57.125,-73.3125,12.3173333333333,1,136
"1433",-57.125,-73.1875,49.3836930455635,5,180
"1434",-57.125,-73.0625,21.6208487084871,0,175
"1435",-57.125,-72.9375,44.2402298850575,2,180
"1436",-57.125,-72.8125,61.0061302681992,0,180
"1437",-57.125,-72.6875,51.5784650630011,1,180
"1438",-57.125,-72.5625,59.8175637393768,3,180
"1439",-57.125,-72.4375,59.9480728051392,0,180
"1440",-57.125,-72.3125,72.177581120944,1,180
"1441",-57.125,-72.1875,84.5924137931034,3,180
"1442",-57.125,-72.0625,67.8869987849332,0,180
"1443",-57.125,-71.9375,77.6620408163265,4,180
"1444",-57.125,-71.8125,62.04569687738,0,180
"1445",-57.125,-71.6875,64.369918699187,1,179
"1446",-57.125,-71.5625,93.5757575757576,8,180
"1447",-57.125,-71.4375,84.4144144144144,13,155
"1448",-57.125,-71.3125,81.0487804878049,51,117
"1449",-57.125,-71.1875,81.075,45,110
"1450",-57.125,-71.0625,74.8571428571429,58,113
"1451",-57.125,-70.9375,176,174,178
"1452",-57.125,-70.8125,156.962962962963,118,180
"1453",-57.125,-70.6875,135.277777777778,96,179
"1454",-57.125,-70.5625,100.883333333333,11,180
"1455",-57.125,-69.3125,129.824561403509,102,165
"1456",-57.125,-69.1875,81.3692307692308,43,168
"1457",-57.125,-69.0625,59.4464285714286,33,174
"1458",-57.125,-68.6875,119.470588235294,15,139
"1459",-57.125,-68.5625,14.625,8,20
"1460",-57.125,-68.4375,95.1538461538462,6,166
"1461",-57.125,-68.3125,59.35,5,177
"1462",-57.125,-68.1875,46.5247933884297,7,137
"1463",-57.125,-68.0625,49.7685185185185,11,99
"1464",-57.125,-67.9375,29.314606741573,9,62
"1465",-57.125,-67.8125,65.8376288659794,8,180
"1466",-57.125,-67.6875,83.8341836734694,4,180
"1467",-57.125,-67.5625,74.0589665653496,5,180
"1468",-57.125,-67.4375,76.2055873925501,9,180
"1469",-57.125,-67.3125,78.3605072463768,17,175
"1470",-57.125,-67.1875,92.1908783783784,16,178
"1471",-57.125,-67.0625,94.9339130434783,19,180
"1472",-57.125,-66.9375,100.327505827506,28,180
"1473",-57.125,-66.8125,101.38,32,180
"1474",-57.125,-66.6875,103.124561403509,41,180
"1475",-57.125,-66.5625,94.3221343873518,41,180
"1476",-57.125,-66.4375,89.2118451025057,39,180
"1477",-57.125,-66.3125,81.3824175824176,13,180
"1478",-57.125,-66.1875,77.9634615384615,11,180
"1479",-57.125,-66.0625,75.7661596958175,22,171
"1480",-57.125,-65.9375,86.5964912280702,8,180
"1481",-57.125,-65.8125,81.4470588235294,3,180
"1482",-57.125,-65.6875,81.2102217936355,4,180
"1483",-57.125,-65.5625,62.8566037735849,4,180
"1484",-57.125,-65.4375,41.887489504618,0,180
"1485",-57.125,-65.3125,41.1210898082745,1,178
"1486",-57.125,-65.1875,56.7375271149675,5,158
"1487",-57.125,-65.0625,81.6108374384236,9,177
"1488",-57.125,-64.9375,111.091836734694,14,180
"1489",-57.125,-64.8125,100.317307692308,58,180
"1490",-57.125,-64.6875,121.135206280333,75.4618072509766,180
"1491",-57.125,-64.5625,104.080871641174,39,179
"1492",-57.125,-64.4375,97.9745415581597,85.4618123372396,123
"1493",-57.125,-64.3125,143.322419433594,79,179.833333333333
"1494",-57.125,-64.1875,130.42916937934,86,171.892374674479
"1495",-57.125,-64.0625,92.9709914012622,55,175.621541341146
"1496",-57.125,-63.9375,124.122538900783,47,179.690979003906
"1497",-57.125,-63.8125,108.322768146195,38,180
"1498",-57.125,-63.6875,109.255268504075,28,180
"1499",-57.125,-63.5625,110.013624664046,58.9895833333333,175.28125
"1500",-57.125,-63.4375,104.986115228562,50.1111145019531,174.71181233724
"1501",-57.125,-63.3125,114.175698343913,51.0069478352865,179.451395670573
"1502",-57.125,-63.1875,107.728004992848,40.3263905843099,179.222229003906
"1503",-57.125,-63.0625,107.929399900083,54,179.152791341146
"1504",-57.125,-62.9375,92.6709200281675,52,180
"1505",-57.125,-62.8125,98.3229718889509,18,167
"1506",-57.125,-62.6875,102.802422417535,20,179
"1507",-57.125,-62.5625,102.327693349709,24,175.392374674479
"1508",-57.125,-62.4375,113.725031048319,28,177.392374674479
"1509",-57.125,-62.3125,124.302644791142,49,179.819458007812
"1510",-57.125,-62.1875,123.852514309353,54,179.472229003906
"1511",-57.125,-62.0625,132.159723398637,54,176
"1512",-57.125,-61.9375,150.409724308894,131,178
"1513",-57.125,-61.8125,144.590912790009,134.440979003906,158
"1514",-57.125,-61.6875,146.607641068716,74.0729166666667,170.6875
"1515",-57.125,-61.5625,147.70457373725,75.0729166666667,179.013895670573
"1516",-57.125,-61.4375,90.5659790039062,89.0659790039062,92.0659790039062
"1517",-57.125,-60.9375,63,63,63
"1518",-57.125,-60.8125,94.5,94,95
"1519",-57.125,-59.4375,159,159,159
"1520",-57.125,-59.3125,160,160,160
"1521",-57.125,-59.1875,161.5,161,162
"1522",-57.125,-58.9375,174,174,174
"1523",-57.125,-58.6875,136,136,136
"1524",-57.125,-58.5625,147.333333333333,137,167
"1525",-57.125,-58.4375,150.625,119,166
"1526",-57.125,-58.3125,151.529411764706,121,178
"1527",-57.125,-58.1875,149.3,123,176
"1528",-57.125,-58.0625,143.333333333333,135,148
"1529",-57.125,-57.9375,168,168,168
"1530",-57.125,-57.6875,149.5,148,151
"1531",-57.125,-57.0625,157,157,157
"1532",-57.125,-56.8125,158,158,158
"1533",-57.125,-56.6875,159,159,159
"1534",-57.125,-56.4375,165,165,165
"1535",-57.125,-56.1875,167,167,167
"1536",-57.125,-56.0625,168,168,168
"1537",-57.125,-55.9375,169,169,169
"1538",-57.125,-55.8125,170,170,170
"1539",-57.125,-55.6875,172,171,173
"1540",-56.875,-75.6875,166,166,166
"1541",-56.875,-75.5625,126,52,165
"1542",-56.875,-75.4375,71,49,134
"1543",-56.875,-75.3125,96.4392760100188,49,176
"1544",-56.875,-75.1875,92.5437513563368,16,179.315979003906
"1545",-56.875,-75.0625,99.0130040213566,38,165
"1546",-56.875,-74.9375,87.3043392580501,3,178
"1547",-56.875,-74.8125,60.1530638904106,1,180
"1548",-56.875,-74.6875,50.5586767434724,1,180
"1549",-56.875,-74.5625,38.3306571112739,2,179.979166666667
"1550",-56.875,-74.4375,43.4596183268229,1,180
"1551",-56.875,-74.3125,118.020568847656,25,179.944458007812
"1552",-56.875,-74.1875,112.514444524592,4,178
"1553",-56.875,-74.0625,114.51151959773,1,170.46875
"1554",-56.875,-73.9375,47.7998106289754,7,176.440979003906
"1555",-56.875,-73.8125,7.85167464114833,2,80
"1556",-56.875,-73.6875,12.0966386554622,1,146
"1557",-56.875,-73.5625,31.4075520833333,4,179.78125
"1558",-56.875,-73.4375,7.30167597765363,2,33
"1559",-56.875,-73.3125,12.4425675675676,1,132
"1560",-56.875,-73.1875,40.3571428571429,4,180
"1561",-56.875,-73.0625,19.2936893203883,1,137
"1562",-56.875,-72.9375,48.3169014084507,3,180
"1563",-56.875,-72.8125,86.3237858032379,1,180
"1564",-56.875,-72.6875,61.8209779179811,1,180
"1565",-56.875,-72.5625,65.4234828496042,3,180
"1566",-56.875,-72.4375,70.1871893981226,1,180
"1567",-56.875,-72.3125,68.2739032620922,1,180
"1568",-56.875,-72.1875,72.5904139433551,4,180
"1569",-56.875,-72.0625,75.3677130044843,1,180
"1570",-56.875,-71.9375,76.5032,2,180
"1571",-56.875,-71.8125,80.1013306038895,4,180
"1572",-56.875,-71.6875,86.0727272727273,2,180
"1573",-56.875,-71.5625,80.4086021505376,15,177
"1574",-56.875,-71.4375,114.970588235294,27,161
"1575",-56.875,-71.3125,78.3478260869565,59,103
"1576",-56.875,-71.1875,132.058823529412,88,156
"1577",-56.875,-71.0625,106.25641025641,74,136
"1578",-56.875,-70.9375,179.5,179,180
"1579",-56.875,-70.8125,149.090909090909,116,161
"1580",-56.875,-70.6875,123.913043478261,100,146
"1581",-56.875,-70.5625,103,103,103
"1582",-56.875,-69.3125,159.37037037037,151,166
"1583",-56.875,-69.1875,122.928571428571,96,150
"1584",-56.875,-69.0625,83,83,83
"1585",-56.875,-68.4375,147.5,145,150
"1586",-56.875,-68.3125,81.0377358490566,13,159
"1587",-56.875,-68.1875,84.5373134328358,12,149
"1588",-56.875,-68.0625,36.2142857142857,14,52
"1589",-56.875,-67.9375,28.9487179487179,13,171
"1590",-56.875,-67.8125,74.6896551724138,17,180
"1591",-56.875,-67.6875,88.4757575757576,14,177
"1592",-56.875,-67.5625,98.0087281795511,13,180
"1593",-56.875,-67.4375,71.5273088381331,11,176
"1594",-56.875,-67.3125,69.0539083557951,16,180
"1595",-56.875,-67.1875,84.9325153374233,24,180
"1596",-56.875,-67.0625,96.3169107856192,29,180
"1597",-56.875,-66.9375,106.367567567568,31,180
"1598",-56.875,-66.8125,105.244698205546,35,180
"1599",-56.875,-66.6875,101.05035971223,38,180
"1600",-56.875,-66.5625,104.583162217659,47,180
"1601",-56.875,-66.4375,98.0779510022272,49,180
"1602",-56.875,-66.3125,94.0543933054393,16,180
"1603",-56.875,-66.1875,93.2921348314607,20,180
"1604",-56.875,-66.0625,86.5841035120148,24,180
"1605",-56.875,-65.9375,95.0922787193974,9,179
"1606",-56.875,-65.8125,90.4942528735632,5,180
"1607",-56.875,-65.6875,87.9129746835443,6,180
"1608",-56.875,-65.5625,70.3965714285714,8,180
"1609",-56.875,-65.4375,45.6459044368601,1,180
"1610",-56.875,-65.3125,41.9094567404427,1,179
"1611",-56.875,-65.1875,51.7210242587601,5,171
"1612",-56.875,-65.0625,74.7494199535963,9,180
"1613",-56.875,-64.9375,84.1413612565445,15,153
"1614",-56.875,-64.8125,83.6,21,149
"1615",-56.875,-64.6875,113.671328671329,23,178
"1616",-56.875,-64.5625,118.50263987502,25,180
"1617",-56.875,-64.4375,124.238095238095,42,180
"1618",-56.875,-64.3125,156.478580798133,127.819447835286,179.78125
"1619",-56.875,-64.1875,100.577546296296,40,152.927083333333
"1620",-56.875,-64.0625,96.9289128001143,38,178.621541341146
"1621",-56.875,-63.9375,106.202615724388,39,180
"1622",-56.875,-63.8125,110.265139078776,22,180
"1623",-56.875,-63.6875,111.082307288583,25,179.96181233724
"1624",-56.875,-63.5625,102.593815514801,39.8020833333333,173.3125
"1625",-56.875,-63.4375,113.345297661959,43,178.541666666667
"1626",-56.875,-63.3125,108.911399929765,44,180
"1627",-56.875,-63.1875,112.306110428319,38.3263905843099,179.944458007812
"1628",-56.875,-63.0625,101.000506821499,58,177.944458007812
"1629",-56.875,-62.9375,79.0822658441006,53,179
"1630",-56.875,-62.8125,106.167323303223,17,178
"1631",-56.875,-62.6875,113.504592096838,16,180
"1632",-56.875,-62.5625,99.0908964252907,18,178
"1633",-56.875,-62.4375,108.165883747329,19,180
"1634",-56.875,-62.3125,117.691865539551,25,178
"1635",-56.875,-62.1875,127.227365409803,55,176
"1636",-56.875,-62.0625,130.184837585171,62,177
"1637",-56.875,-61.9375,138.461501476811,55,180
"1638",-56.875,-61.8125,156.660420735677,101.322916666667,177
"1639",-56.875,-61.6875,154.183646025481,78.0659739176432,178.097229003906
"1640",-56.875,-61.5625,148.271704355876,79.0659739176432,179.097229003906
"1641",-56.875,-61.4375,97.1805586638274,77.0729166666667,158
"1642",-56.875,-61.3125,156.225697835286,156.225697835286,156.225697835286
"1643",-56.875,-60.9375,62,62,62
"1644",-56.875,-59.1875,160.5,160,161
"1645",-56.875,-59.0625,173,173,173
"1646",-56.875,-58.9375,134,134,134
"1647",-56.875,-58.8125,135,135,135
"1648",-56.875,-58.4375,135.833333333333,117,171
"1649",-56.875,-58.3125,146.714285714286,120,180
"1650",-56.875,-58.0625,146.75,143,156
"1651",-56.875,-57.9375,155,145,169
"1652",-56.875,-57.8125,146.5,146,147
"1653",-56.875,-57.6875,152,152,152
"1654",-56.875,-57.5625,153,153,153
"1655",-56.875,-57.4375,154,154,154
"1656",-56.875,-57.3125,155,155,155
"1657",-56.875,-57.1875,156,156,156
"1658",-56.875,-56.3125,166,166,166
"1659",-56.625,-75.6875,174.888888888889,167,180
"1660",-56.625,-75.5625,154.5,154,155
"1661",-56.625,-75.4375,149.5,133,156
"1662",-56.625,-75.3125,98.9550348917643,52,178
"1663",-56.625,-75.1875,92.0025016276042,46,173
"1664",-56.625,-75.0625,102.648791126538,14,172
"1665",-56.625,-74.9375,100.561256069607,5,177
"1666",-56.625,-74.8125,36.8790836317274,0,180
"1667",-56.625,-74.6875,51.1249854224069,1,179.895833333333
"1668",-56.625,-74.5625,55.8487345377604,2,179.628479003906
"1669",-56.625,-74.4375,64.9554926091974,5,180
"1670",-56.625,-74.3125,95.492793820939,23,179.375
"1671",-56.625,-74.1875,97.5357324743784,37,180
"1672",-56.625,-74.0625,108.315280761719,37,169.46875
"1673",-56.625,-73.9375,73.990505478947,6,175.46875
"1674",-56.625,-73.8125,3.13662790697674,0,79
"1675",-56.625,-73.6875,12.3313609467456,1,141
"1676",-56.625,-73.5625,88.7585227272727,7,177.78125
"1677",-56.625,-73.4375,4.01014198782961,0,32
"1678",-56.625,-73.3125,11.2857142857143,1,127
"1679",-56.625,-73.1875,45.2278481012658,3,178
"1680",-56.625,-73.0625,5.68321917808219,0,94
"1681",-56.625,-72.9375,49.2666666666667,4,171
"1682",-56.625,-72.8125,65.037037037037,0,165
"1683",-56.625,-72.6875,61.6722338204593,1,180
"1684",-56.625,-72.5625,82.7548111190306,6,180
"1685",-56.625,-72.4375,69.2525597269625,0,180
"1686",-56.625,-72.3125,62.0254668930391,1,180
"1687",-56.625,-72.1875,58.3615084525358,3,179
"1688",-56.625,-72.0625,48.9269565217391,0,180
"1689",-56.625,-71.9375,69.3247941445563,1,180
"1690",-56.625,-71.8125,79.0995316159251,5,180
"1691",-56.625,-71.6875,74.244,12,180
"1692",-56.625,-71.5625,101.415094339623,22,177
"1693",-56.625,-71.4375,130.344827586207,105,167
"1694",-56.625,-71.3125,108.125,94,162
"1695",-56.625,-71.1875,118.333333333333,92,161
"1696",-56.625,-71.0625,91,91,91
"1697",-56.625,-70.6875,127,127,127
"1698",-56.625,-70.5625,128,128,128
"1699",-56.625,-70.4375,116.5,104,129
"1700",-56.625,-70.3125,118,105,131
"1701",-56.625,-68.4375,132.636363636364,95,144
"1702",-56.625,-68.3125,117.142857142857,85,151
"1703",-56.625,-67.9375,38.1875,26,54
"1704",-56.625,-67.8125,86.986301369863,31,170
"1705",-56.625,-67.6875,87.8757396449704,26,165
"1706",-56.625,-67.5625,89.6369047619048,24,169
"1707",-56.625,-67.4375,72.8863261943987,17,149
"1708",-56.625,-67.3125,72.2096551724138,20,178
"1709",-56.625,-67.1875,82.6361502347418,29,173
"1710",-56.625,-67.0625,96.9888535031847,32,179
"1711",-56.625,-66.9375,97.4804381846635,36,180
"1712",-56.625,-66.8125,108.77727784027,41,180
"1713",-56.625,-66.6875,100.872791519435,49,180
"1714",-56.625,-66.5625,103.744635193133,50,180
"1715",-56.625,-66.4375,104.976,52,180
"1716",-56.625,-66.3125,104.36974789916,53,180
"1717",-56.625,-66.1875,104.696022727273,31,180
"1718",-56.625,-66.0625,101.891954022989,34,180
"1719",-56.625,-65.9375,102.491295938104,10,180
"1720",-56.625,-65.8125,111.106007067138,12,180
"1721",-56.625,-65.6875,100.274253731343,15,180
"1722",-56.625,-65.5625,77.8195187165775,10,180
"1723",-56.625,-65.4375,44.7325581395349,0,180
"1724",-56.625,-65.3125,48.0313953488372,1,166
"1725",-56.625,-65.1875,62.4406779661017,4,173
"1726",-56.625,-65.0625,75.947932618683,9,180
"1727",-56.625,-64.9375,82.4979674796748,11,180
"1728",-56.625,-64.8125,89.5398550724638,17,178
"1729",-56.625,-64.6875,81.75,24,157
"1730",-56.625,-64.5625,109.829113924051,30,177
"1731",-56.625,-64.4375,120.09793814433,32,180
"1732",-56.625,-64.3125,115.724540157595,50,176.479166666667
"1733",-56.625,-64.1875,101.05525970459,31,179.545145670573
"1734",-56.625,-64.0625,95.1210420194068,30,176
"1735",-56.625,-63.9375,98.9631905716457,17,178
"1736",-56.625,-63.8125,96.065620750006,21,180
"1737",-56.625,-63.6875,117.028806793673,25,180
"1738",-56.625,-63.5625,109.379153603002,40.8020833333333,171.479166666667
"1739",-56.625,-63.4375,106.646364567474,32.3263905843099,180
"1740",-56.625,-63.3125,98.9408622923352,33.3263905843099,177.479166666667
"1741",-56.625,-63.1875,147.505281766256,66,179.479166666667
"1742",-56.625,-63.0625,123.020277295794,58,180
"1743",-56.625,-62.9375,94.9413203938802,54,179
"1744",-56.625,-62.8125,97.4926430838449,48,180
"1745",-56.625,-62.6875,99.6624682128275,13,180
"1746",-56.625,-62.5625,106.962322145754,14,179
"1747",-56.625,-62.4375,103.193438419172,16,180
"1748",-56.625,-62.3125,102.620077751543,13,180
"1749",-56.625,-62.1875,118.601208098038,15,180
"1750",-56.625,-62.0625,126.895552351668,16,180
"1751",-56.625,-61.9375,141.1207192315,63,180
"1752",-56.625,-61.8125,134.210419514974,56,175.756958007812
"1753",-56.625,-61.6875,148.393523039641,104.322916666667,178
"1754",-56.625,-61.5625,164.381947157118,139.486114501953,175.6875
"1755",-56.625,-61.4375,149.901046026321,96.0659790039062,174.46181233724
"1756",-56.625,-61.3125,124.284508387248,82.0729166666667,162
"1757",-56.625,-61.1875,135.24653116862,86.0729166666667,161.440979003906
"1758",-56.625,-60.8125,100,61,120
"1759",-56.625,-60.6875,91.25,73,145
"1760",-56.625,-60.5625,97.5,76,146
"1761",-56.625,-60.4375,147,147,147
"1762",-56.625,-60.3125,148,148,148
"1763",-56.625,-59.4375,158,158,158
"1764",-56.625,-59.3125,158,157,159
"1765",-56.625,-59.1875,149.666666666667,132,159
"1766",-56.625,-59.0625,155,133,172
"1767",-56.625,-58.9375,125.5,113,161
"1768",-56.625,-58.8125,115,115,115
"1769",-56.625,-58.5625,116,116,116
"1770",-56.625,-58.4375,141.2,118,170
"1771",-56.625,-58.1875,141.5,141,142
"1772",-56.625,-58.0625,162.333333333333,154,178
"1773",-56.625,-57.9375,166.333333333333,150,179
"1774",-56.625,-57.8125,164.5,158,171
"1775",-56.375,-75.6875,171,169,173
"1776",-56.375,-75.4375,147,144,150
"1777",-56.375,-75.3125,131.714285714286,125,143
"1778",-56.375,-75.1875,96.7854854924892,47,180
"1779",-56.375,-75.0625,103.019299513629,11,175
"1780",-56.375,-74.9375,92.7713508605957,5,168
"1781",-56.375,-74.8125,71.3707985939386,1,179.253479003906
"1782",-56.375,-74.6875,38.0205357472102,1,180
"1783",-56.375,-74.5625,67.9319003734713,2,172
"1784",-56.375,-74.4375,100.115129674756,5,180
"1785",-56.375,-74.3125,77.26660547501,21,167.375
"1786",-56.375,-74.1875,81.6902799479167,34,168
"1787",-56.375,-74.0625,93.8996956638558,36,129
"1788",-56.375,-73.9375,90.198920815678,7,179.722229003906
"1789",-56.375,-73.8125,10.3181004678049,1,164.722229003906
"1790",-56.375,-73.6875,14,1,85
"1791",-56.375,-73.5625,118.65625,77,174.78125
"1792",-56.375,-73.4375,7.71641791044776,1,19
"1793",-56.375,-73.3125,13.2,7,20
"1794",-56.375,-73.1875,122.818181818182,8,173
"1795",-56.375,-73.0625,53.259842519685,2,180
"1796",-56.375,-72.9375,111.473684210526,9,180
"1797",-56.375,-72.8125,69.859375,2,180
"1798",-56.375,-72.6875,56.2173112338858,1,180
"1799",-56.375,-72.5625,90.8104265402844,10,180
"1800",-56.375,-72.4375,83.774647887324,1,167
"1801",-56.375,-72.3125,55.0421052631579,2,180
"1802",-56.375,-72.1875,63.1977186311787,6,180
"1803",-56.375,-72.0625,54.011396011396,1,179
"1804",-56.375,-71.9375,70.9566115702479,4,180
"1805",-56.375,-71.8125,87.9248927038627,7,180
"1806",-56.375,-71.6875,91.2608695652174,15,170
"1807",-56.375,-71.5625,108.416666666667,21,179
"1808",-56.375,-71.4375,132.913043478261,111,146
"1809",-56.375,-71.3125,137.125,101,180
"1810",-56.375,-71.1875,153,150,156
"1811",-56.375,-71.0625,159,157,161
"1812",-56.375,-70.9375,175,175,175
"1813",-56.375,-70.8125,178.2,177,180
"1814",-56.375,-70.3125,107,107,107
"1815",-56.375,-70.1875,128.4,108,135
"1816",-56.375,-70.0625,136.5,136,137
"1817",-56.375,-69.9375,138.5,138,139
"1818",-56.375,-67.9375,39.3,33,45
"1819",-56.375,-67.8125,160.941176470588,153,168
"1820",-56.375,-67.5625,85.4375,41,107
"1821",-56.375,-67.4375,81.6372549019608,23,160
"1822",-56.375,-67.3125,77.5342105263158,24,169
"1823",-56.375,-67.1875,73.8038277511962,29,150
"1824",-56.375,-67.0625,81.6441441441441,32,180
"1825",-56.375,-66.9375,91.8223844282238,36,179
"1826",-56.375,-66.8125,97.4791344667697,42,180
"1827",-56.375,-66.6875,106.913713405239,47,180
"1828",-56.375,-66.5625,101.123430962343,56,180
"1829",-56.375,-66.4375,100.716981132075,58,180
"1830",-56.375,-66.3125,105.699074074074,61,180
"1831",-56.375,-66.1875,110.962962962963,61,176
"1832",-56.375,-66.0625,113.742038216561,38,179
"1833",-56.375,-65.9375,105.027272727273,16,180
"1834",-56.375,-65.8125,101.448630136986,15,180
"1835",-56.375,-65.6875,100.827298050139,16,180
"1836",-56.375,-65.5625,88.7322580645161,12,180
"1837",-56.375,-65.4375,50.5365622032289,1,180
"1838",-56.375,-65.3125,50.8632478632479,1,180
"1839",-56.375,-65.1875,61.5470588235294,4,180
"1840",-56.375,-65.0625,67.9237410071942,3,176
"1841",-56.375,-64.9375,84.5407066052227,2,175
"1842",-56.375,-64.8125,93.7586206896552,7,180
"1843",-56.375,-64.6875,86.6256684491979,6,170
"1844",-56.375,-64.5625,84.5415384615385,10,171
"1845",-56.375,-64.4375,88.1202346041056,23,173
"1846",-56.375,-64.3125,97.3394316344702,21,180
"1847",-56.375,-64.1875,88.4996748172264,16,180
"1848",-56.375,-64.0625,85.8904330766381,14,180
"1849",-56.375,-63.9375,78.3951805454292,18,177
"1850",-56.375,-63.8125,109.034793662154,22,180
"1851",-56.375,-63.6875,109.251316227325,26,180
"1852",-56.375,-63.5625,105.197663991044,39,180
"1853",-56.375,-63.4375,112.606657113602,30.4930572509766,179.760416666667
"1854",-56.375,-63.3125,115.94357808431,99.7743123372396,127
"1855",-56.375,-63.1875,146.762410481771,111,179.239583333333
"1856",-56.375,-63.0625,112.538197835286,69.6875,128.77431233724
"1857",-56.375,-62.9375,99.817210051973,52,178.465291341146
"1858",-56.375,-62.8125,106.897854213522,46,179
"1859",-56.375,-62.6875,105.115545109941,9,180
"1860",-56.375,-62.5625,104.188176431291,12,180
"1861",-56.375,-62.4375,107.071685855947,14,180
"1862",-56.375,-62.3125,101.791974544004,12,180
"1863",-56.375,-62.1875,93.8924554563036,11,167
"1864",-56.375,-62.0625,92.8217390331841,12,178
"1865",-56.375,-61.9375,114.378964704068,17,180
"1866",-56.375,-61.8125,140.809300104777,18,180
"1867",-56.375,-61.6875,141.902905418759,58,180
"1868",-56.375,-61.5625,159.7026000092,141.486114501953,178.701395670573
"1869",-56.375,-61.4375,158.32118733724,147.440979003906,179.701395670573
"1870",-56.375,-61.3125,120.047127859933,100.065979003906,164
"1871",-56.375,-61.1875,140.707268348107,87.0729166666667,165.440979003906
"1872",-56.375,-61.0625,105.018229166667,79,142
"1873",-56.375,-60.9375,81.8888888888889,72,143
"1874",-56.375,-60.8125,107.05,60,152
"1875",-56.375,-60.6875,134.713068181818,72,180
"1876",-56.375,-60.5625,141.040178571429,82,180
"1877",-56.375,-60.4375,141.833333333333,89,175
"1878",-56.375,-60.3125,82.3333333333333,77,86
"1879",-56.375,-60.1875,149.5,149,150
"1880",-56.375,-60.0625,151.5,151,152
"1881",-56.375,-59.9375,153,153,153
"1882",-56.375,-59.8125,154.5,154,155
"1883",-56.375,-59.6875,156,156,156
"1884",-56.375,-59.5625,157,157,157
"1885",-56.375,-59.4375,155,155,155
"1886",-56.375,-59.3125,156,156,156
"1887",-56.375,-59.1875,168.857142857143,131,180
"1888",-56.375,-59.0625,169.333333333333,167,171
"1889",-56.375,-58.9375,129.888888888889,111,166
"1890",-56.375,-58.8125,147.666666666667,114,167
"1891",-56.375,-58.6875,146.666666666667,115,168
"1892",-56.375,-58.5625,147.2,117,169
"1893",-56.375,-58.4375,147,129,165
"1894",-56.375,-58.3125,172.479166666667,166,178.958333333333
"1895",-56.375,-58.1875,176,176,176
"1896",-56.375,-58.0625,165.991666666667,153,179.958333333333
"1897",-56.375,-57.9375,151,151,151
"1898",-56.375,-57.8125,176,172,180
"1899",-56.375,-57.6875,159,159,159
"1900",-56.125,-75.3125,137,133,141
"1901",-56.125,-75.1875,106.717698530717,72,131.986114501953
"1902",-56.125,-75.0625,114.573702193503,35,177
"1903",-56.125,-74.9375,91.3908328404502,4,172.270833333333
"1904",-56.125,-74.8125,37.6222402771189,0,179.270833333333
"1905",-56.125,-74.6875,52.6299531235654,1,179.472229003906
"1906",-56.125,-74.5625,54.9004917144775,4,177
"1907",-56.125,-74.4375,66.8672086139058,6,179.829874674479
"1908",-56.125,-74.3125,87.8896906926082,17,180
"1909",-56.125,-74.1875,97.7588671729678,32,180
"1910",-56.125,-74.0625,135.117324561404,46,178
"1911",-56.125,-73.9375,112.520065307617,36,174.722229003906
"1912",-56.125,-73.8125,115.925930447049,48,144.722229003906
"1913",-56.125,-73.5625,123.460416666667,75,170.78125
"1914",-56.125,-73.4375,91.3333333333333,15,130
"1915",-56.125,-73.1875,94.5,88,101
"1916",-56.125,-73.0625,128,119,137
"1917",-56.125,-72.8125,119.8125,10,180
"1918",-56.125,-72.6875,44.816091954023,5,132
"1919",-56.125,-72.5625,63.76,38,129
"1920",-56.125,-72.4375,63.4285714285714,44,73
"1921",-56.125,-72.3125,8.09090909090909,5,11
"1922",-56.125,-72.1875,96.2450980392157,7,180
"1923",-56.125,-72.0625,84.4074074074074,9,166
"1924",-56.125,-71.9375,114.16935483871,8,177
"1925",-56.125,-71.8125,86.3819444444444,11,180
"1926",-56.125,-71.6875,129.25,24,167
"1927",-56.125,-71.5625,170.666666666667,166,180
"1928",-56.125,-71.4375,138.25,109,149
"1929",-56.125,-71.3125,151.444444444444,106,176
"1930",-56.125,-71.1875,145.2,141,149
"1931",-56.125,-71.0625,165,162,168
"1932",-56.125,-70.9375,172.142857142857,169,176
"1933",-56.125,-70.1875,109,109,109
"1934",-56.125,-70.0625,110,110,110
"1935",-56.125,-69.9375,141.5,140,143
"1936",-56.125,-69.6875,147.5,147,148
"1937",-56.125,-69.5625,152.5,151,154
"1938",-56.125,-69.4375,156.666666666667,155,159
"1939",-56.125,-68.9375,179.5,179,180
"1940",-56.125,-67.4375,75.5,43,146
"1941",-56.125,-67.3125,88.1,38,165
"1942",-56.125,-67.1875,66.5890410958904,29,180
"1943",-56.125,-67.0625,54.625,32,89
"1944",-56.125,-66.9375,104.294871794872,35,180
"1945",-56.125,-66.8125,92.4462365591398,40,180
"1946",-56.125,-66.6875,101.0207852194,48,180
"1947",-56.125,-66.5625,111.465596330275,54,180
"1948",-56.125,-66.4375,108.364532019704,64,180
"1949",-56.125,-66.3125,109.938511326861,69,180
"1950",-56.125,-66.1875,110.473498233216,67,180
"1951",-56.125,-66.0625,115.713091922006,68,180
"1952",-56.125,-65.9375,116.497777777778,45,178
"1953",-56.125,-65.8125,120.712053571429,21,180
"1954",-56.125,-65.6875,118.32808988764,31,178
"1955",-56.125,-65.5625,102.478743068392,13,178
"1956",-56.125,-65.4375,56.7669322709163,0,180
"1957",-56.125,-65.3125,51.1743697478992,1,161
"1958",-56.125,-65.1875,59.037403740374,3,159
"1959",-56.125,-65.0625,56.7006745362563,0,180
"1960",-56.125,-64.9375,67.51,2,173
"1961",-56.125,-64.8125,81.1560773480663,4,180
"1962",-56.125,-64.6875,89.9686567164179,6,180
"1963",-56.125,-64.5625,89.7914438502674,7,180
"1964",-56.125,-64.4375,91.1270161290323,11,180
"1965",-56.125,-64.3125,83.6120857699805,10,180
"1966",-56.125,-64.1875,81.9376218323587,11,180
"1967",-56.125,-64.0625,79.8614564831261,14,180
"1968",-56.125,-63.9375,81.8005617977528,23,179
"1969",-56.125,-63.8125,104.724076064517,32,180
"1970",-56.125,-63.6875,84.8121488126486,28,180
"1971",-56.125,-63.5625,86.9405761597649,28.5416666666667,179
"1972",-56.125,-63.4375,92.4150523007188,41,114.704864501953
"1973",-56.125,-63.0625,135.390801493327,53,158.34028116862
"1974",-56.125,-62.9375,114.472682090555,20,180
"1975",-56.125,-62.8125,117.055285359204,10,180
"1976",-56.125,-62.6875,103.944102710013,8,179.802083333333
"1977",-56.125,-62.5625,114.126798875462,8,180
"1978",-56.125,-62.4375,103.838353795229,10,180
"1979",-56.125,-62.3125,96.5399204794756,8,180
"1980",-56.125,-62.1875,98.2100155512492,8,180
"1981",-56.125,-62.0625,106.485381735247,10,174
"1982",-56.125,-61.9375,101.896165930707,14,180
"1983",-56.125,-61.8125,118.913646501577,18,180
"1984",-56.125,-61.6875,145.450767321464,67,179.604166666667
"1985",-56.125,-61.5625,140.927084463614,62,180
"1986",-56.125,-61.4375,171.697916666667,171.197916666667,172.197916666667
"1987",-56.125,-61.1875,146.134986877441,107.065979003906,173
"1988",-56.125,-61.0625,139.481483459473,90.0729166666667,174
"1989",-56.125,-60.9375,83.3636363636364,69,133
"1990",-56.125,-60.8125,126.530133928571,59,178.84375
"1991",-56.125,-60.6875,135.175595238095,71,179
"1992",-56.125,-60.5625,144.2041015625,87,177
"1993",-56.125,-60.4375,133,83,176
"1994",-56.125,-60.3125,134.4,113,172
"1995",-56.125,-60.1875,113.5,87,140
"1996",-56.125,-59.5625,153,153,153
"1997",-56.125,-59.4375,154,154,154
"1998",-56.125,-59.3125,146,130,162
"1999",-56.125,-59.1875,162.993055555556,154.958333333333,170
"2000",-56.125,-59.0625,165.496527777778,155.958333333333,176
"2001",-56.125,-58.9375,150.904761904762,109,174
"2002",-56.125,-58.8125,147.773148148148,126,164
"2003",-56.125,-58.6875,128.333333333333,127,129
"2004",-56.125,-58.5625,150.319444444444,128,165
"2005",-56.125,-58.4375,174.958333333333,171.958333333333,177.958333333333
"2006",-56.125,-58.3125,175,175,175
"2007",-56.125,-58.1875,169,169,169
"2008",-56.125,-58.0625,152,152,152
"2009",-56.125,-57.9375,168,168,168
"2010",-56.125,-57.6875,173,173,173
"2011",-55.875,-75.3125,132,132,132
"2012",-55.875,-75.1875,111.312398573932,75,131
"2013",-55.875,-75.0625,84.8720381673177,1,179
"2014",-55.875,-74.9375,74.7839659569969,2,166
"2015",-55.875,-74.8125,81.3178112011601,4,175.253479003906
"2016",-55.875,-74.6875,61.9220895628998,1,180
"2017",-55.875,-74.5625,71.1907122212072,2,180
"2018",-55.875,-74.4375,77.5165052718768,4,180
"2019",-55.875,-74.3125,74.4027209672771,15,176
"2020",-55.875,-74.1875,91.0990695818096,28,179.739583333333
"2021",-55.875,-74.0625,130.274812486437,34,180
"2022",-55.875,-73.9375,130.7935546875,49,179.89931233724
"2023",-55.875,-73.8125,147.031902313232,46,180
"2024",-55.875,-73.6875,127.525,44,151.78125
"2025",-55.875,-73.5625,138.532670454545,74,166.78125
"2026",-55.875,-73.4375,126,124,128
"2027",-55.875,-73.1875,86.5,86,87
"2028",-55.875,-73.0625,101.789473684211,80,118
"2029",-55.875,-72.9375,102,97,107
"2030",-55.875,-72.8125,160.066666666667,151,168
"2031",-55.875,-72.6875,108.888888888889,18,150
"2032",-55.875,-72.5625,65,46,88
"2033",-55.875,-72.0625,116.75,15,157
"2034",-55.875,-71.9375,139.770491803279,92,180
"2035",-55.875,-71.8125,125.285714285714,18,177
"2036",-55.875,-71.6875,158.5,158,159
"2037",-55.875,-71.5625,167.4,152,180
"2038",-55.875,-71.4375,131.571428571429,110,151
"2039",-55.875,-71.3125,112.5,111,114
"2040",-55.875,-71.1875,136.5,133,140
"2041",-55.875,-69.9375,111.5,111,112
"2042",-55.875,-69.8125,145,144,146
"2043",-55.875,-69.6875,149,149,149
"2044",-55.875,-69.5625,150,150,150
"2045",-55.875,-69.3125,163,160,166
"2046",-55.875,-69.1875,170,167,173
"2047",-55.875,-69.0625,176,174,178
"2048",-55.875,-67.3125,90.6923076923077,55,172
"2049",-55.875,-67.1875,94,40,178
"2050",-55.875,-67.0625,64.1176470588235,45,88
"2051",-55.875,-66.9375,65.4666666666667,45,129
"2052",-55.875,-66.8125,89.8857142857143,42,180
"2053",-55.875,-66.6875,104.360424028269,52,180
"2054",-55.875,-66.5625,101.206106870229,55,179
"2055",-55.875,-66.4375,105.041666666667,60,176
"2056",-55.875,-66.3125,112.909090909091,60,177
"2057",-55.875,-66.1875,115.242105263158,72,180
"2058",-55.875,-66.0625,114.141176470588,69,180
"2059",-55.875,-65.9375,122.371428571429,72,180
"2060",-55.875,-65.8125,125.077283372365,49,180
"2061",-55.875,-65.6875,124.859956236324,35,180
"2062",-55.875,-65.5625,112.852697095436,17,180
"2063",-55.875,-65.4375,82.9344978165939,1,180
"2064",-55.875,-65.3125,57.4898785425101,1,180
"2065",-55.875,-65.1875,62.5643153526971,3,177
"2066",-55.875,-65.0625,61.2414151925078,1,180
"2067",-55.875,-64.9375,61.7023474178404,2,180
"2068",-55.875,-64.8125,66.127497621313,4,180
"2069",-55.875,-64.6875,69.6291457286432,5,180
"2070",-55.875,-64.5625,78.9556886227545,6,180
"2071",-55.875,-64.4375,78.7496360989811,7,180
"2072",-55.875,-64.3125,74.2061855670103,9,180
"2073",-55.875,-64.1875,69.0710973724884,12,180
"2074",-55.875,-64.0625,81.9821138211382,15,180
"2075",-55.875,-63.9375,85.9707446808511,24,180
"2076",-55.875,-63.8125,93.6366484869094,29,179
"2077",-55.875,-63.6875,87.9705914275815,33,180
"2078",-55.875,-63.5625,94.156974028071,38,175.71875
"2079",-55.875,-63.3125,87.6151700003295,51.8020833333333,140.454864501953
"2080",-55.875,-63.0625,132.734933721194,74,179
"2081",-55.875,-62.9375,125.802608976096,26,180
"2082",-55.875,-62.8125,94.3235229560459,12,180
"2083",-55.875,-62.6875,91.4075973316186,6,178.90625
"2084",-55.875,-62.5625,83.1326041666667,6,174
"2085",-55.875,-62.4375,89.0481056610408,5,180
"2086",-55.875,-62.3125,82.0899439102564,4,180
"2087",-55.875,-62.1875,76.0227274742808,6,180
"2088",-55.875,-62.0625,84.5153677664397,9,179
"2089",-55.875,-61.9375,101.567979322757,12,180
"2090",-55.875,-61.8125,100.676649613814,20,180
"2091",-55.875,-61.6875,135.938113542943,20,179
"2092",-55.875,-61.5625,131.076547333688,63,179.6875
"2093",-55.875,-61.4375,158.6484375,112,175.197916666667
"2094",-55.875,-61.3125,171.598958333333,164,179.197916666667
"2095",-55.875,-61.1875,120.702087402344,85.6701456705729,171
"2096",-55.875,-61.0625,132.77199367947,91.6701456705729,177
"2097",-55.875,-60.9375,135.243058098687,68,180
"2098",-55.875,-60.8125,122.166666666667,67,149
"2099",-55.875,-60.6875,126.868566176471,69,180
"2100",-55.875,-60.5625,158.825657894737,100,180
"2101",-55.875,-60.4375,123.636363636364,90,167
"2102",-55.875,-60.3125,127.285714285714,78,174
"2103",-55.875,-60.1875,116.2,85,141
"2104",-55.875,-59.6875,165.5,152,179
"2105",-55.875,-59.5625,154.989583333333,128,180
"2106",-55.875,-59.4375,155.708333333333,129,168
"2107",-55.875,-59.3125,160.8,153,168
"2108",-55.875,-59.1875,150.375,121,169
"2109",-55.875,-59.0625,137.666666666667,123,156
"2110",-55.875,-58.9375,135.8,108,180
"2111",-55.875,-58.8125,163.333333333333,156,177
"2112",-55.875,-58.6875,171.991666666667,158,180
"2113",-55.875,-58.5625,175.333333333333,173,179
"2114",-55.875,-58.4375,170.25,159,180
"2115",-55.875,-58.1875,169.983333333333,158.958333333333,180
"2116",-55.875,-58.0625,167.479166666667,164.958333333333,170
"2117",-55.875,-57.9375,173,173,173
"2118",-55.875,-57.8125,169,169,169
"2119",-55.875,-57.6875,174,174,174
"2120",-55.875,-57.5625,170,160,175
"2121",-55.625,-75.1875,115.718484210153,78,166.694447835286
"2122",-55.625,-75.0625,24.6025277111834,0,180
"2123",-55.625,-74.9375,35.1074701324711,1,170
"2124",-55.625,-74.8125,30.9431414899462,0,178.826395670573
"2125",-55.625,-74.6875,40.2882248983218,1,175
"2126",-55.625,-74.5625,51.424845713886,2,167.8125
"2127",-55.625,-74.4375,66.079071969697,10,176
"2128",-55.625,-74.3125,58.0885416666667,16,177
"2129",-55.625,-74.1875,92.5196759259259,27,178
"2130",-55.625,-74.0625,136.670818826427,33,180
"2131",-55.625,-73.9375,132.47111328125,47,166
"2132",-55.625,-73.8125,105.805560487689,41,179.965291341146
"2133",-55.625,-73.6875,52,42,71
"2134",-55.625,-73.5625,98,72,180
"2135",-55.625,-73.4375,136,121,178
"2136",-55.625,-73.3125,179.5,179,180
"2137",-55.625,-73.0625,78.5,78,79
"2138",-55.625,-72.9375,91,86,96
"2139",-55.625,-72.8125,156.666666666667,155,158
"2140",-55.625,-72.6875,78.9230769230769,51,118
"2141",-55.625,-72.5625,62.5,62,63
"2142",-55.625,-72.0625,134.833333333333,130,140
"2143",-55.625,-71.9375,141.647058823529,111,163
"2144",-55.625,-71.8125,141.137931034483,104,161
"2145",-55.625,-71.4375,121,117,125
"2146",-55.625,-71.3125,123.333333333333,115,132
"2147",-55.625,-69.9375,113,113,113
"2148",-55.625,-69.8125,114,114,114
"2149",-55.625,-67.0625,46,45,47
"2150",-55.625,-66.9375,52.1538461538462,46,57
"2151",-55.625,-66.8125,58.5238095238095,47,72
"2152",-55.625,-66.6875,86.5529411764706,48,178
"2153",-55.625,-66.5625,95.6506024096386,50,180
"2154",-55.625,-66.4375,103.335025380711,53,178
"2155",-55.625,-66.3125,111.20987654321,57,180
"2156",-55.625,-66.1875,114.079365079365,61,180
"2157",-55.625,-66.0625,126.822299651568,66,178
"2158",-55.625,-65.9375,129.05737704918,78,180
"2159",-55.625,-65.8125,124.585774058577,77,180
"2160",-55.625,-65.6875,128.551246537396,51,180
"2161",-55.625,-65.5625,125.279017857143,6,180
"2162",-55.625,-65.4375,103.784671532847,2,180
"2163",-55.625,-65.3125,77.7237163814181,3,180
"2164",-55.625,-65.1875,75.5629370629371,4,180
"2165",-55.625,-65.0625,59.0620884289746,0,180
"2166",-55.625,-64.9375,64.5597014925373,1,180
"2167",-55.625,-64.8125,66.8742655699177,3,180
"2168",-55.625,-64.6875,63.9048178613396,4,180
"2169",-55.625,-64.5625,68.043991416309,5,180
"2170",-55.625,-64.4375,70.3539603960396,4,180
"2171",-55.625,-64.3125,63.8115746971736,7,180
"2172",-55.625,-64.1875,67.4111111111111,10,172
"2173",-55.625,-64.0625,73.8680904522613,17,180
"2174",-55.625,-63.9375,84.5606060606061,21,180
"2175",-55.625,-63.8125,87.5573122529644,27,180
"2176",-55.625,-63.6875,88.7359198877367,31,180
"2177",-55.625,-63.5625,85.181936786902,32,180
"2178",-55.625,-63.4375,99.9985080205671,39,179.913208007812
"2179",-55.625,-63.3125,102.34011912028,49.8888905843099,179.420145670573
"2180",-55.625,-63.1875,112.540511381981,62,164.861114501953
"2181",-55.625,-63.0625,106.141890004983,47,179.71181233724
"2182",-55.625,-62.9375,125.258602221978,24,180
"2183",-55.625,-62.8125,109.588347152757,42,178
"2184",-55.625,-62.6875,97.4800594621086,22,180
"2185",-55.625,-62.5625,85.8854460159715,4,180
"2186",-55.625,-62.4375,86.2858199686748,3,180
"2187",-55.625,-62.3125,78.793946301925,2,180
"2188",-55.625,-62.1875,66.2764659037117,4,180
"2189",-55.625,-62.0625,81.8823766196646,8,179
"2190",-55.625,-61.9375,103.320527725142,17,180
"2191",-55.625,-61.8125,110.840247421668,28,180
"2192",-55.625,-61.6875,127.60796870862,22,180
"2193",-55.625,-61.5625,134.069269212626,65,178.46181233724
"2194",-55.625,-61.4375,131.671628437345,74.6701405843099,160
"2195",-55.625,-61.3125,136.051882874732,79.6701405843099,175.694458007812
"2196",-55.625,-61.1875,169.025006103516,164.694447835286,172.694458007812
"2197",-55.625,-61.0625,172,169,175
"2198",-55.625,-60.9375,142.479486638849,95.6701456705729,177
"2199",-55.625,-60.8125,112.735131940271,56,148
"2200",-55.625,-60.6875,117.201822916667,57,179
"2201",-55.625,-60.5625,129.357142857143,53,159
"2202",-55.625,-60.4375,152.916666666667,88,180
"2203",-55.625,-60.3125,125.9375,94,175
"2204",-55.625,-60.1875,117.142857142857,86,161
"2205",-55.625,-60.0625,143.666666666667,127,162
"2206",-55.625,-59.9375,143,143,143
"2207",-55.625,-59.8125,154.2,119,178
"2208",-55.625,-59.6875,150.439814814815,126,174
"2209",-55.625,-59.5625,162.285714285714,148,176
"2210",-55.625,-59.4375,165.181818181818,150,177
"2211",-55.625,-59.3125,160.076923076923,119,178
"2212",-55.625,-59.1875,161,122,179
"2213",-55.625,-59.0625,144.8,106,175
"2214",-55.625,-58.9375,160,108,179
"2215",-55.625,-58.8125,162.5,155,170
"2216",-55.625,-58.6875,172,171,174
"2217",-55.625,-58.5625,171,167,175
"2218",-55.625,-58.4375,168.979166666667,160,176.958333333333
"2219",-55.625,-58.3125,171.666666666667,161,178
"2220",-55.625,-58.1875,167,160,179
"2221",-55.625,-57.9375,165.958333333333,165.958333333333,165.958333333333
"2222",-55.625,-57.8125,166.986111111111,159.958333333333,171
"2223",-55.625,-57.5625,161,161,161
"2224",-55.625,-57.4375,164.5,153,176
"2225",-55.625,-57.3125,150.6,149,152
"2226",-55.375,-75.1875,118.847472417922,81.9618072509766,167.694447835286
"2227",-55.375,-75.0625,96.5472231778232,1,178
"2228",-55.375,-74.9375,68.284692162866,2,172.826395670573
"2229",-55.375,-74.8125,61.3593296305338,3,179.826395670573
"2230",-55.375,-74.6875,52.3537967936198,1,172
"2231",-55.375,-74.5625,59.8546819616247,3,174.559041341146
"2232",-55.375,-74.4375,70.4869683322297,11,179.559041341146
"2233",-55.375,-74.3125,43.378125,16,138
"2234",-55.375,-74.1875,89.0681818181818,25,165
"2235",-55.375,-74.0625,123.914488150403,41,180
"2236",-55.375,-73.9375,135.220746845218,39,176.958333333333
"2237",-55.375,-73.8125,154.734518515097,40,180
"2238",-55.375,-73.6875,171.230769230769,165,180
"2239",-55.375,-73.5625,121.625,75,179
"2240",-55.375,-73.4375,147.5,118,177
"2241",-55.375,-73.3125,134.833333333333,114,174
"2242",-55.375,-73.1875,75,75,75
"2243",-55.375,-73.0625,76.2,75,77
"2244",-55.375,-72.9375,81.7777777777778,78,85
"2245",-55.375,-72.6875,109.142857142857,93,122
"2246",-55.375,-72.0625,128,127,129
"2247",-55.375,-69.8125,115,115,115
"2248",-55.375,-69.6875,116,116,116
"2249",-55.375,-69.5625,123,123,123
"2250",-55.375,-66.8125,66.5,66,67
"2251",-55.375,-66.6875,70,68,72
"2252",-55.375,-66.5625,106.741176470588,58,180
"2253",-55.375,-66.4375,113.573770491803,59,179
"2254",-55.375,-66.3125,83.9,64,174
"2255",-55.375,-66.1875,115.804597701149,68,172
"2256",-55.375,-66.0625,123.089005235602,67,180
"2257",-55.375,-65.9375,130.832298136646,76,180
"2258",-55.375,-65.8125,124.237785016287,80,163
"2259",-55.375,-65.6875,127.990506329114,81,178
"2260",-55.375,-65.5625,132.368983957219,9,180
"2261",-55.375,-65.4375,119.752403846154,3,180
"2262",-55.375,-65.3125,103.741648106904,3,180
"2263",-55.375,-65.1875,93.8998242530756,7,180
"2264",-55.375,-65.0625,83.9456193353474,1,180
"2265",-55.375,-64.9375,74.5722543352601,2,180
"2266",-55.375,-64.8125,67.7514124293785,3,180
"2267",-55.375,-64.6875,60.958833619211,1,180
"2268",-55.375,-64.5625,63.3045454545455,2,180
"2269",-55.375,-64.4375,61.363309352518,3,180
"2270",-55.375,-64.3125,66.4621468926554,4,180
"2271",-55.375,-64.1875,65.2584951456311,9,180
"2272",-55.375,-64.0625,67.1844660194175,13,178
"2273",-55.375,-63.9375,74.9630118890357,17,179
"2274",-55.375,-63.8125,91.693856998993,22,180
"2275",-55.375,-63.6875,96.1964269822644,27,180
"2276",-55.375,-63.5625,103.872558563248,32,180
"2277",-55.375,-63.4375,129.668233783428,36,180
"2278",-55.375,-63.3125,146.709618406869,97,179.225708007812
"2279",-55.375,-63.1875,109.293109560476,38.8993072509766,180
"2280",-55.375,-63.0625,109.650019367433,38,180
"2281",-55.375,-62.9375,124.311355850913,23,180
"2282",-55.375,-62.8125,118.370178105581,22,180
"2283",-55.375,-62.6875,121.894483895777,24,180
"2284",-55.375,-62.5625,112.369267648427,8,180
"2285",-55.375,-62.4375,77.2603489160538,1,180
"2286",-55.375,-62.3125,65.2859350403743,1,180
"2287",-55.375,-62.1875,64.4185846883784,3,180
"2288",-55.375,-62.0625,81.1318550109863,6,180
"2289",-55.375,-61.9375,105.300868131403,13,180
"2290",-55.375,-61.8125,112.083628949826,29,180
"2291",-55.375,-61.6875,112.714860194309,23,180
"2292",-55.375,-61.5625,145.493715658955,25,179
"2293",-55.375,-61.4375,147.5,145,150
"2294",-55.375,-61.3125,176.694458007812,176.694458007812,176.694458007812
"2295",-55.375,-61.1875,178.500879923503,177.694458007812,179.39931233724
"2296",-55.375,-60.9375,128.777902512323,56.4583333333333,179
"2297",-55.375,-60.8125,118.322549258961,49,180
"2298",-55.375,-60.6875,112.828896699128,66.9965311686198,177
"2299",-55.375,-60.5625,125.6,54,171
"2300",-55.375,-60.4375,132.733333333333,88,178
"2301",-55.375,-60.3125,135,85,175
"2302",-55.375,-60.1875,125.222222222222,79,165
"2303",-55.375,-60.0625,155.5,128,180
"2304",-55.375,-59.9375,165.315789473684,140,180
"2305",-55.375,-59.8125,143.215579710145,116,174
"2306",-55.375,-59.6875,150.75,116,172
"2307",-55.375,-59.5625,156.5,117,173
"2308",-55.375,-59.4375,156.5,118,176
"2309",-55.375,-59.3125,149.166666666667,120,165
"2310",-55.375,-59.1875,139.666666666667,104,180
"2311",-55.375,-59.0625,153.625,106,178
"2312",-55.375,-58.9375,171,167,178
"2313",-55.375,-58.8125,167.652777777778,154,179
"2314",-55.375,-58.6875,173,173,173
"2315",-55.375,-58.5625,165.333333333333,159,171
"2316",-55.375,-58.4375,174.5,171,178
"2317",-55.375,-58.3125,177.25,176,179
"2318",-55.375,-58.1875,170,170,170
"2319",-55.375,-58.0625,166.739583333333,161,173.958333333333
"2320",-55.375,-57.9375,157.666666666667,142,167
"2321",-55.375,-57.8125,166.2,143,174
"2322",-55.375,-57.6875,161.083333333333,144,166
"2323",-55.375,-57.5625,152.4,145,158
"2324",-55.375,-57.4375,159.833333333333,147,178
"2325",-55.375,-57.1875,179,178,180
"2326",-55.125,-75.1875,110.349307250977,83.9618072509766,136.892364501953
"2327",-55.125,-75.0625,137.35007585798,95,180
"2328",-55.125,-74.9375,106.30948200318,3,176
"2329",-55.125,-74.8125,99.2746566662685,4,170.954874674479
"2330",-55.125,-74.6875,86.5820562756622,3,180
"2331",-55.125,-74.5625,78.0224497733126,4,180
"2332",-55.125,-74.4375,92.3226883312887,9,176.527791341146
"2333",-55.125,-74.3125,67.818108974359,16,135
"2334",-55.125,-74.1875,93.6465297444662,24,155.96528116862
"2335",-55.125,-74.0625,136.668497542889,40,175
"2336",-55.125,-73.9375,140.603057861328,37,178
"2337",-55.125,-73.8125,147.496881103516,39,165.96181233724
"2338",-55.125,-73.6875,152.275573730469,72,175.96181233724
"2339",-55.125,-73.5625,111.36545308431,74,178.96181233724
"2340",-55.125,-73.3125,135.032258064516,70,172
"2341",-55.125,-73.1875,72.5,71,74
"2342",-55.125,-72.6875,106.3,96,125
"2343",-55.125,-69.6875,117,117,117
"2344",-55.125,-69.5625,118,118,118
"2345",-55.125,-69.4375,123.166666666667,121,126
"2346",-55.125,-69.3125,130,127,133
"2347",-55.125,-69.1875,136.5,134,139
"2348",-55.125,-69.0625,142,140,144
"2349",-55.125,-68.6875,165.5,165,166
"2350",-55.125,-68.5625,168.5,167,170
"2351",-55.125,-68.4375,171,171,171
"2352",-55.125,-66.5625,110,65,174
"2353",-55.125,-66.4375,121.586538461538,77,180
"2354",-55.125,-66.3125,115.258620689655,70,179
"2355",-55.125,-66.1875,120.315789473684,76,180
"2356",-55.125,-66.0625,114.5,80,175
"2357",-55.125,-65.9375,119.051020408163,77,172
"2358",-55.125,-65.8125,126.324840764331,84,180
"2359",-55.125,-65.6875,130.030973451327,85,180
"2360",-55.125,-65.5625,131.882113821138,55,180
"2361",-55.125,-65.4375,129.929260450161,4,180
"2362",-55.125,-65.3125,123.987113402062,5,180
"2363",-55.125,-65.1875,123.720930232558,7,180
"2364",-55.125,-65.0625,67.3740310077519,0,180
"2365",-55.125,-64.9375,70.9265306122449,1,179
"2366",-55.125,-64.8125,63.5747572815534,0,180
"2367",-55.125,-64.6875,51.3540489642185,1,180
"2368",-55.125,-64.5625,54.6908077994429,2,180
"2369",-55.125,-64.4375,67.6330409356725,4,180
"2370",-55.125,-64.3125,63.6192411924119,6,179
"2371",-55.125,-64.1875,71.7516005121639,9,180
"2372",-55.125,-64.0625,72.667100130039,13,180
"2373",-55.125,-63.9375,81.7316784869976,18,180
"2374",-55.125,-63.8125,96.5333333333333,23,180
"2375",-55.125,-63.6875,104.776465110834,28,180
"2376",-55.125,-63.5625,99.7585959085604,35,180
"2377",-55.125,-63.4375,113.225993877671,36,179.277791341146
"2378",-55.125,-63.3125,102.262612519441,40,179.854166666667
"2379",-55.125,-63.1875,98.4508905461548,37.8993072509766,180
"2380",-55.125,-63.0625,103.604779037664,36,180
"2381",-55.125,-62.9375,119.614226229051,32,180
"2382",-55.125,-62.8125,119.679469856883,19,180
"2383",-55.125,-62.6875,117.11391618215,14,180
"2384",-55.125,-62.5625,109.639355899684,7,180
"2385",-55.125,-62.4375,63.8000386398764,0,180
"2386",-55.125,-62.3125,55.8686868686869,1,180
"2387",-55.125,-62.1875,60.2281682641108,3,180
"2388",-55.125,-62.0625,60.505877385374,4,179
"2389",-55.125,-61.9375,94.9067882792155,7,180
"2390",-55.125,-61.8125,110.45885922456,11,180
"2391",-55.125,-61.6875,107.41727359305,21,179.142374674479
"2392",-55.125,-61.5625,124.139286586217,25,180
"2393",-55.125,-61.4375,139.147917344835,26,178
"2394",-55.125,-61.3125,108,76,140
"2395",-55.125,-61.0625,61.0533854166667,28.9375,157
"2396",-55.125,-60.9375,137.932432432432,61,178
"2397",-55.125,-60.8125,113.737506312183,48,179
"2398",-55.125,-60.6875,116.228521873837,45,174
"2399",-55.125,-60.5625,120.1005859375,46,180
"2400",-55.125,-60.4375,107.421052631579,33,164
"2401",-55.125,-60.3125,130.843967013889,55,180
"2402",-55.125,-60.1875,119.790658602151,42,179
"2403",-55.125,-60.0625,143.628571428571,87,180
"2404",-55.125,-59.9375,139.883012820513,65,177
"2405",-55.125,-59.8125,130.272727272727,64,180
"2406",-55.125,-59.6875,135.578947368421,61,175
"2407",-55.125,-59.5625,144,81,177
"2408",-55.125,-59.4375,149.210526315789,111,176
"2409",-55.125,-59.3125,143.157894736842,103,170
"2410",-55.125,-59.1875,161.545454545455,104,180
"2411",-55.125,-59.0625,158.944444444444,121,180
"2412",-55.125,-58.9375,170.375,165,174
"2413",-55.125,-58.8125,152.5,152,153
"2414",-55.125,-58.6875,169,157,178
"2415",-55.125,-58.5625,160.479166666667,158,162.958333333333
"2416",-55.125,-58.4375,176.5,176,177
"2417",-55.125,-58.3125,176.979166666667,175.958333333333,178
"2418",-55.125,-58.1875,180,180,180
"2419",-55.125,-58.0625,158.986111111111,140,174.958333333333
"2420",-55.125,-57.9375,159,141,171
"2421",-55.125,-57.8125,173,173,173
"2422",-55.125,-57.6875,166.25,165,167
"2423",-55.125,-57.5625,179,179,179
"2424",-55.125,-57.1875,176.5,176,177
"2425",-54.875,-75.1875,138.392364501953,137.892364501953,138.892364501953
"2426",-54.875,-75.0625,139.824931094521,84.9618072509766,172.694458007812
"2427",-54.875,-74.9375,126.172945071489,4,179.954874674479
"2428",-54.875,-74.8125,113.801469208092,5,180
"2429",-54.875,-74.6875,86.9113818852588,5,179.850708007812
"2430",-54.875,-74.5625,58.875331737377,6,161.9375
"2431",-54.875,-74.4375,104.795017179304,9,176.791666666667
"2432",-54.875,-74.3125,98.2292223808093,19,179.791666666667
"2433",-54.875,-74.1875,135.809515664744,38,176.545145670573
"2434",-54.875,-74.0625,111.396050771077,34,169
"2435",-54.875,-73.9375,112.777777777778,36,170
"2436",-54.875,-73.8125,129.367362467448,67,173
"2437",-54.875,-73.6875,171.420145670573,165.33681233724,174.96181233724
"2438",-54.875,-73.5625,109.36545308431,83,179.96181233724
"2439",-54.875,-73.4375,81,81,81
"2440",-54.875,-73.3125,137,68,156
"2441",-54.875,-73.1875,99.5354953342014,68,172.819458007812
"2442",-54.875,-73.0625,176.819458007812,173.819458007812,179.819458007812
"2443",-54.875,-72.6875,117.454545454545,102,131
"2444",-54.875,-72.5625,117.5,107,128
"2445",-54.875,-69.5625,119.5,119,120
"2446",-54.875,-69.0625,145,145,145
"2447",-54.875,-68.9375,148.857142857143,146,151
"2448",-54.875,-68.8125,155.428571428571,152,159
"2449",-54.875,-68.6875,162,160,164
"2450",-54.875,-68.4375,173,172,174
"2451",-54.875,-68.3125,176,175,177
"2452",-54.875,-68.1875,179,178,180
"2453",-54.875,-66.5625,89.25,67,111
"2454",-54.875,-66.4375,125.477272727273,66,180
"2455",-54.875,-66.3125,121.260606060606,82,180
"2456",-54.875,-66.1875,121.773333333333,79,178
"2457",-54.875,-66.0625,108.775862068966,84,180
"2458",-54.875,-65.9375,134.945205479452,85,180
"2459",-54.875,-65.8125,121,90,167
"2460",-54.875,-65.6875,127.284403669725,94,179
"2461",-54.875,-65.5625,128.125984251969,93,180
"2462",-54.875,-65.4375,129.66049382716,11,180
"2463",-54.875,-65.3125,129.26872246696,7,179
"2464",-54.875,-65.1875,123.689655172414,8,180
"2465",-54.875,-65.0625,115.959090909091,1,180
"2466",-54.875,-64.9375,103.282258064516,1,180
"2467",-54.875,-64.8125,100.780172413793,4,180
"2468",-54.875,-64.6875,73.8005464480874,1,180
"2469",-54.875,-64.5625,50.1546961325967,2,180
"2470",-54.875,-64.4375,59.9392097264438,3,179
"2471",-54.875,-64.3125,64.6305841924399,7,180
"2472",-54.875,-64.1875,63.9491525423729,2,180
"2473",-54.875,-64.0625,68.193595342067,3,179
"2474",-54.875,-63.9375,74.533734939759,5,180
"2475",-54.875,-63.8125,84.8181818181818,21,180
"2476",-54.875,-63.6875,87.1086675291074,27,180
"2477",-54.875,-63.5625,93.1298228133011,31,180
"2478",-54.875,-63.4375,92.7248032664851,33,180
"2479",-54.875,-63.3125,101.061716929726,34,180
"2480",-54.875,-63.1875,108.743897680706,26,180
"2481",-54.875,-63.0625,106.574629559222,23,180
"2482",-54.875,-62.9375,123.200072685141,14,180
"2483",-54.875,-62.8125,111.874187244106,13,180
"2484",-54.875,-62.6875,107.288233940047,9,180
"2485",-54.875,-62.5625,85.3794851794072,8,180
"2486",-54.875,-62.4375,80.3176843317972,1,180
"2487",-54.875,-62.3125,51.517503805175,1,178
"2488",-54.875,-62.1875,60.516717325228,3,180
"2489",-54.875,-62.0625,59.2441020948157,5,179.809041341146
"2490",-54.875,-61.9375,78.2607855790992,7,177
"2491",-54.875,-61.8125,87.7973958931717,11,180
"2492",-54.875,-61.6875,105.48878973098,13,180
"2493",-54.875,-61.5625,130.168643413263,25,180
"2494",-54.875,-61.4375,130.299924028598,27,180
"2495",-54.875,-61.3125,120.828704833984,77,146.486114501953
"2496",-54.875,-61.1875,57.5,57,58
"2497",-54.875,-61.0625,102.183877032736,28,175
"2498",-54.875,-60.9375,97.7373470155533,27,174
"2499",-54.875,-60.8125,108.906004689084,43,180
"2500",-54.875,-60.6875,117.656141599019,47,174
"2501",-54.875,-60.5625,97.827850877193,51,179
"2502",-54.875,-60.4375,108.850996376812,40,178
"2503",-54.875,-60.3125,123.922135416667,46,180
"2504",-54.875,-60.1875,128.466634114583,34,178
"2505",-54.875,-60.0625,141.708333333333,42,179
"2506",-54.875,-59.9375,129.029947916667,37,173
"2507",-54.875,-59.8125,130.625,38,180
"2508",-54.875,-59.6875,150.541666666667,111,180
"2509",-54.875,-59.5625,137.307692307692,60,171
"2510",-54.875,-59.4375,149.5625,108,177
"2511",-54.875,-59.3125,147.857142857143,102,180
"2512",-54.875,-59.1875,153.090909090909,134,178
"2513",-54.875,-59.0625,157.666666666667,132,177
"2514",-54.875,-58.9375,141.5,125,173
"2515",-54.875,-58.8125,153.333333333333,114,177
"2516",-54.875,-58.6875,161.239583333333,150,170
"2517",-54.875,-58.5625,170,170,170
"2518",-54.875,-58.4375,165,165,165
"2519",-54.875,-58.3125,169.5,164,175
"2520",-54.875,-58.1875,169,163,175
"2521",-54.875,-58.0625,157.333333333333,139,167
"2522",-54.875,-57.9375,165.305555555556,160.958333333333,168
"2523",-54.875,-57.6875,169,168,170
"2524",-54.875,-57.5625,174.333333333333,171,180
"2525",-54.875,-57.4375,173.5,173,174
"2526",-54.875,-57.3125,175,175,175
"2527",-54.875,-56.8125,175.5,175,176
"2528",-54.875,-56.6875,177,177,177
"2529",-54.875,-56.5625,178,178,178
"2530",-54.625,-75.1875,105.5,105,106
"2531",-54.625,-75.0625,141.669074425331,100,175.694458007812
"2532",-54.625,-74.9375,100.906315462089,7,164.833333333333
"2533",-54.625,-74.8125,111.598562497145,6,174
"2534",-54.625,-74.6875,74.9017419767617,7,159
"2535",-54.625,-74.5625,92.9607550944757,7,165.548614501953
"2536",-54.625,-74.4375,72.0010252080412,10,170.548614501953
"2537",-54.625,-74.3125,116.328708224826,15,179.642374674479
"2538",-54.625,-74.1875,121.36817062542,32,177.545145670573
"2539",-54.625,-74.0625,136.693925984701,33,179.545145670573
"2540",-54.625,-73.9375,152.744885896382,65,171
"2541",-54.625,-73.8125,141.211018880208,64,175
"2542",-54.625,-73.6875,162.391205964265,67,179
"2543",-54.625,-73.5625,115.333333333333,82,180
"2544",-54.625,-73.4375,78.3333333333333,76,80
"2545",-54.625,-73.3125,116.5,66,141
"2546",-54.625,-73.1875,144.864590962728,67,171.819458007812
"2547",-54.625,-72.6875,122.5,109,136
"2548",-54.625,-72.5625,108,108,108
"2549",-54.625,-68.8125,156,156,156
"2550",-54.625,-66.4375,123.2,72,176
"2551",-54.625,-66.3125,128.903846153846,74,180
"2552",-54.625,-66.1875,122.302469135802,87,180
"2553",-54.625,-66.0625,134.30243902439,97,180
"2554",-54.625,-65.9375,141.069444444444,105,179
"2555",-54.625,-65.8125,143.551020408163,112,180
"2556",-54.625,-65.6875,149.26,97,171
"2557",-54.625,-65.5625,135.384615384615,98,180
"2558",-54.625,-65.4375,131.272727272727,102,177
"2559",-54.625,-65.3125,129.24,12,171
"2560",-54.625,-65.1875,128.333333333333,10,180
"2561",-54.625,-65.0625,125.8,1,180
"2562",-54.625,-64.9375,117.093023255814,2,180
"2563",-54.625,-64.8125,71.6239669421488,0,174
"2564",-54.625,-64.6875,39.8191721132898,1,180
"2565",-54.625,-64.5625,55.5273311897106,2,180
"2566",-54.625,-64.4375,47.3469387755102,0,180
"2567",-54.625,-64.3125,52.3730017761989,1,179
"2568",-54.625,-64.1875,54.4077868852459,2,180
"2569",-54.625,-64.0625,48.7361111111111,0,179
"2570",-54.625,-63.9375,66.4848901098901,1,180
"2571",-54.625,-63.8125,72.8150510204082,2,180
"2572",-54.625,-63.6875,81.9177126917713,5,180
"2573",-54.625,-63.5625,87.0660847880299,28,179
"2574",-54.625,-63.4375,91.9475500937176,31,180
"2575",-54.625,-63.3125,97.675453662594,8,180
"2576",-54.625,-63.1875,109.625459072832,7,180
"2577",-54.625,-63.0625,109.835897562797,8,180
"2578",-54.625,-62.9375,113.025031668464,13,180
"2579",-54.625,-62.8125,108.556194580078,16,180
"2580",-54.625,-62.6875,100.626435838304,7,180
"2581",-54.625,-62.5625,85.2183289822942,3,180
"2582",-54.625,-62.4375,53.8469656992084,0,178
"2583",-54.625,-62.3125,52.7637362637363,1,179
"2584",-54.625,-62.1875,54.7516960651289,3,180
"2585",-54.625,-62.0625,55.7455778576079,6,180
"2586",-54.625,-61.9375,61.4058956620256,8,180
"2587",-54.625,-61.8125,69.3804911532143,10,180
"2588",-54.625,-61.6875,88.2901038380696,13,179
"2589",-54.625,-61.5625,124.979064916535,17,180
"2590",-54.625,-61.4375,115.728464533774,21,180
"2591",-54.625,-61.3125,122.978249795782,26,180
"2592",-54.625,-61.1875,106.713052081247,30,179
"2593",-54.625,-61.0625,102.595775604248,34,180
"2594",-54.625,-60.9375,97.8581004465099,25,177
"2595",-54.625,-60.8125,106.557688758487,32.8333333333333,178
"2596",-54.625,-60.6875,117.700080613583,40,177.440979003906
"2597",-54.625,-60.5625,109.253968253968,32,169
"2598",-54.625,-60.4375,107.681953463203,41,166
"2599",-54.625,-60.3125,120.972401936849,42,180
"2600",-54.625,-60.1875,121.689374005353,30,180
"2601",-54.625,-60.0625,133.556985294118,44,178
"2602",-54.625,-59.9375,127.833575581395,36,178
"2603",-54.625,-59.8125,124.025462962963,35,179
"2604",-54.625,-59.6875,149.5,112,180
"2605",-54.625,-59.5625,154.5,59,179
"2606",-54.625,-59.4375,134.176470588235,58,178
"2607",-54.625,-59.3125,143.666666666667,101,180
"2608",-54.625,-59.1875,153.5,135,179
"2609",-54.625,-59.0625,157,121,180
"2610",-54.625,-58.9375,152.454545454545,113,177
"2611",-54.625,-58.8125,152.666666666667,121,171
"2612",-54.625,-58.6875,149.428571428571,115,180
"2613",-54.625,-58.5625,150.555555555556,139,177
"2614",-54.625,-58.4375,164.875,142,179
"2615",-54.625,-58.3125,175,174,176
"2616",-54.625,-58.1875,168.555555555556,138,177
"2617",-54.625,-58.0625,170,168,172
"2618",-54.625,-57.9375,174.5,174,176
"2619",-54.625,-57.8125,175,175,175
"2620",-54.625,-57.5625,174,174,174
"2621",-54.625,-56.9375,173.5,173,174
"2622",-54.625,-56.5625,179,179,179
"2623",-54.375,-75.1875,107.5,107,108
"2624",-54.375,-75.0625,138.834724934896,9,177.694458007812
"2625",-54.375,-74.9375,105.505556945801,8,167.833333333333
"2626",-54.375,-74.8125,111.504728168461,7,180
"2627",-54.375,-74.6875,95.8823529411765,10,167
"2628",-54.375,-74.5625,77.1386370109789,10,174
"2629",-54.375,-74.4375,76.5601857503255,13,180
"2630",-54.375,-74.3125,68.1472820705838,22,144
"2631",-54.375,-74.1875,121.17458577474,31,180
"2632",-54.375,-74.0625,131.744216918945,63,158.847229003906
"2633",-54.375,-73.9375,64.8333333333333,61,70
"2634",-54.375,-73.8125,58.8819447835286,43,151.819447835286
"2635",-54.375,-73.6875,136.281253178914,48,178
"2636",-54.375,-73.5625,179.5,179,180
"2637",-54.375,-73.4375,74,73,75
"2638",-54.375,-73.3125,114.394180540055,63,167.819447835286
"2639",-54.375,-73.1875,168.819447835286,168.819447835286,168.819447835286
"2640",-54.375,-72.6875,141.142857142857,114,154
"2641",-54.375,-66.3125,138,100,169
"2642",-54.375,-66.1875,123.88679245283,75,180
"2643",-54.375,-66.0625,127.535714285714,91,175
"2644",-54.375,-65.9375,138.655405405405,102,180
"2645",-54.375,-65.8125,143.248120300752,111,180
"2646",-54.375,-65.6875,138.967741935484,112,169
"2647",-54.375,-65.5625,144.146341463415,115,179
"2648",-54.375,-65.4375,157.8625,111,180
"2649",-54.375,-65.3125,154.433734939759,112,180
"2650",-54.375,-65.1875,143.912698412698,16,180
"2651",-54.375,-65.0625,136.108910891089,3,180
"2652",-54.375,-64.9375,131.457142857143,3,180
"2653",-54.375,-64.8125,126.371212121212,1,180
"2654",-54.375,-64.6875,95.5583333333333,1,177
"2655",-54.375,-64.5625,84.9810126582279,2,180
"2656",-54.375,-64.4375,75.8863636363636,1,179
"2657",-54.375,-64.3125,60.2219251336898,1,180
"2658",-54.375,-64.1875,55.4808612440191,2,179
"2659",-54.375,-64.0625,50.7520798668885,1,179
"2660",-54.375,-63.9375,51.0070521861777,1,178
"2661",-54.375,-63.8125,69.4033290653009,3,180
"2662",-54.375,-63.6875,74.1059782608696,5,180
"2663",-54.375,-63.5625,85.2134146341463,8,180
"2664",-54.375,-63.4375,88.7001477104874,12,180
"2665",-54.375,-63.3125,88.4174573055029,4,180
"2666",-54.375,-63.1875,82.4479973067686,6,180
"2667",-54.375,-63.0625,109.284375700733,10,180
"2668",-54.375,-62.9375,113.697159090909,19,180
"2669",-54.375,-62.8125,114.064257028112,13,180
"2670",-54.375,-62.6875,99.6094784351105,6,180
"2671",-54.375,-62.5625,76.5856301341897,2,180
"2672",-54.375,-62.4375,59.6128550074738,1,180
"2673",-54.375,-62.3125,50.1602564102564,1,180
"2674",-54.375,-62.1875,52.2655699177438,3,180
"2675",-54.375,-62.0625,60.4158607350097,4,180
"2676",-54.375,-61.9375,68.9678754189953,5,180
"2677",-54.375,-61.8125,77.4023581943723,11,180
"2678",-54.375,-61.6875,72.7050558868545,12,180
"2679",-54.375,-61.5625,92.4581427470379,14,180
"2680",-54.375,-61.4375,97.1650466127749,15,180
"2681",-54.375,-61.3125,100.643114572548,19,180
"2682",-54.375,-61.1875,103.841205668005,21,180
"2683",-54.375,-61.0625,104.111658571899,24,180
"2684",-54.375,-60.9375,99.4094530855245,25,179.3125
"2685",-54.375,-60.8125,107.035584350275,26,180
"2686",-54.375,-60.6875,116.027627143307,47,176
"2687",-54.375,-60.5625,122.665100895501,39,178
"2688",-54.375,-60.4375,110.75170361021,47,174
"2689",-54.375,-60.3125,99.787962962963,29,172
"2690",-54.375,-60.1875,101.888888888889,44,179
"2691",-54.375,-60.0625,117.523059290698,34,180
"2692",-54.375,-59.9375,105.491730013761,35,180
"2693",-54.375,-59.8125,126.829776422764,79,180
"2694",-54.375,-59.6875,131.884615384615,77,176
"2695",-54.375,-59.5625,145.846153846154,84,174
"2696",-54.375,-59.4375,136.5,56,175
"2697",-54.375,-59.3125,142.866666666667,105,174
"2698",-54.375,-59.1875,150,100,175
"2699",-54.375,-59.0625,137.789473684211,112,167
"2700",-54.375,-58.9375,139.538461538462,117,166
"2701",-54.375,-58.8125,147.590909090909,118,175
"2702",-54.375,-58.6875,153.789473684211,116,180
"2703",-54.375,-58.5625,160,123,179
"2704",-54.375,-58.3125,178,178,178
"2705",-54.375,-58.1875,172.5,172,173
"2706",-54.375,-57.8125,173,173,173
"2707",-54.375,-57.5625,172,172,172
"2708",-54.375,-57.4375,172,171,173
"2709",-54.375,-57.3125,172,172,172
"2710",-54.375,-57.0625,167,167,167
"2711",-54.375,-56.9375,170,168,172
"2712",-54.375,-56.5625,180,180,180
"2713",-54.125,-75.1875,158.428571428571,109,180
"2714",-54.125,-75.0625,168.437965223524,145.892364501953,179.694458007812
"2715",-54.125,-74.9375,121.468825536417,10,174.833333333333
"2716",-54.125,-74.8125,105.234042553191,7,167
"2717",-54.125,-74.6875,96.3157894736842,12,145
"2718",-54.125,-74.5625,82.4262154897054,15,156
"2719",-54.125,-74.4375,74.7174587989038,17,167
"2720",-54.125,-74.3125,116.539583914621,21,174
"2721",-54.125,-74.1875,116.084152520872,57,177
"2722",-54.125,-74.0625,101.825761274858,38,152.847229003906
"2723",-54.125,-73.9375,51.0833333333333,40,68
"2724",-54.125,-73.8125,45,45,45
"2725",-54.125,-73.6875,79.4989326672676,49,171.847229003906
"2726",-54.125,-73.5625,137.024309794108,71,177.33681233724
"2727",-54.125,-73.4375,103.545635405041,60,163.819447835286
"2728",-54.125,-73.3125,100.512821295323,61,179.847229003906
"2729",-54.125,-72.8125,163,162,164
"2730",-54.125,-72.6875,144.916666666667,117,161
"2731",-54.125,-66.3125,151.857142857143,148,155
"2732",-54.125,-66.1875,121.8,76,172
"2733",-54.125,-66.0625,123.552631578947,77,176
"2734",-54.125,-65.9375,133,98,180
"2735",-54.125,-65.8125,131.857142857143,107,167
"2736",-54.125,-65.6875,135.921875,116,170
"2737",-54.125,-65.5625,147.809523809524,119,176
"2738",-54.125,-65.4375,151.673267326733,126,180
"2739",-54.125,-65.3125,155.604938271605,134,180
"2740",-54.125,-65.1875,157.779220779221,111,180
"2741",-54.125,-65.0625,147.034482758621,112,180
"2742",-54.125,-64.9375,142.355555555556,4,176
"2743",-54.125,-64.8125,138.769230769231,5,179
"2744",-54.125,-64.6875,143,2,180
"2745",-54.125,-64.5625,118.875,2,178
"2746",-54.125,-64.4375,108.132231404959,1,180
"2747",-54.125,-64.3125,85.85,2,180
"2748",-54.125,-64.1875,78.7142857142857,2,180
"2749",-54.125,-64.0625,40.6126315789474,0,180
"2750",-54.125,-63.9375,41.2825342465753,2,180
"2751",-54.125,-63.8125,57.5441640378549,3,179
"2752",-54.125,-63.6875,67.3982683982684,5,180
"2753",-54.125,-63.5625,70.7052489905787,5,180
"2754",-54.125,-63.4375,70.9720588235294,3,180
"2755",-54.125,-63.3125,73.6874115983027,4,180
"2756",-54.125,-63.1875,73.1858592849324,8,180
"2757",-54.125,-63.0625,99.4960048471459,11,180
"2758",-54.125,-62.9375,114.032324650456,14,180
"2759",-54.125,-62.8125,108.017470519183,4,180
"2760",-54.125,-62.6875,83.6016450201084,3,180
"2761",-54.125,-62.5625,58.3594524278256,2,180
"2762",-54.125,-62.4375,52.9013674391914,0,180
"2763",-54.125,-62.3125,51.8751090234564,1,180
"2764",-54.125,-62.1875,52.2843519286481,3,180
"2765",-54.125,-62.0625,46.0480167014614,0,180
"2766",-54.125,-61.9375,73.7774557955438,2,180
"2767",-54.125,-61.8125,78.8131765976451,14,178
"2768",-54.125,-61.6875,83.9113171949763,6,180
"2769",-54.125,-61.5625,91.7925840173877,10,180
"2770",-54.125,-61.4375,109.689043354538,16,180
"2771",-54.125,-61.3125,103.877731384441,17.5590286254883,179.850708007812
"2772",-54.125,-61.1875,108.329811834822,21.8263905843099,174
"2773",-54.125,-61.0625,114.845991251666,23,179.74306233724
"2774",-54.125,-60.9375,107.621560564401,24,180
"2775",-54.125,-60.8125,98.7029419577146,29,178.861124674479
"2776",-54.125,-60.6875,107.029861569872,28,180
"2777",-54.125,-60.5625,119.30303030303,49,179
"2778",-54.125,-60.4375,120.794871794872,40,180
"2779",-54.125,-60.3125,106.735294117647,37,180
"2780",-54.125,-60.1875,111.772916666667,36.8333333333333,176
"2781",-54.125,-60.0625,101.24958674113,34,179.43056233724
"2782",-54.125,-59.9375,112.172954250026,35,180
"2783",-54.125,-59.8125,135.574900890532,76,179.510416666667
"2784",-54.125,-59.6875,135.08,74,177
"2785",-54.125,-59.5625,124.733333333333,92,178
"2786",-54.125,-59.4375,144.357142857143,55,176
"2787",-54.125,-59.3125,142.923076923077,104,177
"2788",-54.125,-59.1875,134.55,100,176
"2789",-54.125,-59.0625,124.928571428571,100,170
"2790",-54.125,-58.9375,141.315789473684,99,174
"2791",-54.125,-58.8125,150,131,180
"2792",-54.125,-58.6875,166,131,180
"2793",-54.125,-58.5625,147.428571428571,124,178
"2794",-54.125,-58.4375,180,180,180
"2795",-54.125,-58.3125,174,174,174
"2796",-54.125,-58.1875,136.5,136,137
"2797",-54.125,-57.4375,170,170,170
"2798",-54.125,-57.1875,171,171,171
"2799",-54.125,-57.0625,155.666666666667,150,166
"2800",-54.125,-56.9375,153,152,154
"2801",-54.125,-56.8125,155,155,155
"2802",-53.875,-75.1875,134.104166666667,111,179.3125
"2803",-53.875,-75.0625,170.99503968254,160,179.833333333333
"2804",-53.875,-74.9375,130.456904991,11,171
"2805",-53.875,-74.8125,113.812085571289,8,180
"2806",-53.875,-74.6875,153.467343991941,24,179.864583333333
"2807",-53.875,-74.5625,124.773289874317,22,173
"2808",-53.875,-74.4375,126.977972312052,19,180
"2809",-53.875,-74.3125,129.372354658823,20,180
"2810",-53.875,-74.1875,106.222225613064,55,144.847229003906
"2811",-53.875,-74.0625,98.5384615384615,36,180
"2812",-53.875,-73.9375,70.25,55,104
"2813",-53.875,-73.8125,109.7,106,114
"2814",-53.875,-73.6875,84.3333333333333,52,117
"2815",-53.875,-73.5625,105.150348917643,53,179.33681233724
"2816",-53.875,-73.4375,100.703503594882,56,177.847229003906
"2817",-53.875,-73.3125,133.423614501953,88,178.847229003906
"2818",-53.875,-72.8125,166,165,167
"2819",-53.875,-72.6875,122,121,123
"2820",-53.875,-66.1875,141.5,104,160
"2821",-53.875,-66.0625,122.171428571429,79,175
"2822",-53.875,-65.9375,119.060606060606,80,142
"2823",-53.875,-65.8125,124.681818181818,83,160
"2824",-53.875,-65.6875,128.25,86,169
"2825",-53.875,-65.5625,135.9,89,172
"2826",-53.875,-65.4375,138.093023255814,91,174
"2827",-53.875,-65.3125,139.695652173913,95,176
"2828",-53.875,-65.1875,142.28,97,179
"2829",-53.875,-65.0625,143.111111111111,99,180
"2830",-53.875,-64.9375,142.844444444444,102,180
"2831",-53.875,-64.8125,142.921875,105,172
"2832",-53.875,-64.6875,141.7,2,176
"2833",-53.875,-64.5625,144.24358974359,3,180
"2834",-53.875,-64.4375,126.076923076923,2,180
"2835",-53.875,-64.3125,111.5,3,180
"2836",-53.875,-64.1875,96.2371794871795,3,180
"2837",-53.875,-64.0625,55.4709302325581,1,180
"2838",-53.875,-63.9375,41.0403669724771,1,180
"2839",-53.875,-63.8125,49.7297762478485,4,175
"2840",-53.875,-63.6875,63.6322008862629,1,175
"2841",-53.875,-63.5625,58.6581709145427,2,180
"2842",-53.875,-63.4375,57.231007751938,3,179
"2843",-53.875,-63.3125,62.9331352154532,5,180
"2844",-53.875,-63.1875,68.3975155279503,7,179
"2845",-53.875,-63.0625,75.8633048430733,11,180
"2846",-53.875,-62.9375,101.508651625902,2,180
"2847",-53.875,-62.8125,82.5277554357994,3,180
"2848",-53.875,-62.6875,55.5933452951461,1,179
"2849",-53.875,-62.5625,47.7662162162162,1,179
"2850",-53.875,-62.4375,53.7045318632747,1,180
"2851",-53.875,-62.3125,59.6540314855257,1,180
"2852",-53.875,-62.1875,58.3179234417491,3,180
"2853",-53.875,-62.0625,47.4804279274027,1,180
"2854",-53.875,-61.9375,60.8976336271867,2,180
"2855",-53.875,-61.8125,73.9378881987578,3,178
"2856",-53.875,-61.6875,86.9115600099795,5,180
"2857",-53.875,-61.5625,99.9176389234976,7,180
"2858",-53.875,-61.4375,108.788018897325,17,180
"2859",-53.875,-61.3125,98.3604060209312,18,180
"2860",-53.875,-61.1875,93.5825743235003,19,179
"2861",-53.875,-61.0625,99.3296868573172,17,179.107645670573
"2862",-53.875,-60.9375,97.6205198415751,18,180
"2863",-53.875,-60.8125,108.18036052577,33,178
"2864",-53.875,-60.6875,104.476818069757,31,180
"2865",-53.875,-60.5625,112.367715274586,29,180
"2866",-53.875,-60.4375,80.8502859975777,36,178
"2867",-53.875,-60.3125,99.153458638908,30,179
"2868",-53.875,-60.1875,97.7932449494949,31,175
"2869",-53.875,-60.0625,108.540352303641,33,180
"2870",-53.875,-59.9375,119.513818811487,41,179
"2871",-53.875,-59.8125,129.616786858974,46,180
"2872",-53.875,-59.6875,126.707317073171,69,180
"2873",-53.875,-59.5625,133.033333333333,90,180
"2874",-53.875,-59.4375,133.825,53,179
"2875",-53.875,-59.3125,148.529411764706,116,178
"2876",-53.875,-59.1875,140.607142857143,99,174
"2877",-53.875,-59.0625,124.6,81,172
"2878",-53.875,-58.9375,129.777777777778,83,168
"2879",-53.875,-58.8125,134.5,78,167
"2880",-53.875,-58.6875,156.75,135,179
"2881",-53.875,-58.5625,153.1,125,180
"2882",-53.875,-58.3125,175.5,175,176
"2883",-53.875,-58.1875,135,135,135
"2884",-53.875,-58.0625,156.666666666667,156,157
"2885",-53.875,-57.9375,154.5,154,155
"2886",-53.875,-57.8125,153,153,153
"2887",-53.875,-57.6875,152,152,152
"2888",-53.875,-57.5625,151,151,151
"2889",-53.875,-57.3125,169,169,169
"2890",-53.875,-57.1875,161.166666666667,147,170
"2891",-53.875,-57.0625,149,149,149
"2892",-53.875,-56.8125,156,156,156
"2893",-53.625,-75.1875,114.2,113,116
"2894",-53.625,-75.0625,150.097223917643,130,167.604166666667
"2895",-53.625,-74.9375,142.537418702833,11,179.986124674479
"2896",-53.625,-74.8125,116.897158425952,10,176
"2897",-53.625,-74.6875,118.904283128343,9,171
"2898",-53.625,-74.5625,118.112093411959,17,180
"2899",-53.625,-74.4375,68.5,18,123
"2900",-53.625,-74.3125,65.4484136672247,37,101
"2901",-53.625,-74.1875,139.307452577533,35,179.840291341146
"2902",-53.625,-74.0625,63.3636363636364,34,175
"2903",-53.625,-73.9375,97,92,102
"2904",-53.625,-73.8125,105,105,105
"2905",-53.625,-73.5625,159.819447835286,159.819447835286,159.819447835286
"2906",-53.625,-73.4375,160.819447835286,160.819447835286,160.819447835286
"2907",-53.625,-72.8125,168.5,168,169
"2908",-53.625,-72.6875,148.5,124,173
"2909",-53.625,-66.1875,156.7,152,162
"2910",-53.625,-66.0625,161.25,109,180
"2911",-53.625,-65.9375,153.51724137931,112,179
"2912",-53.625,-65.8125,177.857142857143,175,180
"2913",-53.625,-65.4375,106.5,92,121
"2914",-53.625,-65.3125,108,94,122
"2915",-53.625,-65.1875,138.5,131,146
"2916",-53.625,-65.0625,148,147,149
"2917",-53.625,-64.9375,152,150,154
"2918",-53.625,-64.8125,159.857142857143,138,166
"2919",-53.625,-64.6875,149.68,125,175
"2920",-53.625,-64.5625,128.290322580645,4,179
"2921",-53.625,-64.4375,142.142857142857,5,180
"2922",-53.625,-64.3125,123.630769230769,3,180
"2923",-53.625,-64.1875,112.458333333333,4,180
"2924",-53.625,-64.0625,50.843949044586,0,180
"2925",-53.625,-63.9375,44.2652173913043,2,176
"2926",-53.625,-63.8125,45.5871833084948,0,177
"2927",-53.625,-63.6875,53.4916985951469,1,180
"2928",-53.625,-63.5625,51.915770609319,2,180
"2929",-53.625,-63.4375,47.5098039215686,4,179
"2930",-53.625,-63.3125,52.3333333333333,4,180
"2931",-53.625,-63.1875,60.4437340153453,5,180
"2932",-53.625,-63.0625,49.2410810810811,0,180
"2933",-53.625,-62.9375,67.3658813761774,1,180
"2934",-53.625,-62.8125,54.5508301732637,0,180
"2935",-53.625,-62.6875,50.2486388384755,1,180
"2936",-53.625,-62.5625,53.2900232018562,1,180
"2937",-53.625,-62.4375,50.8722891566265,2,173
"2938",-53.625,-62.3125,55.5134318456731,3,180
"2939",-53.625,-62.1875,58.2549913559837,4,180
"2940",-53.625,-62.0625,44.2746036531563,0,180
"2941",-53.625,-61.9375,48.6572775739964,1,179
"2942",-53.625,-61.8125,63.4087014911897,3,180
"2943",-53.625,-61.6875,84.359059526946,5,180
"2944",-53.625,-61.5625,96.8140999987234,7,180
"2945",-53.625,-61.4375,87.8784824446136,11,180
"2946",-53.625,-61.3125,81.6645326504481,14,180
"2947",-53.625,-61.1875,80.1244019138756,13,180
"2948",-53.625,-61.0625,84.9122554637768,14,180
"2949",-53.625,-60.9375,91.254281301347,17,180
"2950",-53.625,-60.8125,99.6785635999454,22,179
"2951",-53.625,-60.6875,108.652489904673,31,179.440979003906
"2952",-53.625,-60.5625,102.725198853068,33,176
"2953",-53.625,-60.4375,87.8723404255319,32,173
"2954",-53.625,-60.3125,86.0231331829385,28,180
"2955",-53.625,-60.1875,101.678240784213,33,178
"2956",-53.625,-60.0625,118.127214026398,32,180
"2957",-53.625,-59.9375,113.507209433001,36,178
"2958",-53.625,-59.8125,122.022997835498,46,179
"2959",-53.625,-59.6875,130.398598282425,47.8263905843099,178
"2960",-53.625,-59.5625,129.436789772727,49,179
"2961",-53.625,-59.4375,134.173913043478,51,178
"2962",-53.625,-59.3125,149.5,101,180
"2963",-53.625,-59.1875,136.1,98,177
"2964",-53.625,-59.0625,156.133333333333,126,180
"2965",-53.625,-58.9375,130.384615384615,86,169
"2966",-53.625,-58.8125,118.166666666667,80,179
"2967",-53.625,-58.6875,118.5,73,180
"2968",-53.625,-58.5625,101.25,74,128
"2969",-53.625,-58.4375,178,178,178
"2970",-53.625,-58.3125,177,177,177
"2971",-53.625,-58.1875,159.5,158,161
"2972",-53.625,-58.0625,134,134,134
"2973",-53.625,-57.9375,133,133,133
"2974",-53.625,-57.5625,150,150,150
"2975",-53.625,-57.3125,151,144,164
"2976",-53.625,-57.1875,155,146,164
"2977",-53.625,-57.0625,166,165,167
"2978",-53.625,-56.8125,157,157,157
"2979",-53.375,-75.1875,118,117,119
"2980",-53.375,-75.0625,154.123699188232,118,172.604166666667
"2981",-53.375,-74.9375,131.943776448568,12,178.465291341146
"2982",-53.375,-74.8125,91.4507276746962,11,165.46528116862
"2983",-53.375,-74.6875,134.052631578947,10,171
"2984",-53.375,-74.5625,114.139724934896,16,180
"2985",-53.375,-74.4375,108.007854074672,30,168.784729003906
"2986",-53.375,-74.3125,127.452997452173,32,178.784729003906
"2987",-53.375,-74.1875,122.064820089458,31,179.784729003906
"2988",-53.375,-74.0625,69.2666666666667,33,91
"2989",-53.375,-73.9375,140.375,83,177
"2990",-53.375,-73.8125,177.2,174,180
"2991",-53.375,-72.8125,131,129,133
"2992",-53.375,-72.6875,163.25,128,176
"2993",-53.375,-66.0625,166,164,168
"2994",-53.375,-65.9375,155.4,111,168
"2995",-53.375,-64.5625,163,133,177
"2996",-53.375,-64.4375,157,134,178
"2997",-53.375,-64.3125,159.6,137,180
"2998",-53.375,-64.1875,110.763636363636,5,180
"2999",-53.375,-64.0625,49.5434782608696,1,180
"3000",-53.375,-63.9375,49.4751958224543,1,179
"3001",-53.375,-63.8125,59.2536997885835,1,179
"3002",-53.375,-63.6875,54.0732673267327,1,180
"3003",-53.375,-63.5625,46.5138408304498,2,180
"3004",-53.375,-63.4375,43.0049833887043,3,176
"3005",-53.375,-63.3125,45.5540765391015,2,175
"3006",-53.375,-63.1875,50.0307443365696,4,179
"3007",-53.375,-63.0625,50.1089108910891,1,180
"3008",-53.375,-62.9375,51.2698630136986,1,180
"3009",-53.375,-62.8125,53.4277879341865,2,180
"3010",-53.375,-62.6875,62.420054200542,3,180
"3011",-53.375,-62.5625,65.4375,2,180
"3012",-53.375,-62.4375,62.0981432360743,3,179
"3013",-53.375,-62.3125,62.1283950617284,5,180
"3014",-53.375,-62.1875,64.5692307692308,6,180
"3015",-53.375,-62.0625,57.3247039459951,1,180
"3016",-53.375,-61.9375,47.229172009969,1,178
"3017",-53.375,-61.8125,61.792432490658,2,180
"3018",-53.375,-61.6875,71.4635617763922,4,180
"3019",-53.375,-61.5625,83.372901119403,7,180
"3020",-53.375,-61.4375,80.8329530638853,8,180
"3021",-53.375,-61.3125,78.3387660069849,12,180
"3022",-53.375,-61.1875,83.3653483992467,16,179
"3023",-53.375,-61.0625,81.4837106459121,19,180
"3024",-53.375,-60.9375,81.1141388221046,15,180
"3025",-53.375,-60.8125,90.4435000479672,19,180
"3026",-53.375,-60.6875,98.0364002684495,34,180
"3027",-53.375,-60.5625,107.974266966012,26,174
"3028",-53.375,-60.4375,110.471823003088,40,175
"3029",-53.375,-60.3125,100.505724703585,27,174
"3030",-53.375,-60.1875,110.88564703785,35,180
"3031",-53.375,-60.0625,114.673174932571,43,179
"3032",-53.375,-59.9375,100.877686218646,41,180
"3033",-53.375,-59.8125,129.322620298804,44,180
"3034",-53.375,-59.6875,124.624119013696,48.8263905843099,168
"3035",-53.375,-59.5625,137.834316037736,87,174
"3036",-53.375,-59.4375,133.368421052632,59,175
"3037",-53.375,-59.3125,148.394474637681,112,180
"3038",-53.375,-59.1875,135.368421052632,97,179
"3039",-53.375,-59.0625,148.444444444444,105,178
"3040",-53.375,-58.9375,139.277777777778,90,180
"3041",-53.375,-58.8125,149.05,85,179
"3042",-53.375,-58.6875,118.888888888889,68,175
"3043",-53.375,-58.5625,85.25,71,91
"3044",-53.375,-58.4375,179.5,179,180
"3045",-53.375,-58.3125,128.5,92,165
"3046",-53.375,-58.1875,163,162,164
"3047",-53.375,-57.9375,132,132,132
"3048",-53.375,-57.8125,131,131,131
"3049",-53.375,-57.5625,156,149,163
"3050",-53.375,-57.4375,148,148,148
"3051",-53.375,-57.3125,154,141,179
"3052",-53.375,-57.1875,171.5,163,180
"3053",-53.375,-56.8125,158,158,158
"3054",-53.125,-75.1875,120.5,120,121
"3055",-53.125,-75.0625,162.761410667783,134,179.465291341146
"3056",-53.125,-74.9375,113.64406779661,14,168
"3057",-53.125,-74.8125,117.166666666667,12,171
"3058",-53.125,-74.6875,123.230769230769,12,176
"3059",-53.125,-74.5625,109.086640373109,27,178
"3060",-53.125,-74.4375,154.725002034505,28,172.784729003906
"3061",-53.125,-74.3125,122.131582159745,29,175.784729003906
"3062",-53.125,-74.1875,62.3,45,166
"3063",-53.125,-74.0625,79.5714285714286,76,86
"3064",-53.125,-73.9375,126.26,90,156
"3065",-53.125,-73.8125,124,121,127
"3066",-53.125,-72.9375,143,137,149
"3067",-53.125,-72.8125,159.857142857143,134,180
"3068",-53.125,-64.4375,179.333333333333,179,180
"3069",-53.125,-64.3125,159.2,141,178
"3070",-53.125,-64.1875,149.333333333333,7,179
"3071",-53.125,-64.0625,58.3441558441558,1,172
"3072",-53.125,-63.9375,49.5254237288136,2,180
"3073",-53.125,-63.8125,41.5180995475113,0,176
"3074",-53.125,-63.6875,43.6167883211679,1,180
"3075",-53.125,-63.5625,47.6528599605523,2,180
"3076",-53.125,-63.4375,29.2777085927771,0,180
"3077",-53.125,-63.3125,34.3794808405439,1,171
"3078",-53.125,-63.1875,43.9167862266858,2,180
"3079",-53.125,-63.0625,40.27624872579,0,180
"3080",-53.125,-62.9375,56.4248704663212,1,180
"3081",-53.125,-62.8125,72.5086505190311,2,179
"3082",-53.125,-62.6875,78.4039735099338,4,175
"3083",-53.125,-62.5625,76.6130952380952,5,180
"3084",-53.125,-62.4375,79.1647398843931,6,180
"3085",-53.125,-62.3125,78.1114551083591,8,179
"3086",-53.125,-62.1875,77.0105263157895,10,180
"3087",-53.125,-62.0625,47.9349470499244,0,180
"3088",-53.125,-61.9375,52.3163539626033,1,180
"3089",-53.125,-61.8125,59.0610776051554,3,180
"3090",-53.125,-61.6875,67.7051153460381,4,180
"3091",-53.125,-61.5625,75.6025502873563,8,180
"3092",-53.125,-61.4375,81.3966101694915,10,180
"3093",-53.125,-61.3125,82.7429435483871,11,180
"3094",-53.125,-61.1875,81.0454545454545,14,180
"3095",-53.125,-61.0625,80.0071324831599,13,180
"3096",-53.125,-60.9375,90.1471442842623,16,180
"3097",-53.125,-60.8125,88.533195832921,20,179
"3098",-53.125,-60.6875,97.2137819241026,23,180
"3099",-53.125,-60.5625,99.3436807396298,25,178
"3100",-53.125,-60.4375,103.911840072786,27,180
"3101",-53.125,-60.3125,108.138950057894,39,180
"3102",-53.125,-60.1875,118.034298397657,46,176
"3103",-53.125,-60.0625,122.416623336856,44,180
"3104",-53.125,-59.9375,103.537364130435,37,179
"3105",-53.125,-59.8125,111.568700396825,42,180
"3106",-53.125,-59.6875,110.669191950018,39.8333333333333,174
"3107",-53.125,-59.5625,128.060619212963,58,180
"3108",-53.125,-59.4375,125.340909090909,66,178
"3109",-53.125,-59.3125,124.564778645833,64,179
"3110",-53.125,-59.1875,129.555555555556,60,174
"3111",-53.125,-59.0625,146.157894736842,106,174
"3112",-53.125,-58.9375,139.588235294118,65,177
"3113",-53.125,-58.8125,136.5,66,177
"3114",-53.125,-58.6875,146.142857142857,69,180
"3115",-53.125,-58.5625,151.5,115,176
"3116",-53.125,-58.4375,166.333333333333,158,171
"3117",-53.125,-58.3125,145.285714285714,93,169
"3118",-53.125,-58.1875,96,96,96
"3119",-53.125,-57.9375,170,161,179
"3120",-53.125,-57.8125,149,127,180
"3121",-53.125,-57.6875,137.75,129,162
"3122",-53.125,-57.5625,147,147,147
"3123",-53.125,-57.4375,153.4,139,167
"3124",-53.125,-57.3125,177.5,177,178
"3125",-53.125,-56.8125,159,159,159
"3126",-52.875,-75.1875,122.5,122,123
"3127",-52.875,-75.0625,154.388542683919,137,179.604166666667
"3128",-52.875,-74.9375,76.6875,16,178
"3129",-52.875,-74.8125,80.6875,13,180
"3130",-52.875,-74.5625,32.625,26,37
"3131",-52.875,-74.4375,42,38,46
"3132",-52.875,-74.3125,57.8333333333333,40,79
"3133",-52.875,-74.1875,71.8888888888889,44,83
"3134",-52.875,-74.0625,84,84,84
"3135",-52.875,-73.9375,105.428571428571,98,135
"3136",-52.875,-73.0625,152,151,153
"3137",-52.875,-72.9375,150,150,150
"3138",-52.875,-64.0625,72.8695652173913,2,180
"3139",-52.875,-63.9375,51.0627615062762,3,176
"3140",-52.875,-63.8125,55.4903581267218,1,180
"3141",-52.875,-63.6875,40.6053811659193,1,180
"3142",-52.875,-63.5625,43.0063424947146,2,173
"3143",-52.875,-63.4375,46.4052532833021,1,179
"3144",-52.875,-63.3125,46.0827586206897,1,180
"3145",-52.875,-63.1875,49.3676268861454,1,170
"3146",-52.875,-63.0625,67.7170418006431,1,180
"3147",-52.875,-62.9375,81.5231481481482,2,179
"3148",-52.875,-62.8125,91.8871794871795,9,180
"3149",-52.875,-62.6875,88.0891719745223,23,180
"3150",-52.875,-62.5625,92.8051948051948,27,178
"3151",-52.875,-62.4375,105.704081632653,29,179
"3152",-52.875,-62.3125,109.092592592593,31,180
"3153",-52.875,-62.1875,105.059360730594,9,180
"3154",-52.875,-62.0625,58.4063205417607,1,178
"3155",-52.875,-61.9375,55.1105060667221,1,180
"3156",-52.875,-61.8125,54.179139930721,3,180
"3157",-52.875,-61.6875,66.5138642728188,6,180
"3158",-52.875,-61.5625,74.1743364726027,10,180
"3159",-52.875,-61.4375,86,9,180
"3160",-52.875,-61.3125,75.4354644149578,10,180
"3161",-52.875,-61.1875,88.8879310344828,15,180
"3162",-52.875,-61.0625,81.1163269349898,12,180
"3163",-52.875,-60.9375,96.4755965143187,17,180
"3164",-52.875,-60.8125,89.8078721440939,21,180
"3165",-52.875,-60.6875,98.9637916442946,23,180
"3166",-52.875,-60.5625,105.540639993591,24,180
"3167",-52.875,-60.4375,106.498271942139,37,177
"3168",-52.875,-60.3125,112.636461799527,29,180
"3169",-52.875,-60.1875,123.204180066831,47,180
"3170",-52.875,-60.0625,128.03575016276,48,179
"3171",-52.875,-59.9375,114.730733483787,45,180
"3172",-52.875,-59.8125,106.399269077234,50.8263905843099,178
"3173",-52.875,-59.6875,110.399103306644,38,180
"3174",-52.875,-59.5625,127.751053370787,48,180
"3175",-52.875,-59.4375,129.263490437158,62,179
"3176",-52.875,-59.3125,131.866666666667,72,180
"3177",-52.875,-59.1875,131.964743589744,63,180
"3178",-52.875,-59.0625,132.432692307692,61,180
"3179",-52.875,-58.9375,139.578947368421,63,178
"3180",-52.875,-58.8125,122.4,70,179
"3181",-52.875,-58.6875,159,127,179
"3182",-52.875,-58.5625,128.727272727273,110,180
"3183",-52.875,-58.4375,122,118,129
"3184",-52.875,-58.3125,135.5,94,177
"3185",-52.875,-58.1875,166,160,178
"3186",-52.875,-58.0625,137.5,97,178
"3187",-52.875,-57.9375,132.5,98,179
"3188",-52.875,-57.8125,130.333333333333,126,136
"3189",-52.875,-57.6875,147.6,131,180
"3190",-52.875,-57.5625,147,138,159
"3191",-52.875,-57.4375,172.333333333333,166,176
"3192",-52.875,-57.1875,158,158,158
"3193",-52.875,-56.9375,161,161,161
"3194",-52.875,-56.8125,160,160,160
"3195",-52.625,-75.1875,125.5,124,127
"3196",-52.625,-75.0625,146.878472900391,128,166.892364501953
"3197",-52.625,-74.9375,101.628338623047,20,177.892374674479
"3198",-52.625,-74.8125,95.5653957790799,14,179.892374674479
"3199",-52.625,-74.6875,29,28,30
"3200",-52.625,-74.5625,26.6,24,31
"3201",-52.625,-74.4375,39.6,36,44
"3202",-52.625,-74.3125,59.4444444444444,42,77
"3203",-52.625,-73.0625,155.5,154,157
"3204",-52.625,-64.0625,71.9180327868852,3,171
"3205",-52.625,-63.9375,60.3246753246753,4,177
"3206",-52.625,-63.8125,51.1830065359477,5,180
"3207",-52.625,-63.6875,49.9222222222222,2,180
"3208",-52.625,-63.5625,48.7793103448276,2,180
"3209",-52.625,-63.4375,51.6645833333333,2,178
"3210",-52.625,-63.3125,58.7813021702838,3,180
"3211",-52.625,-63.1875,66.7931034482759,4,180
"3212",-52.625,-63.0625,76.6194029850746,3,180
"3213",-52.625,-62.9375,107.944700460829,18,177
"3214",-52.625,-62.8125,104.941860465116,21,180
"3215",-52.625,-62.6875,121.707482993197,30,180
"3216",-52.625,-62.5625,127.405405405405,35,180
"3217",-52.625,-62.4375,114.476744186047,40,180
"3218",-52.625,-62.3125,103.774834437086,41,180
"3219",-52.625,-62.1875,111.214634146341,2,180
"3220",-52.625,-62.0625,43.3599257884972,0,180
"3221",-52.625,-61.9375,58.0707635009311,2,180
"3222",-52.625,-61.8125,49.3329851758349,0,179
"3223",-52.625,-61.6875,61.2761445107328,1,179
"3224",-52.625,-61.5625,70.8775120578778,8,180
"3225",-52.625,-61.4375,83.8215517241379,5,180
"3226",-52.625,-61.3125,90.7941929974381,5,180
"3227",-52.625,-61.1875,89.0014306151645,11,180
"3228",-52.625,-61.0625,91.1438106081021,11,179
"3229",-52.625,-60.9375,80.0547318217419,13,180
"3230",-52.625,-60.8125,92.2578703934373,22,180
"3231",-52.625,-60.6875,105.086605283949,24,180
"3232",-52.625,-60.5625,108.174935864146,26,180
"3233",-52.625,-60.4375,103.024395026092,32,180
"3234",-52.625,-60.3125,115.0259921523,30,180
"3235",-52.625,-60.1875,122.518919177231,29,180
"3236",-52.625,-60.0625,122.612437460158,49,180
"3237",-52.625,-59.9375,122.740798695882,49,180
"3238",-52.625,-59.8125,118.805945312085,46,180
"3239",-52.625,-59.6875,112.136363636364,40.8333333333333,180
"3240",-52.625,-59.5625,118.895953065134,58,180
"3241",-52.625,-59.4375,126.885550213675,51,180
"3242",-52.625,-59.3125,127.510869565217,44,179
"3243",-52.625,-59.1875,128.701704545455,62,178
"3244",-52.625,-59.0625,122.818181818182,67,176
"3245",-52.625,-58.9375,129.676724137931,72,175
"3246",-52.625,-58.8125,123.410714285714,82,180
"3247",-52.625,-58.6875,115.125,71,161
"3248",-52.625,-58.5625,133.733333333333,72,160
"3249",-52.625,-58.4375,137.4,108,161
"3250",-52.625,-58.3125,134.2,119,160
"3251",-52.625,-58.1875,146.6,122,177
"3252",-52.625,-58.0625,130.416666666667,100,161
"3253",-52.625,-57.9375,122.25,99,156
"3254",-52.625,-57.8125,161,143,180
"3255",-52.625,-57.6875,154.75,133,179
"3256",-52.625,-57.5625,164.454545454545,147,179
"3257",-52.625,-57.4375,169.5,159,180
"3258",-52.625,-57.3125,163,146,180
"3259",-52.625,-57.1875,144.5,144,145
"3260",-52.625,-56.9375,157,157,157
"3261",-52.625,-56.8125,159,156,162
"3262",-52.375,-75.0625,141.142857142857,129,151
"3263",-52.375,-74.9375,81.5555555555556,24,135
"3264",-52.375,-74.8125,77.5882352941177,16,180
"3265",-52.375,-74.6875,24.6666666666667,23,27
"3266",-52.375,-74.5625,25,25,25
"3267",-52.375,-74.4375,52.6666666666667,35,69
"3268",-52.375,-74.3125,62.1111111111111,47,76
"3269",-52.375,-73.0625,161,158,164
"3270",-52.375,-64.0625,59.2916666666667,5,167
"3271",-52.375,-63.9375,63.2417582417582,5,178
"3272",-52.375,-63.8125,78.1333333333333,6,179
"3273",-52.375,-63.6875,57.7384615384615,3,176
"3274",-52.375,-63.5625,57.3393393393393,5,179
"3275",-52.375,-63.4375,48.9791666666667,4,180
"3276",-52.375,-63.3125,63.8461538461538,4,180
"3277",-52.375,-63.1875,89.0757142857143,8,180
"3278",-52.375,-63.0625,93.7769230769231,12,180
"3279",-52.375,-62.9375,100.676646706587,20,180
"3280",-52.375,-62.8125,104.727848101266,23,180
"3281",-52.375,-62.6875,116.067796610169,31,180
"3282",-52.375,-62.5625,83.5,33,180
"3283",-52.375,-62.4375,87.1688311688312,37,180
"3284",-52.375,-62.3125,103.325301204819,40,180
"3285",-52.375,-62.1875,77.7222222222222,1,175
"3286",-52.375,-62.0625,61.8328173374613,1,180
"3287",-52.375,-61.9375,49.3123595505618,1,179
"3288",-52.375,-61.8125,59.7126875930268,1,180
"3289",-52.375,-61.6875,48.6498735842206,1,180
"3290",-52.375,-61.5625,66.8157281590681,2,180
"3291",-52.375,-61.4375,69.2739701704545,3,180
"3292",-52.375,-61.3125,79.4676663542643,4,180
"3293",-52.375,-61.1875,88.7388781431335,6,180
"3294",-52.375,-61.0625,82.4408450704225,8,180
"3295",-52.375,-60.9375,71.6019955654102,9,180
"3296",-52.375,-60.8125,83.9588697066475,12,180
"3297",-52.375,-60.6875,94.3882016846628,23,180
"3298",-52.375,-60.5625,96.8687142031993,25,179
"3299",-52.375,-60.4375,106.582975660052,30,180
"3300",-52.375,-60.3125,117.415721178055,32,180
"3301",-52.375,-60.1875,121.572797076847,41,180
"3302",-52.375,-60.0625,123.747500169542,52,179
"3303",-52.375,-59.9375,118.974667921716,46,179.920145670573
"3304",-52.375,-59.8125,126.530147238339,55.8263905843099,177
"3305",-52.375,-59.6875,123.348808319971,58,179
"3306",-52.375,-59.5625,113.857501442283,48,180
"3307",-52.375,-59.4375,113.904287587041,41,177
"3308",-52.375,-59.3125,113.372658308162,39,180
"3309",-52.375,-59.1875,128.867753623188,52,178
"3310",-52.375,-59.0625,123.117254273504,68,175
"3311",-52.375,-58.9375,123.303571428571,68,177
"3312",-52.375,-58.8125,134.900735294118,78,178
"3313",-52.375,-58.6875,120.113636363636,81,173
"3314",-52.375,-58.5625,128.852941176471,91,165
"3315",-52.375,-58.4375,151.545454545455,73,169
"3316",-52.375,-58.3125,138.25,107,170
"3317",-52.375,-58.1875,156.777777777778,106,176
"3318",-52.375,-58.0625,139.5,103,176
"3319",-52.375,-57.9375,158.266666666667,124,178
"3320",-52.375,-57.8125,163.863636363636,148,180
"3321",-52.375,-57.6875,158.375,148,176
"3322",-52.375,-57.5625,153.5,135,164
"3323",-52.375,-57.4375,158,158,158
"3324",-52.375,-57.1875,142.5,142,143
"3325",-52.375,-56.9375,154,154,154
"3326",-52.375,-56.8125,159,155,163
"3327",-52.125,-74.9375,130.9375,43,166
"3328",-52.125,-74.8125,97.3478260869565,17,176
"3329",-52.125,-74.6875,22,22,22
"3330",-52.125,-74.5625,54.8,24,64
"3331",-52.125,-74.4375,47.6666666666667,33,69
"3332",-52.125,-74.3125,64.75,46,72
"3333",-52.125,-73.1875,179,178,180
"3334",-52.125,-73.0625,167,165,169
"3335",-52.125,-64.0625,53.8181818181818,6,169
"3336",-52.125,-63.9375,47.1052631578947,6,173
"3337",-52.125,-63.8125,68.5234375,7,180
"3338",-52.125,-63.6875,84.1282051282051,4,180
"3339",-52.125,-63.5625,63.0553191489362,4,172
"3340",-52.125,-63.4375,51.7873134328358,7,173
"3341",-52.125,-63.3125,65.6684782608696,6,176
"3342",-52.125,-63.1875,82.5221774193548,9,180
"3343",-52.125,-63.0625,89.5906735751295,16,176
"3344",-52.125,-62.9375,108.289772727273,22,180
"3345",-52.125,-62.8125,113.314814814815,28,180
"3346",-52.125,-62.6875,89.0679611650485,31,180
"3347",-52.125,-62.5625,93.5753424657534,34,180
"3348",-52.125,-62.4375,120.646153846154,38,180
"3349",-52.125,-62.3125,125.378378378378,46,178
"3350",-52.125,-62.1875,104.959183673469,4,180
"3351",-52.125,-62.0625,64.7796610169491,3,174
"3352",-52.125,-61.9375,48.1907894736842,3,180
"3353",-52.125,-61.8125,45.5052264808362,0,180
"3354",-52.125,-61.6875,53.4739058879687,1,180
"3355",-52.125,-61.5625,53.6283178051256,2,180
"3356",-52.125,-61.4375,63.2290751844769,3,178
"3357",-52.125,-61.3125,73.945172332389,4,178
"3358",-52.125,-61.1875,87.1230046948357,6,180
"3359",-52.125,-61.0625,82.0020494790822,7,180
"3360",-52.125,-60.9375,66.4808080808081,11,180
"3361",-52.125,-60.8125,81.1529060571783,14,179
"3362",-52.125,-60.6875,87.2813765182186,15,180
"3363",-52.125,-60.5625,92.7450771755642,26,180
"3364",-52.125,-60.4375,104.697800182705,27,180
"3365",-52.125,-60.3125,114.981741100085,43,180
"3366",-52.125,-60.1875,114.696316626764,30,179
"3367",-52.125,-60.0625,115.141038084543,45,179.708333333333
"3368",-52.125,-59.9375,117.455710412056,42,180
"3369",-52.125,-59.8125,124.363620951556,58,177
"3370",-52.125,-59.6875,128.026246799259,55,179
"3371",-52.125,-59.5625,120.591392944039,48.8333333333333,177
"3372",-52.125,-59.4375,120.708833333333,44,179
"3373",-52.125,-59.3125,125.003921333401,53,180
"3374",-52.125,-59.1875,124.512185534591,55,179.072916666667
"3375",-52.125,-59.0625,131.529411764706,85,178
"3376",-52.125,-58.9375,140.405344202899,95,177
"3377",-52.125,-58.8125,122.83125,79,179
"3378",-52.125,-58.6875,128.357142857143,79,170
"3379",-52.125,-58.5625,132.771428571429,75,174
"3380",-52.125,-58.4375,134.952380952381,74,170
"3381",-52.125,-58.3125,153.25,120,179
"3382",-52.125,-58.1875,162.1,123,180
"3383",-52.125,-58.0625,161.375,145,177
"3384",-52.125,-57.9375,163.818181818182,147,179
"3385",-52.125,-57.8125,155.846153846154,135,174
"3386",-52.125,-57.6875,162.25,138,174
"3387",-52.125,-57.5625,151.272727272727,125,165
"3388",-52.125,-57.4375,150,141,159
"3389",-52.125,-57.3125,146,140,149
"3390",-52.125,-57.1875,143.8,141,146
"3391",-52.125,-57.0625,153,153,153
"3392",-52.125,-56.8125,164.5,164,165
"3393",-51.875,-74.9375,158,157,159
"3394",-51.875,-74.8125,28.8333333333333,19,51
"3395",-51.875,-74.6875,22.4285714285714,20,29
"3396",-51.875,-74.5625,48.4444444444444,30,62
"3397",-51.875,-74.4375,49.3571428571429,31,68
"3398",-51.875,-73.1875,176,175,177
"3399",-51.875,-73.0625,172,170,174
"3400",-51.875,-64.0625,16,16,16
"3401",-51.875,-63.9375,11.962962962963,7,18
"3402",-51.875,-63.8125,50.5866666666667,8,178
"3403",-51.875,-63.6875,78.140350877193,9,179
"3404",-51.875,-63.5625,83.7642857142857,11,180
"3405",-51.875,-63.4375,85.8562874251497,10,175
"3406",-51.875,-63.3125,72.2981651376147,11,178
"3407",-51.875,-63.1875,92.8793969849246,13,180
"3408",-51.875,-63.0625,105.062937062937,16,179
"3409",-51.875,-62.9375,108.636363636364,25,180
"3410",-51.875,-62.8125,100.347826086957,27,180
"3411",-51.875,-62.6875,90.7659574468085,36,176
"3412",-51.875,-62.5625,109.972972972973,39,178
"3413",-51.875,-62.4375,106.219512195122,43,178
"3414",-51.875,-62.3125,108.375,45,180
"3415",-51.875,-62.1875,133.436363636364,53,180
"3416",-51.875,-62.0625,61.2450331125828,5,180
"3417",-51.875,-61.9375,72.5174129353234,5,179
"3418",-51.875,-61.8125,57.3604240282686,1,180
"3419",-51.875,-61.6875,40.6280692901174,1,180
"3420",-51.875,-61.5625,52.3656152023308,2,180
"3421",-51.875,-61.4375,62.4539517464882,3,180
"3422",-51.875,-61.3125,75.3962898406375,5,180
"3423",-51.875,-61.1875,77.9228362877998,6,180
"3424",-51.875,-61.0625,73.7696287890945,8,180
"3425",-51.875,-60.9375,69.8377088305489,11,178
"3426",-51.875,-60.8125,78.9913269349898,13,180
"3427",-51.875,-60.6875,93.6745743076551,17,179
"3428",-51.875,-60.5625,89.7678054539915,18,180
"3429",-51.875,-60.4375,95.8258393262204,29,180
"3430",-51.875,-60.3125,102.364049691957,31,180
"3431",-51.875,-60.1875,109.419659257746,33,180
"3432",-51.875,-60.0625,110.579599905705,42,180
"3433",-51.875,-59.9375,114.300467331472,48,180
"3434",-51.875,-59.8125,113.621235973708,46,180
"3435",-51.875,-59.6875,119.869263338634,51,180
"3436",-51.875,-59.5625,115.854985348254,46,179
"3437",-51.875,-59.4375,118.441886988694,48,180
"3438",-51.875,-59.3125,123.315772406489,61,180
"3439",-51.875,-59.1875,135.095238095238,66,180
"3440",-51.875,-59.0625,132.921568627451,86,180
"3441",-51.875,-58.9375,141.906914893617,93,180
"3442",-51.875,-58.8125,150.25,92,180
"3443",-51.875,-58.6875,152.532916666667,124,174
"3444",-51.875,-58.5625,152.16,87,180
"3445",-51.875,-58.4375,144.127777777778,74.8333333333333,175
"3446",-51.875,-58.3125,147.448275862069,90,178
"3447",-51.875,-58.1875,151.6875,116,177
"3448",-51.875,-58.0625,156.416666666667,118,178
"3449",-51.875,-57.9375,163,120,180
"3450",-51.875,-57.8125,154,130,175
"3451",-51.875,-57.6875,151.9,131,168
"3452",-51.875,-57.5625,150.285714285714,133,166
"3453",-51.875,-57.4375,150,137,163
"3454",-51.875,-57.3125,146.285714285714,138,152
"3455",-51.875,-56.8125,166,166,166
"3456",-51.875,-56.6875,132,132,132
"3457",-51.625,-74.8125,35.1,22,53
"3458",-51.625,-74.6875,39.4545454545455,26,58
"3459",-51.625,-74.5625,48.625,29,59
"3460",-51.625,-64.0625,8,8,8
"3461",-51.625,-63.9375,14.85,9,20
"3462",-51.625,-63.8125,15,9,22
"3463",-51.625,-63.6875,37.9393939393939,11,180
"3464",-51.625,-63.5625,85.4520547945205,15,179
"3465",-51.625,-63.4375,84.982905982906,12,178
"3466",-51.625,-63.3125,95.5208333333333,13,180
"3467",-51.625,-63.1875,99.4155844155844,14,180
"3468",-51.625,-63.0625,90.9,17,180
"3469",-51.625,-62.9375,116.795698924731,24,179
"3470",-51.625,-62.8125,98.5434782608696,32,180
"3471",-51.625,-62.6875,70.15,40,170
"3472",-51.625,-62.5625,91.6363636363636,45,172
"3473",-51.625,-62.4375,89.2191780821918,41,175
"3474",-51.625,-62.3125,100.467741935484,44,176
"3475",-51.625,-62.1875,102.523076923077,46,178
"3476",-51.625,-62.0625,104.546875,12,180
"3477",-51.625,-61.9375,78.7077922077922,6,180
"3478",-51.625,-61.8125,76.3581395348837,6,180
"3479",-51.625,-61.6875,55.5411764705882,2,180
"3480",-51.625,-61.5625,48.2101967875163,2,180
"3481",-51.625,-61.4375,60.2386406885054,3,180
"3482",-51.625,-61.3125,73.7769342136596,6,180
"3483",-51.625,-61.1875,78.0273708175444,8,179
"3484",-51.625,-61.0625,73.2162162162162,9,180
"3485",-51.625,-60.9375,72.1718309859155,10,180
"3486",-51.625,-60.8125,75.647564469914,19,176
"3487",-51.625,-60.6875,94.8235294117647,20,180
"3488",-51.625,-60.5625,94.4365626709749,23,180
"3489",-51.625,-60.4375,93.3273809523809,31,180
"3490",-51.625,-60.3125,101.720177356852,34,179
"3491",-51.625,-60.1875,110.40067561823,40,180
"3492",-51.625,-60.0625,111.92340898646,31,179
"3493",-51.625,-59.9375,113.618682925441,49,180
"3494",-51.625,-59.8125,109.856859254248,52,180
"3495",-51.625,-59.6875,114.44403132829,54,179
"3496",-51.625,-59.5625,110.937342664931,52,180
"3497",-51.625,-59.4375,114.961401848214,50,180
"3498",-51.625,-59.3125,116.290536175711,52.8333333333333,180
"3499",-51.625,-59.1875,134.565208333333,70,180
"3500",-51.625,-59.0625,143.380132850242,69,180
"3501",-51.625,-58.9375,139.945454545455,87,180
"3502",-51.625,-58.8125,142.46875,87,179
"3503",-51.625,-58.6875,137.856589147287,72,180
"3504",-51.625,-58.5625,144.177430555556,98,179
"3505",-51.625,-58.4375,161.72972972973,91,180
"3506",-51.625,-58.3125,161.6875,90,180
"3507",-51.625,-58.1875,162.55,91,177
"3508",-51.625,-58.0625,155.571428571429,127,169
"3509",-51.625,-57.9375,145.5,92,176
"3510",-51.625,-57.8125,144.571428571429,123,169
"3511",-51.625,-57.6875,154.166666666667,123,168
"3512",-51.625,-57.5625,154.857142857143,135,168
"3513",-51.625,-57.4375,147.833333333333,126,164
"3514",-51.625,-57.1875,166,166,166
"3515",-51.625,-57.0625,167,167,167
"3516",-51.625,-56.9375,168,168,168
"3517",-51.625,-56.8125,167.666666666667,167,168
"3518",-51.625,-56.6875,169,169,169
"3519",-51.625,-56.5625,169,169,169
"3520",-51.375,-74.6875,52,52,52
"3521",-51.375,-63.9375,11.5,11,12
"3522",-51.375,-63.8125,16,11,23
"3523",-51.375,-63.6875,20.3214285714286,13,25
"3524",-51.375,-63.5625,30.1111111111111,14,178
"3525",-51.375,-63.4375,79.3809523809524,15,180
"3526",-51.375,-63.3125,82.864,16,176
"3527",-51.375,-63.1875,102.902654867257,16,180
"3528",-51.375,-63.0625,106.876712328767,20,180
"3529",-51.375,-62.9375,107.439024390244,33,180
"3530",-51.375,-62.8125,70.0588235294118,44,173
"3531",-51.375,-62.6875,102.047619047619,48,169
"3532",-51.375,-62.5625,97.5135135135135,48,171
"3533",-51.375,-62.4375,128.205882352941,49,173
"3534",-51.375,-62.3125,120.921052631579,50,180
"3535",-51.375,-62.1875,117.518518518519,53,180
"3536",-51.375,-62.0625,96.4259259259259,55,179
"3537",-51.375,-61.9375,106.867647058824,9,180
"3538",-51.375,-61.8125,76.8413793103448,5,180
"3539",-51.375,-61.6875,87.785,4,180
"3540",-51.375,-61.5625,54.119981844463,3,178
"3541",-51.375,-61.4375,53.0523422134045,4,180
"3542",-51.375,-61.3125,61.1816597822043,5,180
"3543",-51.375,-61.1875,77.8249320219169,8,180
"3544",-51.375,-61.0625,78.272,10,180
"3545",-51.375,-60.9375,76.6613924050633,11,180
"3546",-51.375,-60.8125,87.1116658008645,13,180
"3547",-51.375,-60.6875,89.7199124726477,21,172
"3548",-51.375,-60.5625,105.106529209622,29,179
"3549",-51.375,-60.4375,98.85953642853,26,180
"3550",-51.375,-60.3125,94.562700441332,37,180
"3551",-51.375,-60.1875,107.590083965266,22,179
"3552",-51.375,-60.0625,113.747257939091,26,180
"3553",-51.375,-59.9375,111.424192363933,34,180
"3554",-51.375,-59.8125,111.791580292254,46,180
"3555",-51.375,-59.6875,112.878017166286,52,180
"3556",-51.375,-59.5625,116.590530960648,56,179
"3557",-51.375,-59.4375,121.090085845896,61,180
"3558",-51.375,-59.3125,129.496178057554,64,180
"3559",-51.375,-59.1875,128.641534391534,69.8333333333333,176
"3560",-51.375,-59.0625,136.24921875,71,180
"3561",-51.375,-58.9375,133.297971491228,66,178
"3562",-51.375,-58.8125,139.761904761905,70,180
"3563",-51.375,-58.6875,132.435369318182,74,179
"3564",-51.375,-58.5625,133.805921052632,73,179
"3565",-51.375,-58.4375,144.486458333333,75.8333333333333,180
"3566",-51.375,-58.3125,159.225806451613,131,179
"3567",-51.375,-58.1875,166.785714285714,155,177
"3568",-51.375,-58.0625,158,128,178
"3569",-51.375,-57.9375,159.5,129,174
"3570",-51.375,-57.8125,150.2,125,170
"3571",-51.375,-57.6875,148.5,130,170
"3572",-51.375,-57.5625,143,93,169
"3573",-51.375,-57.4375,150.25,127,165
"3574",-51.375,-57.3125,165,165,165
"3575",-51.375,-57.0625,131,131,131
"3576",-51.375,-56.8125,170.4,169,172
"3577",-51.375,-56.6875,169,169,169
"3578",-51.375,-56.5625,170,170,170
"3579",-51.125,-63.8125,14.6666666666667,14,15
"3580",-51.125,-63.6875,16.5555555555556,15,18
"3581",-51.125,-63.5625,23.1428571428571,18,28
"3582",-51.125,-63.4375,42.6176470588235,18,178
"3583",-51.125,-63.3125,111.030303030303,17,175
"3584",-51.125,-63.1875,106.74025974026,23,180
"3585",-51.125,-63.0625,128.564516129032,30,177
"3586",-51.125,-62.9375,84.3793103448276,41,174
"3587",-51.125,-62.8125,93.3181818181818,50,172
"3588",-51.125,-62.6875,108.289473684211,52,167
"3589",-51.125,-62.5625,137.27027027027,103,169
"3590",-51.125,-62.4375,137.1,107,180
"3591",-51.125,-62.3125,154.102040816327,115,180
"3592",-51.125,-62.1875,142.871794871795,117,174
"3593",-51.125,-62.0625,140.023255813953,83,180
"3594",-51.125,-61.9375,125.177777777778,17,173
"3595",-51.125,-61.8125,106.826086956522,8,177
"3596",-51.125,-61.6875,83.4692307692308,6,180
"3597",-51.125,-61.5625,68.1598323051918,4,179
"3598",-51.125,-61.4375,53.5609809366862,4,180
"3599",-51.125,-61.3125,57.3862726554087,5,180
"3600",-51.125,-61.1875,62.327904686561,7,180
"3601",-51.125,-61.0625,82.457225177305,7,180
"3602",-51.125,-60.9375,86.2479190110634,11,177
"3603",-51.125,-60.8125,98.2490653013572,13,180
"3604",-51.125,-60.6875,80.6461038961039,15,179
"3605",-51.125,-60.5625,83.1941176470588,16,180
"3606",-51.125,-60.4375,100.032482598608,17,180
"3607",-51.125,-60.3125,94.7434554973822,30,180
"3608",-51.125,-60.1875,103.804054251204,21,180
"3609",-51.125,-60.0625,115.400909763943,25,180
"3610",-51.125,-59.9375,117.609762480765,26,180
"3611",-51.125,-59.8125,110.783811376002,26,180
"3612",-51.125,-59.6875,113.858084432734,45,180
"3613",-51.125,-59.5625,117.18834690001,53,180
"3614",-51.125,-59.4375,124.016666734484,65,176
"3615",-51.125,-59.3125,128.897401433692,65,177
"3616",-51.125,-59.1875,127.482456140351,67.8333333333333,176
"3617",-51.125,-59.0625,125.65718190263,59,178
"3618",-51.125,-58.9375,105.320354158916,60,176.996541341146
"3619",-51.125,-58.8125,112.033781062412,40,179
"3620",-51.125,-58.6875,129.009615384615,45,179
"3621",-51.125,-58.5625,139.58,74,180
"3622",-51.125,-58.4375,152.32,78,180
"3623",-51.125,-58.3125,159.121212121212,105,179
"3624",-51.125,-58.1875,150.465909090909,79,178
"3625",-51.125,-58.0625,165.833333333333,152,179
"3626",-51.125,-57.9375,131.125,106,172
"3627",-51.125,-57.8125,157.166666666667,126,173
"3628",-51.125,-57.6875,137.714285714286,124,171
"3629",-51.125,-57.5625,149,132,166
"3630",-51.125,-57.4375,161,156,166
"3631",-51.125,-57.3125,139.25,94,167
"3632",-51.125,-57.0625,172,172,172
"3633",-51.125,-56.9375,171,171,171
"3634",-51.125,-56.8125,173.333333333333,173,174
"3635",-51.125,-56.6875,172.6,167,177
"3636",-51.125,-56.5625,152,133,171
"3637",-50.875,-63.8125,16,16,16
"3638",-50.875,-63.6875,18.5,17,20
"3639",-50.875,-63.5625,22.2222222222222,19,28
"3640",-50.875,-63.4375,36.9027777777778,18,148
"3641",-50.875,-63.3125,101.8125,18,180
"3642",-50.875,-63.1875,98.5102040816327,25,180
"3643",-50.875,-63.0625,107.636363636364,29,180
"3644",-50.875,-62.9375,83.5,45,159
"3645",-50.875,-62.8125,110.5,52,171
"3646",-50.875,-62.6875,133.282608695652,104,180
"3647",-50.875,-62.5625,141.367346938776,98,180
"3648",-50.875,-62.4375,136.431818181818,113,179
"3649",-50.875,-62.3125,142.640625,112,180
"3650",-50.875,-62.1875,150.309090909091,118,180
"3651",-50.875,-62.0625,155.933333333333,119,180
"3652",-50.875,-61.9375,144.016393442623,86,167
"3653",-50.875,-61.8125,129.490196078431,11,176
"3654",-50.875,-61.6875,114.797101449275,8,180
"3655",-50.875,-61.5625,87.5847457627119,8,179
"3656",-50.875,-61.4375,67.7586358839466,5,180
"3657",-50.875,-61.3125,52.5838323353293,6,180
"3658",-50.875,-61.1875,62.1990980641141,6,180
"3659",-50.875,-61.0625,82.1801895419034,8,178
"3660",-50.875,-60.9375,81.9729988077469,13,180
"3661",-50.875,-60.8125,90.0419651967862,12,180
"3662",-50.875,-60.6875,88.3379546606855,23,179
"3663",-50.875,-60.5625,92.7155172413793,26,180
"3664",-50.875,-60.4375,97.8075880758808,25,180
"3665",-50.875,-60.3125,97.0641481382353,18,180
"3666",-50.875,-60.1875,104.166571163437,20,180
"3667",-50.875,-60.0625,117.646344307141,24,180
"3668",-50.875,-59.9375,121.799644792073,28,180
"3669",-50.875,-59.8125,116.558093572067,30,180
"3670",-50.875,-59.6875,114.19403606169,30,180
"3671",-50.875,-59.5625,119.482984219378,31,180
"3672",-50.875,-59.4375,122.135779537372,45,180
"3673",-50.875,-59.3125,127.01490718679,34,172
"3674",-50.875,-59.1875,119.182758399663,35,175
"3675",-50.875,-59.0625,119.692928036511,58,179
"3676",-50.875,-58.9375,111.384888358738,39,179
"3677",-50.875,-58.8125,114.334785415187,44,180
"3678",-50.875,-58.6875,129.557150251878,46,180
"3679",-50.875,-58.5625,132.488888888889,50,175
"3680",-50.875,-58.4375,141.95652173913,63,176
"3681",-50.875,-58.3125,149.294117647059,84,175
"3682",-50.875,-58.1875,145,81,175
"3683",-50.875,-58.0625,130.461538461538,80,180
"3684",-50.875,-57.9375,129.727272727273,81,180
"3685",-50.875,-57.8125,124.375,87,164
"3686",-50.875,-57.6875,140.333333333333,108,172
"3687",-50.875,-57.5625,151.333333333333,133,164
"3688",-50.875,-57.4375,139.5,95,167
"3689",-50.875,-57.3125,168.5,168,169
"3690",-50.875,-57.1875,165,165,165
"3691",-50.875,-56.9375,173,173,173
"3692",-50.875,-56.8125,166,166,166
"3693",-50.875,-56.6875,178,178,178
"3694",-50.875,-56.5625,177,172,180
"3695",-50.875,-56.4375,170,170,170
"3696",-50.625,-63.4375,31.5111111111111,19,142
"3697",-50.625,-63.3125,81.2982456140351,19,173
"3698",-50.625,-63.1875,98.6666666666667,26,179
"3699",-50.625,-63.0625,124.955555555556,28,180
"3700",-50.625,-62.9375,53.5714285714286,43,100
"3701",-50.625,-62.8125,113.75,54,173
"3702",-50.625,-62.6875,130.56862745098,100,180
"3703",-50.625,-62.5625,140.577464788732,94,180
"3704",-50.625,-62.4375,136.947368421053,104,180
"3705",-50.625,-62.3125,153.265306122449,111,180
"3706",-50.625,-62.1875,141.818181818182,117,177
"3707",-50.625,-62.0625,138.067567567568,118,180
"3708",-50.625,-61.9375,142.817204301075,121,178
"3709",-50.625,-61.8125,143.692307692308,89,179
"3710",-50.625,-61.6875,130.358490566038,12,179
"3711",-50.625,-61.5625,103.79381443299,10,180
"3712",-50.625,-61.4375,77.6503067484662,7,180
"3713",-50.625,-61.3125,69.3418157416919,7,180
"3714",-50.625,-61.1875,67.8561063218391,8,180
"3715",-50.625,-61.0625,90.5011099665858,11,179.871541341146
"3716",-50.625,-60.9375,93.8009049773756,12,180
"3717",-50.625,-60.8125,83.5733944954128,14,180
"3718",-50.625,-60.6875,89.4224265104805,13,180
"3719",-50.625,-60.5625,90.4116932289273,14,180
"3720",-50.625,-60.4375,98.0921411296342,15,180
"3721",-50.625,-60.3125,98.9201775974023,20,180
"3722",-50.625,-60.1875,110.323325520177,23,180
"3723",-50.625,-60.0625,123.67365273522,37,180
"3724",-50.625,-59.9375,116.283048515508,29,180
"3725",-50.625,-59.8125,120.374950047874,30,180
"3726",-50.625,-59.6875,122.156849443207,41,180
"3727",-50.625,-59.5625,121.367025861269,32,180
"3728",-50.625,-59.4375,113.794076719241,27,179
"3729",-50.625,-59.3125,119.671744188472,37,180
"3730",-50.625,-59.1875,121.864628223706,38,179
"3731",-50.625,-59.0625,122.107229126824,36,180
"3732",-50.625,-58.9375,119.020073890686,52,180
"3733",-50.625,-58.8125,115.460391103485,43,177
"3734",-50.625,-58.6875,126.30379024872,41,180
"3735",-50.625,-58.5625,126.541666666667,51,178
"3736",-50.625,-58.4375,144.759259259259,58,180
"3737",-50.625,-58.3125,147.5,76,180
"3738",-50.625,-58.1875,147.707317073171,79,180
"3739",-50.625,-58.0625,152.818181818182,105,179
"3740",-50.625,-57.9375,166.6,163,175
"3741",-50.625,-57.8125,140.736111111111,82,180
"3742",-50.625,-57.6875,150.571428571429,96,173
"3743",-50.625,-57.5625,125.25,109,134
"3744",-50.625,-57.4375,159,131,173
"3745",-50.625,-57.3125,161.25,132,172
"3746",-50.625,-57.1875,133,133,133
"3747",-50.625,-57.0625,134,134,134
"3748",-50.625,-56.8125,154.5,135,174
"3749",-50.625,-56.6875,136,136,136
"3750",-50.625,-56.5625,137,137,137
"3751",-50.625,-56.4375,153.5,134,173
"3752",-50.375,-63.4375,31.3428571428571,29,37
"3753",-50.375,-63.3125,67,21,175
"3754",-50.375,-63.1875,91,25,177
"3755",-50.375,-63.0625,79.7391304347826,28,178
"3756",-50.375,-62.9375,64.8333333333333,44,98
"3757",-50.375,-62.8125,115.285714285714,53,180
"3758",-50.375,-62.6875,137.59756097561,90,180
"3759",-50.375,-62.5625,139.453608247423,92,180
"3760",-50.375,-62.4375,147.472527472527,100,180
"3761",-50.375,-62.3125,155.644736842105,115,178
"3762",-50.375,-62.1875,147.083333333333,121,180
"3763",-50.375,-62.0625,142.131578947368,114,180
"3764",-50.375,-61.9375,144.04,116,178
"3765",-50.375,-61.8125,155.770491803279,120,180
"3766",-50.375,-61.6875,146.485714285714,91,180
"3767",-50.375,-61.5625,125.735294117647,12,177
"3768",-50.375,-61.4375,88.1735537190083,9,180
"3769",-50.375,-61.3125,72.3296141291481,8,179.392374674479
"3770",-50.375,-61.1875,66.7974537682912,9,180
"3771",-50.375,-61.0625,83.5974842767296,10,180
"3772",-50.375,-60.9375,84.6113256113256,11,180
"3773",-50.375,-60.8125,95.7989949748744,14,180
"3774",-50.375,-60.6875,94.6213017751479,20,179
"3775",-50.375,-60.5625,98.7965479311736,16,180
"3776",-50.375,-60.4375,99.4076091516552,18,180
"3777",-50.375,-60.3125,98.1528116436943,16,180
"3778",-50.375,-60.1875,118.016806722689,22,180
"3779",-50.375,-60.0625,124.174389729376,28,180
"3780",-50.375,-59.9375,119.384105960265,30,180
"3781",-50.375,-59.8125,117.445619684203,38,180
"3782",-50.375,-59.6875,121.594920072694,31,180
"3783",-50.375,-59.5625,122.612579917752,34,180
"3784",-50.375,-59.4375,123.997809224733,33,180
"3785",-50.375,-59.3125,120.94348503344,33,180
"3786",-50.375,-59.1875,119.752199172974,28,180
"3787",-50.375,-59.0625,122.923372379686,29,180
"3788",-50.375,-58.9375,120.451432649944,37,180
"3789",-50.375,-58.8125,126.390361206055,49,180
"3790",-50.375,-58.6875,125.544411407955,50,180
"3791",-50.375,-58.5625,140.737567204301,57,180
"3792",-50.375,-58.4375,139.264184397163,61,180
"3793",-50.375,-58.3125,158.030303030303,88,180
"3794",-50.375,-58.1875,153.212121212121,59,180
"3795",-50.375,-58.0625,143.565217391304,86,178
"3796",-50.375,-57.9375,116,83,180
"3797",-50.375,-57.8125,164,162,166
"3798",-50.375,-57.6875,135.6,97,174
"3799",-50.375,-57.5625,129,96,175
"3800",-50.375,-57.4375,174,174,174
"3801",-50.375,-56.5625,175,175,175
"3802",-50.375,-56.4375,162.666666666667,138,176
"3803",-50.125,-63.4375,32.4166666666667,31,36
"3804",-50.125,-63.3125,35.5625,27,43
"3805",-50.125,-63.1875,51.2,34,157
"3806",-50.125,-63.0625,45.875,40,52
"3807",-50.125,-62.9375,63.5555555555556,49,96
"3808",-50.125,-62.8125,123.863636363636,57,180
"3809",-50.125,-62.6875,131.283582089552,85,180
"3810",-50.125,-62.5625,133.206896551724,86,174
"3811",-50.125,-62.4375,144.644736842105,96,171
"3812",-50.125,-62.3125,146.509090909091,108,180
"3813",-50.125,-62.1875,151.102564102564,118,177
"3814",-50.125,-62.0625,136.927536231884,111,176
"3815",-50.125,-61.9375,153.12,142,173
"3816",-50.125,-61.8125,150.2,134,169
"3817",-50.125,-61.6875,144.971428571429,93,171
"3818",-50.125,-61.5625,144.140625,14,179
"3819",-50.125,-61.4375,112.035714285714,11,180
"3820",-50.125,-61.3125,86.3612903225806,10,179
"3821",-50.125,-61.1875,68.2402826855124,10,179
"3822",-50.125,-61.0625,64.0335414556809,9,180
"3823",-50.125,-60.9375,70.900667211329,10,180
"3824",-50.125,-60.8125,72.9278478593272,12,180
"3825",-50.125,-60.6875,91.236641221374,15,178
"3826",-50.125,-60.5625,107.337962962963,17,180
"3827",-50.125,-60.4375,96.2095072283581,19,180
"3828",-50.125,-60.3125,101.523170731707,18,180
"3829",-50.125,-60.1875,119.182590233546,21,180
"3830",-50.125,-60.0625,120.121242079624,25,180
"3831",-50.125,-59.9375,117.704253479929,39,180
"3832",-50.125,-59.8125,118.89897275671,33,180
"3833",-50.125,-59.6875,125.621772766113,33,180
"3834",-50.125,-59.5625,123.299671383406,44,180
"3835",-50.125,-59.4375,127.137223406536,47,180
"3836",-50.125,-59.3125,125.318027270199,40,180
"3837",-50.125,-59.1875,124.811111220493,41,180
"3838",-50.125,-59.0625,123.985459347207,47,180
"3839",-50.125,-58.9375,122.694212989558,30,180
"3840",-50.125,-58.8125,122.655498076877,36,180
"3841",-50.125,-58.6875,134.413332563458,37,180
"3842",-50.125,-58.5625,132.764910358675,38,179
"3843",-50.125,-58.4375,137.303358395894,58,180
"3844",-50.125,-58.3125,149.959264987853,62,180
"3845",-50.125,-58.1875,158.779661016949,96,180
"3846",-50.125,-58.0625,162.451612903226,141,180
"3847",-50.125,-57.9375,155.555555555556,100,179
"3848",-50.125,-57.8125,143.333333333333,97,178
"3849",-50.125,-57.6875,157.541666666667,121.625,176
"3850",-50.125,-57.5625,123.5,111,136
"3851",-50.125,-56.4375,175,175,175
"3852",-50.125,-56.3125,148.333333333333,135,171
"3853",-50.125,-55.0625,153,153,153
"3854",-50.125,-54.9375,154,154,154
"3855",-49.875,-63.4375,33.8333333333333,32,37
"3856",-49.875,-63.3125,35.4666666666667,32,38
"3857",-49.875,-63.1875,43.4,37,50
"3858",-49.875,-63.0625,50.5,47,54
"3859",-49.875,-62.9375,69.8,53,94
"3860",-49.875,-62.8125,151.384615384615,113,177
"3861",-49.875,-62.6875,126.666666666667,80,180
"3862",-49.875,-62.5625,127.549450549451,82,177
"3863",-49.875,-62.4375,130.536231884058,81,171
"3864",-49.875,-62.3125,135.655172413793,105,173
"3865",-49.875,-62.1875,131.722222222222,65,172
"3866",-49.875,-62.0625,126.666666666667,70,180
"3867",-49.875,-61.9375,127.445652173913,86,179
"3868",-49.875,-61.8125,131.736842105263,109,151
"3869",-49.875,-61.6875,156.833333333333,137,172
"3870",-49.875,-61.5625,146.671875,95,173
"3871",-49.875,-61.4375,129.864864864865,12,180
"3872",-49.875,-61.3125,114.122641509434,13,180
"3873",-49.875,-61.1875,79.0959595959596,11,179
"3874",-49.875,-61.0625,75.9110766832428,11,180
"3875",-49.875,-60.9375,63.125,11,180
"3876",-49.875,-60.8125,70.8434011164274,12,177.9375
"3877",-49.875,-60.6875,74.2576687116564,14,180
"3878",-49.875,-60.5625,99.6816479400749,22,179
"3879",-49.875,-60.4375,104.337078651685,18,180
"3880",-49.875,-60.3125,102.014240693209,19,180
"3881",-49.875,-60.1875,117.920792079208,20,180
"3882",-49.875,-60.0625,119.712999844669,28,180
"3883",-49.875,-59.9375,122.832234891426,34,180
"3884",-49.875,-59.8125,123.028000685546,36,180
"3885",-49.875,-59.6875,125.471003999766,34,180
"3886",-49.875,-59.5625,125.526902054643,35,180
"3887",-49.875,-59.4375,129.461794599702,36,180
"3888",-49.875,-59.3125,127.704070014793,42,180
"3889",-49.875,-59.1875,126.225902412704,52,180
"3890",-49.875,-59.0625,126.48544577356,49,180
"3891",-49.875,-58.9375,126.786184210526,48,180
"3892",-49.875,-58.8125,125.574516678688,52,180
"3893",-49.875,-58.6875,117.902311911315,31,179
"3894",-49.875,-58.5625,128.185706469134,39,180
"3895",-49.875,-58.4375,142.621194498698,67,180
"3896",-49.875,-58.3125,148.276247086064,67,180
"3897",-49.875,-58.1875,158.666059112549,99,180
"3898",-49.875,-58.0625,162.925,98,180
"3899",-49.875,-57.9375,163,150,179
"3900",-49.875,-57.8125,141.375,113,169
"3901",-49.875,-57.6875,141.666666666667,112,176
"3902",-49.875,-56.8125,138,136,140
"3903",-49.875,-56.6875,141,141,141
"3904",-49.875,-56.4375,176,176,176
"3905",-49.875,-56.1875,158.5,140,177
"3906",-49.875,-56.0625,172,172,172
"3907",-49.875,-55.0625,151,150,152
"3908",-49.875,-54.9375,155,155,155
"3909",-49.875,-54.8125,156.5,156,157
"3910",-49.625,-63.4375,35.5,35,36
"3911",-49.625,-63.3125,37.5454545454545,35,40
"3912",-49.625,-63.1875,43.2222222222222,39,46
"3913",-49.625,-63.0625,48.6666666666667,47,50
"3914",-49.625,-62.9375,71.5,51,92
"3915",-49.625,-62.8125,141.666666666667,90,169
"3916",-49.625,-62.6875,140.576923076923,79,179
"3917",-49.625,-62.5625,126.054945054945,75,180
"3918",-49.625,-62.4375,117.140625,78,166
"3919",-49.625,-62.3125,129.614285714286,75,180
"3920",-49.625,-62.1875,115.855072463768,55,170
"3921",-49.625,-62.0625,130.891891891892,102,170
"3922",-49.625,-61.9375,130.379310344828,103,177
"3923",-49.625,-61.8125,139.402298850575,113,175
"3924",-49.625,-61.6875,149.661290322581,117,173
"3925",-49.625,-61.5625,152.611940298507,98,175
"3926",-49.625,-61.4375,132.573333333333,13,180
"3927",-49.625,-61.3125,124.142857142857,14,180
"3928",-49.625,-61.1875,82.9565217391304,12,180
"3929",-49.625,-61.0625,84.0120890299479,13,180
"3930",-49.625,-60.9375,76.8485838779956,12,180
"3931",-49.625,-60.8125,71.2622395833333,13,178.9375
"3932",-49.625,-60.6875,89.5634328358209,16,180
"3933",-49.625,-60.5625,101.096296296296,24,180
"3934",-49.625,-60.4375,102.564912280702,26,180
"3935",-49.625,-60.3125,97.9611691784629,21,180
"3936",-49.625,-60.1875,108.741477272727,34,180
"3937",-49.625,-60.0625,113.554422445231,24,180
"3938",-49.625,-59.9375,117.581154075829,47,180
"3939",-49.625,-59.8125,122.296600912886,37,179
"3940",-49.625,-59.6875,126.517239988458,45,180
"3941",-49.625,-59.5625,129.121293595069,42,180
"3942",-49.625,-59.4375,124.319602997966,43,180
"3943",-49.625,-59.3125,130.532727685662,37,180
"3944",-49.625,-59.1875,130.783715419462,39,179
"3945",-49.625,-59.0625,131.200801495621,54,180
"3946",-49.625,-58.9375,127.922816061858,54,180
"3947",-49.625,-58.8125,123.821308627358,55,180
"3948",-49.625,-58.6875,119.329792490119,47,180
"3949",-49.625,-58.5625,130.337022781372,40,180
"3950",-49.625,-58.4375,137.795808355492,58,180
"3951",-49.625,-58.3125,149.060040509259,68,180
"3952",-49.625,-58.1875,155.880952380952,109,179
"3953",-49.625,-58.0625,160.588657633464,115,179
"3954",-49.625,-57.9375,157.857142857143,114,175
"3955",-49.625,-57.8125,156,138,171
"3956",-49.625,-57.6875,177,177,177
"3957",-49.625,-57.0625,129,129,129
"3958",-49.625,-56.9375,132.5,130,135
"3959",-49.625,-56.8125,142.5,142,143
"3960",-49.625,-56.4375,177,177,177
"3961",-49.625,-56.1875,136,136,136
"3962",-49.625,-56.0625,141,141,141
"3963",-49.625,-55.8125,160,142,178
"3964",-49.625,-55.6875,173,173,173
"3965",-49.625,-55.5625,143,143,143
"3966",-49.625,-55.3125,148,148,148
"3967",-49.625,-55.1875,149,149,149
"3968",-49.625,-54.6875,158,158,158
"3969",-49.375,-63.3125,38.6666666666667,37,41
"3970",-49.375,-63.1875,41,39,43
"3971",-49.375,-62.8125,121,88,154
"3972",-49.375,-62.6875,123.590909090909,96,166
"3973",-49.375,-62.5625,128.127659574468,74,173
"3974",-49.375,-62.4375,109.488636363636,70,163
"3975",-49.375,-62.3125,107.918032786885,49,180
"3976",-49.375,-62.1875,122.117647058824,51,178
"3977",-49.375,-62.0625,122.526315789474,99,168
"3978",-49.375,-61.9375,130.495327102804,101,162
"3979",-49.375,-61.8125,135.957746478873,102,180
"3980",-49.375,-61.6875,146.734848484848,121,180
"3981",-49.375,-61.5625,152.036363636364,14,179
"3982",-49.375,-61.4375,140.044117647059,16,179
"3983",-49.375,-61.3125,129.638888888889,14,180
"3984",-49.375,-61.1875,80.8009478672986,13,180
"3985",-49.375,-61.0625,81.9732823554745,13,180
"3986",-49.375,-60.9375,74.4382513661202,13,180
"3987",-49.375,-60.8125,76.0226715686274,16,179.9375
"3988",-49.375,-60.6875,94.3876923076923,19,180
"3989",-49.375,-60.5625,102.925925925926,25,180
"3990",-49.375,-60.4375,103.025531914894,28,180
"3991",-49.375,-60.3125,103.802302470614,22,180
"3992",-49.375,-60.1875,107.856770833333,24,180
"3993",-49.375,-60.0625,116.548427956853,23,180
"3994",-49.375,-59.9375,115.577589667153,39,180
"3995",-49.375,-59.8125,130.372593157219,44,179
"3996",-49.375,-59.6875,121.60248335581,43,180
"3997",-49.375,-59.5625,127.402397775729,47,180
"3998",-49.375,-59.4375,133.300742668834,63,180
"3999",-49.375,-59.3125,131.156885349663,58,180
"4000",-49.375,-59.1875,129.342592688379,40,180
"4001",-49.375,-59.0625,133.287865928546,56,180
"4002",-49.375,-58.9375,131.931766055046,58,180
"4003",-49.375,-58.8125,128.337739204952,56,180
"4004",-49.375,-58.6875,123.635163951499,48,180
"4005",-49.375,-58.5625,125.418898930625,32,180
"4006",-49.375,-58.4375,137.377998891503,60,179
"4007",-49.375,-58.3125,145.185357709303,59,179
"4008",-49.375,-58.1875,151.234567901235,110,180
"4009",-49.375,-58.0625,166.8,119,180
"4010",-49.375,-57.9375,157.4,146,172
"4011",-49.375,-57.8125,161.5,150,173
"4012",-49.375,-57.6875,168.666666666667,149,179
"4013",-49.375,-57.0625,126,124,128
"4014",-49.375,-56.8125,144,144,144
"4015",-49.375,-56.5625,179,179,179
"4016",-49.375,-56.4375,178,178,178
"4017",-49.375,-55.8125,137,137,137
"4018",-49.375,-55.5625,161.5,144,179
"4019",-49.375,-55.4375,143,138,146
"4020",-49.375,-55.3125,165,147,174
"4021",-49.375,-54.6875,159.5,159,160
"4022",-49.125,-62.8125,140.714285714286,86,180
"4023",-49.125,-62.6875,162.6,74,180
"4024",-49.125,-62.5625,123.964912280702,87,175
"4025",-49.125,-62.4375,94.8076923076923,69,147
"4026",-49.125,-62.3125,108.254237288136,66,130
"4027",-49.125,-62.1875,104.545454545455,44,175
"4028",-49.125,-62.0625,121.082352941176,97,174
"4029",-49.125,-61.9375,126.2,98,166
"4030",-49.125,-61.8125,132.206349206349,101,178
"4031",-49.125,-61.6875,145.991379310345,107,180
"4032",-49.125,-61.5625,154.103896103896,15,180
"4033",-49.125,-61.4375,137.621951219512,15,180
"4034",-49.125,-61.3125,110.320512820513,15,180
"4035",-49.125,-61.1875,98.0649350649351,16,180
"4036",-49.125,-61.0625,76.1400068649138,14,180
"4037",-49.125,-60.9375,86.8103448275862,15,180
"4038",-49.125,-60.8125,92.2716417910448,17,180
"4039",-49.125,-60.6875,96.6272189349112,22,180
"4040",-49.125,-60.5625,106.186274509804,26,180
"4041",-49.125,-60.4375,100.022727272727,25,180
"4042",-49.125,-60.3125,100.794319692284,23,180
"4043",-49.125,-60.1875,107.546705317677,22,180
"4044",-49.125,-60.0625,110.783798879974,40,180
"4045",-49.125,-59.9375,114.058851252841,37,180
"4046",-49.125,-59.8125,129.821407656126,52,180
"4047",-49.125,-59.6875,126.568271800854,37,180
"4048",-49.125,-59.5625,131.713858922323,46,180
"4049",-49.125,-59.4375,130.098207765871,36,180
"4050",-49.125,-59.3125,130.929057447878,35,180
"4051",-49.125,-59.1875,128.63046523476,41,180
"4052",-49.125,-59.0625,132.611734835136,52,180
"4053",-49.125,-58.9375,130.240234405275,51,180
"4054",-49.125,-58.8125,125.135873567756,50,180
"4055",-49.125,-58.6875,127.848118885022,54,180
"4056",-49.125,-58.5625,128.909078208349,53,180
"4057",-49.125,-58.4375,135.171207525791,69,179
"4058",-49.125,-58.3125,141.965277931907,79,179
"4059",-49.125,-58.1875,138.582658555773,69,176
"4060",-49.125,-58.0625,145.714285714286,114,175
"4061",-49.125,-57.9375,162,153,171
"4062",-49.125,-57.8125,171.833333333333,154,177
"4063",-49.125,-57.6875,154.75,145,180
"4064",-49.125,-57.5625,147,147,147
"4065",-49.125,-57.3125,153.5,153,154
"4066",-49.125,-57.1875,155,155,155
"4067",-49.125,-57.0625,121.8,120,123
"4068",-49.125,-56.8125,145,145,145
"4069",-49.125,-56.5625,180,180,180
"4070",-49.125,-55.4375,180,180,180
"4071",-49.125,-54.8125,163.5,163,164
"4072",-49.125,-54.6875,161.5,161,162
"4073",-49.125,-54.5625,178.5,178,179
"4074",-49.125,-54.4375,180,180,180
"4075",-48.875,-62.8125,157.5,146,178
"4076",-48.875,-62.6875,125.529411764706,69,175
"4077",-48.875,-62.5625,112.307692307692,67,177
"4078",-48.875,-62.4375,85.9714285714286,70,148
"4079",-48.875,-62.3125,98.6417910447761,48,153
"4080",-48.875,-62.1875,97.2297297297297,40,180
"4081",-48.875,-62.0625,117.036585365854,87,173
"4082",-48.875,-61.9375,110.306818181818,29,165
"4083",-48.875,-61.8125,112.3125,26,180
"4084",-48.875,-61.6875,144.513888888889,115,180
"4085",-48.875,-61.5625,147.345679012346,16,180
"4086",-48.875,-61.4375,127.692307692308,16,180
"4087",-48.875,-61.3125,113.707317073171,16,179
"4088",-48.875,-61.1875,71.3649540018946,15,180
"4089",-48.875,-61.0625,75.0410554769185,15,180
"4090",-48.875,-60.9375,100.083850931677,18,180
"4091",-48.875,-60.8125,96.3218390804598,21,180
"4092",-48.875,-60.6875,103.282229965157,24,175
"4093",-48.875,-60.5625,94.1585365853659,23,180
"4094",-48.875,-60.4375,98.6761133603239,24,180
"4095",-48.875,-60.3125,105.667425968109,26,180
"4096",-48.875,-60.1875,101.242598336093,33,180
"4097",-48.875,-60.0625,108.511936339523,37,180
"4098",-48.875,-59.9375,117.763956772,43,180
"4099",-48.875,-59.8125,123.718077664084,38,180
"4100",-48.875,-59.6875,130.97145072493,48,180
"4101",-48.875,-59.5625,137.153034429441,47,180
"4102",-48.875,-59.4375,133.088825803815,59,180
"4103",-48.875,-59.3125,133.727232813667,42,180
"4104",-48.875,-59.1875,132.399444956838,53,180
"4105",-48.875,-59.0625,131.564923447714,34,180
"4106",-48.875,-58.9375,130.885416761442,61,180
"4107",-48.875,-58.8125,129.327373107781,53,180
"4108",-48.875,-58.6875,129.273757345635,33,180
"4109",-48.875,-58.5625,132.779166755123,41,180
"4110",-48.875,-58.4375,133.51099555875,56,180
"4111",-48.875,-58.3125,137.8213018373,71,175
"4112",-48.875,-58.1875,139.239366531372,70,180
"4113",-48.875,-58.0625,135.111111111111,100,171
"4114",-48.875,-57.9375,140.222222222222,125,156
"4115",-48.875,-57.8125,170.666666666667,155,179
"4116",-48.875,-57.6875,180,180,180
"4117",-48.875,-57.3125,151.5,151,152
"4118",-48.875,-57.1875,121.285714285714,113,156
"4119",-48.875,-57.0625,119,119,119
"4120",-48.875,-55.3125,139,139,139
"4121",-48.875,-55.0625,167.5,166,169
"4122",-48.875,-54.9375,165,165,165
"4123",-48.875,-54.6875,176.5,176,177
"4124",-48.625,-62.8125,152.428571428571,142,176
"4125",-48.625,-62.6875,113.3,80,180
"4126",-48.625,-62.5625,107.90625,63,178
"4127",-48.625,-62.4375,101.172043010753,54,168
"4128",-48.625,-62.3125,98.8888888888889,44,168
"4129",-48.625,-62.1875,95.6842105263158,31,177
"4130",-48.625,-62.0625,111.679012345679,90,161
"4131",-48.625,-61.9375,96.3134328358209,23,164
"4132",-48.625,-61.8125,85.8548387096774,20,179
"4133",-48.625,-61.6875,143.878048780488,18,180
"4134",-48.625,-61.5625,134.791208791209,17,180
"4135",-48.625,-61.4375,124,17,180
"4136",-48.625,-61.3125,81.4809160305343,18,176
"4137",-48.625,-61.1875,77.9685511059231,17,180
"4138",-48.625,-61.0625,70.25,15,180
"4139",-48.625,-60.9375,91.7783018867924,18,179
"4140",-48.625,-60.8125,87.1666666666667,19,180
"4141",-48.625,-60.6875,88.1764705882353,21,176
"4142",-48.625,-60.5625,95.6793893129771,22,179
"4143",-48.625,-60.4375,110.253012048193,24,180
"4144",-48.625,-60.3125,115.536105032823,27,180
"4145",-48.625,-60.1875,98.3770161290323,29,180
"4146",-48.625,-60.0625,112.264623955432,41,180
"4147",-48.625,-59.9375,115.514486403692,45,179
"4148",-48.625,-59.8125,125.555862042082,50,180
"4149",-48.625,-59.6875,133.45662538253,49,180
"4150",-48.625,-59.5625,133.946568263773,51,180
"4151",-48.625,-59.4375,132.375436140911,46,179
"4152",-48.625,-59.3125,134.581172522898,43,180
"4153",-48.625,-59.1875,129.938776281496,57,180
"4154",-48.625,-59.0625,130.187564747181,67,180
"4155",-48.625,-58.9375,132.400614968588,56,180
"4156",-48.625,-58.8125,131.650158249752,65,180
"4157",-48.625,-58.6875,133.342032261899,62,180
"4158",-48.625,-58.5625,132.573046532747,41,180
"4159",-48.625,-58.4375,126.748931884766,54,178
"4160",-48.625,-58.3125,143.052973820613,90,180
"4161",-48.625,-58.1875,137.96,97,180
"4162",-48.625,-58.0625,148.220238095238,98,177
"4163",-48.625,-57.9375,147.916666666667,124,178
"4164",-48.625,-57.8125,157.166666666667,138,177
"4165",-48.625,-57.6875,88.5,88,89
"4166",-48.625,-57.5625,95,90,104
"4167",-48.625,-57.4375,92,92,92
"4168",-48.625,-57.3125,109.6,93,150
"4169",-48.625,-57.1875,107,95,112
"4170",-48.625,-57.0625,126.5,96,157
"4171",-48.625,-56.9375,102.5,97,108
"4172",-48.625,-56.8125,127.5,109,146
"4173",-48.625,-55.3125,175,175,175
"4174",-48.625,-55.0625,170.5,170,171
"4175",-48.625,-54.9375,172,172,172
"4176",-48.625,-54.8125,173.5,173,174
"4177",-48.625,-54.6875,175,175,175
"4178",-48.375,-62.8125,104.8,78,174
"4179",-48.375,-62.6875,98.95,86,172
"4180",-48.375,-62.5625,95.936170212766,58,174
"4181",-48.375,-62.4375,84.95,32,137
"4182",-48.375,-62.3125,100.046728971963,26,161
"4183",-48.375,-62.1875,100.523255813953,30,175
"4184",-48.375,-62.0625,111.117647058824,39,144
"4185",-48.375,-61.9375,89.68,21,165
"4186",-48.375,-61.8125,97.9642857142857,19,180
"4187",-48.375,-61.6875,112.466666666667,19,172
"4188",-48.375,-61.5625,123.613333333333,19,176
"4189",-48.375,-61.4375,124.552631578947,18,180
"4190",-48.375,-61.3125,74.2704402515723,19,177
"4191",-48.375,-61.1875,77.2599031045827,16,177
"4192",-48.375,-61.0625,74.7917222418089,16,180
"4193",-48.375,-60.9375,93.3853051321847,22,180
"4194",-48.375,-60.8125,98.5761904761905,23,180
"4195",-48.375,-60.6875,105.592592592593,22,180
"4196",-48.375,-60.5625,106.180904522613,23,180
"4197",-48.375,-60.4375,110.951086956522,30,180
"4198",-48.375,-60.3125,121.448160535117,34,180
"4199",-48.375,-60.1875,106.844978165939,33,180
"4200",-48.375,-60.0625,107.871369294606,32,180
"4201",-48.375,-59.9375,122.447485563206,42,180
"4202",-48.375,-59.8125,123.491720093142,39,180
"4203",-48.375,-59.6875,133.953283110853,40,180
"4204",-48.375,-59.5625,132.923913043478,64,180
"4205",-48.375,-59.4375,133.428374934003,44,180
"4206",-48.375,-59.3125,136.784848284978,45,180
"4207",-48.375,-59.1875,137.688478015718,73,180
"4208",-48.375,-59.0625,136.839716555182,72,180
"4209",-48.375,-58.9375,132.450940907093,59,180
"4210",-48.375,-58.8125,131.971259451046,54,180
"4211",-48.375,-58.6875,129.228240831163,42,180
"4212",-48.375,-58.5625,129.734909253243,54,179
"4213",-48.375,-58.4375,136.641583950365,82.8333333333333,180
"4214",-48.375,-58.3125,139.319772012579,57,179
"4215",-48.375,-58.1875,141.684027777778,104,178
"4216",-48.375,-58.0625,142.85,106,177
"4217",-48.375,-57.9375,150.479166666667,119,180
"4218",-48.375,-57.8125,137.5,97,174
"4219",-48.375,-57.6875,122.571428571429,78,173
"4220",-48.375,-57.5625,118.5,79,168
"4221",-48.375,-57.4375,137.272727272727,100,165
"4222",-48.375,-57.3125,111.6,102,125
"4223",-48.375,-56.9375,158,158,158
"4224",-48.375,-56.8125,98.5,98,99
"4225",-48.375,-56.6875,159,159,159
"4226",-48.375,-56.5625,160,160,160
"4227",-48.375,-56.4375,161,161,161
"4228",-48.125,-62.9375,86,83,91
"4229",-48.125,-62.8125,92.7666666666667,76,109
"4230",-48.125,-62.6875,96.3714285714286,62,134
"4231",-48.125,-62.5625,94.8823529411765,33,177
"4232",-48.125,-62.4375,92.9310344827586,29,160
"4233",-48.125,-62.3125,99.1758241758242,24,176
"4234",-48.125,-62.1875,108.78313253012,25,178
"4235",-48.125,-62.0625,108.857142857143,24,180
"4236",-48.125,-61.9375,113.533333333333,21,179
"4237",-48.125,-61.8125,96.4931506849315,20,180
"4238",-48.125,-61.6875,85.5862068965517,20,178
"4239",-48.125,-61.5625,84.9310344827586,20,178
"4240",-48.125,-61.4375,77.3953488372093,21,175
"4241",-48.125,-61.3125,72.1269035532995,19,179
"4242",-48.125,-61.1875,73.9137931034483,18,179
"4243",-48.125,-61.0625,78.6833333333333,17,180
"4244",-48.125,-60.9375,78.6630434782609,21,180
"4245",-48.125,-60.8125,87,23,180
"4246",-48.125,-60.6875,100.718954248366,24,180
"4247",-48.125,-60.5625,97.4675925925926,26,180
"4248",-48.125,-60.4375,116.672413793103,28,180
"4249",-48.125,-60.3125,120.350515463918,51,180
"4250",-48.125,-60.1875,98.9957366492678,34,180
"4251",-48.125,-60.0625,123.162484226805,43,180
"4252",-48.125,-59.9375,121.851897970455,51,180
"4253",-48.125,-59.8125,130.753256420603,55,180
"4254",-48.125,-59.6875,136.348117159814,65,180
"4255",-48.125,-59.5625,135.314481516118,70,180
"4256",-48.125,-59.4375,132.801002710044,46,179
"4257",-48.125,-59.3125,138.480597465681,79,180
"4258",-48.125,-59.1875,134.804020100502,43,180
"4259",-48.125,-59.0625,133.513905089579,63,180
"4260",-48.125,-58.9375,129.607604474373,43,178
"4261",-48.125,-58.8125,131.504108795113,58,180
"4262",-48.125,-58.6875,132.109375,56,180
"4263",-48.125,-58.5625,137.281959451655,53,180
"4264",-48.125,-58.4375,139.854313380282,55,180
"4265",-48.125,-58.3125,136.651960784314,90,177
"4266",-48.125,-58.1875,120.741935483871,58,175
"4267",-48.125,-58.0625,120.61,60,163
"4268",-48.125,-57.9375,134,61,179
"4269",-48.125,-57.8125,137.414351851852,69,173
"4270",-48.125,-57.6875,108.8,70,171
"4271",-48.125,-57.5625,142.4,82,170
"4272",-48.125,-57.4375,149.285714285714,129,161
"4273",-48.125,-57.3125,127,126,128
"4274",-48.125,-56.8125,103.666666666667,100,110
"4275",-48.125,-56.5625,147,147,147
"4276",-48.125,-56.4375,162,162,162
"4277",-48.125,-56.0625,154,148,160
"4278",-48.125,-55.9375,153,147,159
"4279",-48.125,-55.8125,153.666666666667,146,158
"4280",-48.125,-55.3125,158,140,176
"4281",-47.875,-63.0625,81.25,80,82
"4282",-47.875,-62.9375,89.6,74,106
"4283",-47.875,-62.8125,95.1481481481481,74,175
"4284",-47.875,-62.6875,95.1818181818182,41,174
"4285",-47.875,-62.5625,90.0051282051282,36,180
"4286",-47.875,-62.4375,83.7090909090909,29,159
"4287",-47.875,-62.3125,84,27,180
"4288",-47.875,-62.1875,83.5076923076923,23,179
"4289",-47.875,-62.0625,78.4545454545455,22,180
"4290",-47.875,-61.9375,75.0290697674419,22,179
"4291",-47.875,-61.8125,72.0095238095238,21,180
"4292",-47.875,-61.6875,78.0271739130435,22,180
"4293",-47.875,-61.5625,78.87,21,180
"4294",-47.875,-61.4375,73.5192307692308,20,173
"4295",-47.875,-61.3125,85.2864583333333,20,180
"4296",-47.875,-61.1875,67.2190476190476,19,180
"4297",-47.875,-61.0625,79.9176470588235,19,180
"4298",-47.875,-60.9375,89.4906542056075,34,180
"4299",-47.875,-60.8125,109.288888888889,43,179
"4300",-47.875,-60.6875,112.611570247934,39,179
"4301",-47.875,-60.5625,100.489051094891,43,180
"4302",-47.875,-60.4375,110.627027027027,45,180
"4303",-47.875,-60.3125,109.757062146893,46,180
"4304",-47.875,-60.1875,123.414620244369,45,180
"4305",-47.875,-60.0625,126.815426296658,44,179
"4306",-47.875,-59.9375,128.819882155133,52,180
"4307",-47.875,-59.8125,130.809714628227,56,180
"4308",-47.875,-59.6875,132.076910621762,71,180
"4309",-47.875,-59.5625,138.613933597231,73,180
"4310",-47.875,-59.4375,134.103125059838,47,180
"4311",-47.875,-59.3125,134.96444786506,61,180
"4312",-47.875,-59.1875,134.565287859012,62,180
"4313",-47.875,-59.0625,132.456165798461,67,180
"4314",-47.875,-58.9375,134.194155262135,55,180
"4315",-47.875,-58.8125,133.716609486362,56,179
"4316",-47.875,-58.6875,134.288445530168,68,177
"4317",-47.875,-58.5625,126.21805563534,42,178
"4318",-47.875,-58.4375,142.659015043282,74,180
"4319",-47.875,-58.3125,132.020559210526,80,176.322916666667
"4320",-47.875,-58.1875,130.463541666667,70,177
"4321",-47.875,-58.0625,133.350177304965,78,176
"4322",-47.875,-57.9375,129.642857142857,62,179
"4323",-47.875,-57.8125,133.535714285714,66,175
"4324",-47.875,-57.6875,120.222222222222,72,180
"4325",-47.875,-57.5625,134.285714285714,83,171
"4326",-47.875,-57.4375,146.5,146,147
"4327",-47.875,-57.3125,148,148,148
"4328",-47.875,-56.8125,111.75,111,113
"4329",-47.875,-56.6875,102.5,102,103
"4330",-47.875,-56.3125,163,163,163
"4331",-47.875,-55.8125,145,145,145
"4332",-47.875,-55.6875,150,144,156
"4333",-47.875,-55.5625,154.5,154,155
"4334",-47.875,-55.4375,141,141,141
"4335",-47.625,-63.1875,77.5,77,78
"4336",-47.625,-63.0625,77.5,76,79
"4337",-47.625,-62.9375,99.8979591836735,72,145
"4338",-47.625,-62.8125,102.172131147541,69,180
"4339",-47.625,-62.6875,89.4245810055866,38,155
"4340",-47.625,-62.5625,82.6040268456376,33,156
"4341",-47.625,-62.4375,84.5365853658537,27,121
"4342",-47.625,-62.3125,77.8018867924528,26,174
"4343",-47.625,-62.1875,69.5,25,171
"4344",-47.625,-62.0625,72.0923076923077,24,175
"4345",-47.625,-61.9375,81.1066666666667,24,180
"4346",-47.625,-61.8125,87.016393442623,25,178
"4347",-47.625,-61.6875,107.659722222222,32,180
"4348",-47.625,-61.5625,98.45,31,180
"4349",-47.625,-61.4375,91.8186813186813,24,180
"4350",-47.625,-61.3125,77.9292929292929,23,180
"4351",-47.625,-61.1875,85.3155080213904,22,180
"4352",-47.625,-61.0625,93.4567901234568,35,180
"4353",-47.625,-60.9375,93.4489795918367,30,180
"4354",-47.625,-60.8125,94.2699386503067,33,174
"4355",-47.625,-60.6875,104.838709677419,37,180
"4356",-47.625,-60.5625,106.128205128205,58,180
"4357",-47.625,-60.4375,125.566433566434,49,180
"4358",-47.625,-60.3125,121.660377358491,56,180
"4359",-47.625,-60.1875,122.091758728027,46,179
"4360",-47.625,-60.0625,123.408284023669,55,180
"4361",-47.625,-59.9375,130.977068901062,51,180
"4362",-47.625,-59.8125,132.91173245614,66,180
"4363",-47.625,-59.6875,139.548209717738,40,180
"4364",-47.625,-59.5625,133.88355660817,59,180
"4365",-47.625,-59.4375,137.790740831163,77,180
"4366",-47.625,-59.3125,132.121217681668,42,180
"4367",-47.625,-59.1875,134.334170349643,70,180
"4368",-47.625,-59.0625,131.121694233603,59,180
"4369",-47.625,-58.9375,130.786223183909,57,180
"4370",-47.625,-58.8125,135.351921695402,60,180
"4371",-47.625,-58.6875,134.715611009293,62,179
"4372",-47.625,-58.5625,135.545763108614,43,178
"4373",-47.625,-58.4375,143.014925373134,69,180
"4374",-47.625,-58.3125,129.541666666667,83,178
"4375",-47.625,-58.1875,125.104938271605,71,178
"4376",-47.625,-58.0625,136.19512195122,107,178
"4377",-47.625,-57.9375,138.68085106383,112,180
"4378",-47.625,-57.8125,148.443181818182,85,180
"4379",-47.625,-57.6875,132.875,84,177
"4380",-47.625,-57.5625,142.770833333333,117,180
"4381",-47.625,-57.4375,172.666666666667,172,173
"4382",-47.625,-57.3125,149,149,149
"4383",-47.625,-57.1875,126.75,118,150
"4384",-47.625,-57.0625,116.5,116,117
"4385",-47.625,-56.9375,114.5,114,115
"4386",-47.625,-56.6875,104.5,104,105
"4387",-47.625,-56.3125,164,164,164
"4388",-47.625,-56.1875,155,149,161
"4389",-47.625,-55.5625,150.25,143,153
"4390",-47.625,-55.4375,142,142,142
"4391",-47.625,-55.1875,177,177,177
"4392",-47.625,-54.9375,178,178,178
"4393",-47.625,-54.4375,179,179,179
"4394",-47.625,-53.9375,180,180,180
"4395",-47.375,-63.1875,73.5714285714286,71,76
"4396",-47.375,-63.0625,108.090909090909,75,131
"4397",-47.375,-62.9375,111.683333333333,70,147
"4398",-47.375,-62.8125,99.3700787401575,66,141
"4399",-47.375,-62.6875,82.7816091954023,36,133
"4400",-47.375,-62.5625,86.3271028037383,30,154
"4401",-47.375,-62.4375,73.6942148760331,28,164
"4402",-47.375,-62.3125,73.0903614457831,27,170
"4403",-47.375,-62.1875,82.2356020942408,26,178
"4404",-47.375,-62.0625,93.8362068965517,36,162
"4405",-47.375,-61.9375,102.301075268817,56,180
"4406",-47.375,-61.8125,110.631067961165,55,176
"4407",-47.375,-61.6875,124.07100591716,54,180
"4408",-47.375,-61.5625,119.294444444444,53,180
"4409",-47.375,-61.4375,105.579310344828,51,180
"4410",-47.375,-61.3125,110.288372093023,29,180
"4411",-47.375,-61.1875,99.518018018018,25,180
"4412",-47.375,-61.0625,96.0666666666667,27,180
"4413",-47.375,-60.9375,105.60248447205,29,180
"4414",-47.375,-60.8125,120.179775280899,63,179
"4415",-47.375,-60.6875,116.098901098901,61,178
"4416",-47.375,-60.5625,134.224489795918,64,177
"4417",-47.375,-60.4375,143.139784946237,84,180
"4418",-47.375,-60.3125,132.142857142857,62,178
"4419",-47.375,-60.1875,123.8,57,180
"4420",-47.375,-60.0625,123.68769571367,47,175
"4421",-47.375,-59.9375,127.483018716176,57,180
"4422",-47.375,-59.8125,126.68060015817,58,180
"4423",-47.375,-59.6875,135.181818181818,60,180
"4424",-47.375,-59.5625,141.00866983544,41,180
"4425",-47.375,-59.4375,138.087198432934,74,180
"4426",-47.375,-59.3125,135.463533838041,58,180
"4427",-47.375,-59.1875,133.493519632131,59,180
"4428",-47.375,-59.0625,133.640625055893,56,180
"4429",-47.375,-58.9375,132.750434366862,61,180
"4430",-47.375,-58.8125,141.571147798742,44,180
"4431",-47.375,-58.6875,136.271843557647,61,177
"4432",-47.375,-58.5625,141.199685534591,64,179
"4433",-47.375,-58.4375,139.713141025641,67,176
"4434",-47.375,-58.3125,130.69387755102,101,174
"4435",-47.375,-58.1875,121.958333333333,62,161
"4436",-47.375,-58.0625,130.479166666667,109,159
"4437",-47.375,-57.9375,140.729838709677,108,178
"4438",-47.375,-57.8125,138.297872340426,107,180
"4439",-47.375,-57.6875,140.758620689655,118,178
"4440",-47.375,-57.5625,149.976449275362,110,179
"4441",-47.375,-57.4375,174.333333333333,174,175
"4442",-47.375,-57.3125,142.25,121,175
"4443",-47.375,-56.6875,106,106,106
"4444",-47.375,-56.3125,148,148,148
"4445",-47.375,-56.1875,162,162,162
"4446",-47.375,-56.0625,165,165,165
"4447",-47.375,-55.6875,150.5,150,151
"4448",-47.125,-63.1875,71.6666666666667,70,73
"4449",-47.125,-63.0625,99.037037037037,67,130
"4450",-47.125,-62.9375,90.3623188405797,60,121
"4451",-47.125,-62.8125,84.6330935251798,62,139
"4452",-47.125,-62.6875,84.9248554913295,53,173
"4453",-47.125,-62.5625,85.5279187817259,29,177
"4454",-47.125,-62.4375,78.6645962732919,28,180
"4455",-47.125,-62.3125,78.8039215686275,31,180
"4456",-47.125,-62.1875,97.1603773584906,29,179
"4457",-47.125,-62.0625,108,63,166
"4458",-47.125,-61.9375,116.447368421053,66,168
"4459",-47.125,-61.8125,136.217391304348,64,179
"4460",-47.125,-61.6875,134.554455445545,61,180
"4461",-47.125,-61.5625,109.672413793103,59,180
"4462",-47.125,-61.4375,98.4375,57,176
"4463",-47.125,-61.3125,106.2421875,54,180
"4464",-47.125,-61.1875,111.777142857143,37,179
"4465",-47.125,-61.0625,110.288235294118,32,180
"4466",-47.125,-60.9375,130.859259259259,68,175
"4467",-47.125,-60.8125,120.986794393571,68,172
"4468",-47.125,-60.6875,129.694688228139,69,170
"4469",-47.125,-60.5625,152.282153821971,110,171
"4470",-47.125,-60.4375,152.945987761967,109,180
"4471",-47.125,-60.3125,133.299057146825,90,175
"4472",-47.125,-60.1875,119.60824742268,58,180
"4473",-47.125,-60.0625,128.474025974026,71,180
"4474",-47.125,-59.9375,119.111643145161,58,180
"4475",-47.125,-59.8125,128.50901028275,48,179
"4476",-47.125,-59.6875,134.722891566265,59,180
"4477",-47.125,-59.5625,135.113541773746,71,180
"4478",-47.125,-59.4375,136.392377264706,76,180
"4479",-47.125,-59.3125,138.677441118101,57,180
"4480",-47.125,-59.1875,140.256342035813,49,179
"4481",-47.125,-59.0625,136.619309103701,62,180
"4482",-47.125,-58.9375,140.210992907801,45,180
"4483",-47.125,-58.8125,140.157368864837,62,178
"4484",-47.125,-58.6875,146.743483010317,77,179
"4485",-47.125,-58.5625,148.869791666667,66,180
"4486",-47.125,-58.4375,143.833333333333,96,180
"4487",-47.125,-58.3125,131.343518518519,88.8333333333333,179
"4488",-47.125,-58.1875,122.793560606061,72,174
"4489",-47.125,-58.0625,147.203125,84,173
"4490",-47.125,-57.9375,153.772727272727,94,176
"4491",-47.125,-57.8125,158.052083333333,142,180
"4492",-47.125,-57.6875,145.64,121,169
"4493",-47.125,-57.5625,143.122916666667,119,180
"4494",-47.125,-57.4375,154.575,118,179
"4495",-47.125,-57.3125,166,152,176
"4496",-47.125,-57.0625,111,111,111
"4497",-47.125,-56.9375,109.5,109,110
"4498",-47.125,-56.8125,108,108,108
"4499",-47.125,-56.6875,107,107,107
"4500",-47.125,-56.1875,150,150,150
"4501",-47.125,-55.9375,149,149,149
"4502",-46.875,-63.0625,93.5357142857143,64,128
"4503",-46.875,-62.9375,82.3148148148148,56,124
"4504",-46.875,-62.8125,78.7443609022556,55,112
"4505",-46.875,-62.6875,79.8227848101266,36,170
"4506",-46.875,-62.5625,88.0483870967742,33,180
"4507",-46.875,-62.4375,83.9270833333333,32,167
"4508",-46.875,-62.3125,95.251572327044,30,177
"4509",-46.875,-62.1875,107.103448275862,35,164
"4510",-46.875,-62.0625,140.942307692308,68,178
"4511",-46.875,-61.9375,141.026315789474,86,180
"4512",-46.875,-61.8125,128.666666666667,84,170
"4513",-46.875,-61.6875,118.69798488243,72,172
"4514",-46.875,-61.5625,107.899802071708,67,171
"4515",-46.875,-61.4375,122.080688476562,65,174
"4516",-46.875,-61.3125,139.364766438802,58,175
"4517",-46.875,-61.1875,123.027995109558,54,176
"4518",-46.875,-61.0625,124.866582697088,47,180
"4519",-46.875,-60.9375,135.319792175293,72,178
"4520",-46.875,-60.8125,137.16,113,173
"4521",-46.875,-60.6875,148.958333333333,112,169
"4522",-46.875,-60.5625,166.388888888889,136,174
"4523",-46.875,-60.4375,167.116666666667,108,180
"4524",-46.875,-60.3125,142.63904860924,101,180
"4525",-46.875,-60.1875,124.875,91,180
"4526",-46.875,-60.0625,128.163133587754,80,177
"4527",-46.875,-59.9375,128.308823529412,78,179
"4528",-46.875,-59.8125,129.801922807344,59,180
"4529",-46.875,-59.6875,135.618865853769,60,180
"4530",-46.875,-59.5625,137.374631629532,52,178
"4531",-46.875,-59.4375,136.811529907526,51,180
"4532",-46.875,-59.3125,137.124428144467,50,180
"4533",-46.875,-59.1875,138.125229457639,62,180
"4534",-46.875,-59.0625,142.485784720831,46,180
"4535",-46.875,-58.9375,142.477702680841,57,180
"4536",-46.875,-58.8125,149.289670435588,63,180
"4537",-46.875,-58.6875,156.8,98,180
"4538",-46.875,-58.5625,144.019230769231,76,180
"4539",-46.875,-58.4375,132.765151515152,65,176
"4540",-46.875,-58.3125,132.940217391304,83,177
"4541",-46.875,-58.1875,152.75,85,180
"4542",-46.875,-58.0625,148.809782608696,63,179.625
"4543",-46.875,-57.9375,155.25,93,180
"4544",-46.875,-57.8125,156.553571428571,94,179
"4545",-46.875,-57.6875,148.923076923077,124,180
"4546",-46.875,-57.5625,147.389784946237,119,179
"4547",-46.875,-57.4375,147.411764705882,111,180
"4548",-46.875,-57.3125,168.166666666667,154,179
"4549",-46.875,-57.1875,166.428571428571,114,180
"4550",-46.875,-57.0625,112.5,112,113
"4551",-46.875,-56.0625,163,163,163
"4552",-46.875,-55.9375,166,166,166
"4553",-46.625,-63.0625,96,85,112
"4554",-46.625,-62.9375,79.6551724137931,61,111
"4555",-46.625,-62.8125,74.2592592592593,52,105
"4556",-46.625,-62.6875,81.1483516483516,38,177
"4557",-46.625,-62.5625,88.017316017316,34,178
"4558",-46.625,-62.4375,82.7530120481928,33,180
"4559",-46.625,-62.3125,104.518518518519,31,175
"4560",-46.625,-62.1875,121.923076923077,68,178
"4561",-46.625,-62.0625,136.875,92,180
"4562",-46.625,-61.9375,150.71186440678,81,180
"4563",-46.625,-61.8125,136.338718959263,76,180
"4564",-46.625,-61.6875,120.022970346304,74,180
"4565",-46.625,-61.5625,176.75,173,180
"4566",-46.625,-61.4375,168.615384615385,112,180
"4567",-46.625,-61.3125,134.65,94,179
"4568",-46.625,-61.1875,122.05,78,180
"4569",-46.625,-61.0625,141.818181818182,113,180
"4570",-46.625,-60.9375,138.851851851852,116,180
"4571",-46.625,-60.8125,166.8,136,176
"4572",-46.625,-60.5625,165.25,151,179
"4573",-46.625,-60.4375,178.375,176,180
"4574",-46.625,-60.3125,145.665581703186,99,180
"4575",-46.625,-60.1875,130.514153762091,85,174
"4576",-46.625,-60.0625,131.654702550436,75,180
"4577",-46.625,-59.9375,138.126362121183,81,180
"4578",-46.625,-59.8125,129.150213183779,49,180
"4579",-46.625,-59.6875,131.94951679504,55,180
"4580",-46.625,-59.5625,135.831926812066,54,180
"4581",-46.625,-59.4375,135.511063824278,54,180
"4582",-46.625,-59.3125,139.847099033104,74,180
"4583",-46.625,-59.1875,142.89609676668,72,180
"4584",-46.625,-59.0625,145.641292908932,64,180
"4585",-46.625,-58.9375,136.059063124737,47,180
"4586",-46.625,-58.8125,143.646671572864,64,180
"4587",-46.625,-58.6875,148.473303956412,69,180
"4588",-46.625,-58.5625,154.7,107,180
"4589",-46.625,-58.4375,145.894736842105,111,177
"4590",-46.625,-58.3125,132.026315789474,64,167.625
"4591",-46.625,-58.1875,138.823529411765,74,175
"4592",-46.625,-58.0625,144.142857142857,102,171
"4593",-46.625,-57.9375,151.875,95,178.625
"4594",-46.625,-57.8125,157.59375,96,177
"4595",-46.625,-57.6875,150.817857142857,95,179
"4596",-46.625,-57.5625,155.928571428571,126,176
"4597",-46.625,-57.4375,157.352430555556,121,180
"4598",-46.625,-57.3125,157,116,180
"4599",-46.625,-57.1875,160.2,115,173
"4600",-46.625,-56.9375,172,172,172
"4601",-46.625,-56.6875,171,171,171
"4602",-46.625,-56.5625,170,170,170
"4603",-46.625,-56.4375,169,169,169
"4604",-46.625,-56.3125,168,168,168
"4605",-46.625,-56.1875,151,151,151
"4606",-46.625,-56.0625,167,167,167
"4607",-46.625,-55.9375,164,164,164
"4608",-46.375,-63.0625,55.3333333333333,52,59
"4609",-46.375,-62.9375,73.3571428571428,48,102
"4610",-46.375,-62.8125,73.5208333333333,43,107
"4611",-46.375,-62.6875,87.3942857142857,36,176
"4612",-46.375,-62.5625,91.7171717171717,33,180
"4613",-46.375,-62.4375,94.1267605633803,32,173
"4614",-46.375,-62.3125,118.475,37,177
"4615",-46.375,-62.1875,144.789473684211,77,180
"4616",-46.375,-62.0625,151.972222222222,106,179
"4617",-46.375,-61.9375,130.275525892103,84,177
"4618",-46.375,-61.8125,144.926768909801,100,179
"4619",-46.375,-61.6875,178,176,180
"4620",-46.375,-61.1875,140.5,140,141
"4621",-46.375,-61.0625,131.090909090909,121,145
"4622",-46.375,-60.8125,178.8,177,180
"4623",-46.375,-60.6875,159,159,159
"4624",-46.375,-60.5625,165.125,160,180
"4625",-46.375,-60.4375,136.785714285714,109,150
"4626",-46.375,-60.3125,132.45,103,180
"4627",-46.375,-60.1875,135.282051282051,82,175
"4628",-46.375,-60.0625,133.088278722281,74,178
"4629",-46.375,-59.9375,130.6740986785,58,180
"4630",-46.375,-59.8125,126.061675118928,50,180
"4631",-46.375,-59.6875,133.224888574509,66,180
"4632",-46.375,-59.5625,136.005888762297,63,180
"4633",-46.375,-59.4375,140.916142251756,56,179
"4634",-46.375,-59.3125,141.228980654762,63,180
"4635",-46.375,-59.1875,146.180516618021,82,180
"4636",-46.375,-59.0625,145.488636363636,66,180
"4637",-46.375,-58.9375,138.49170328776,48,179
"4638",-46.375,-58.8125,143.585546356401,66,179
"4639",-46.375,-58.6875,145.283950617284,71,179
"4640",-46.375,-58.5625,146.825,75,180
"4641",-46.375,-58.4375,151.76,74,179
"4642",-46.375,-58.3125,140.6,95,166
"4643",-46.375,-58.1875,141.78125,75,180
"4644",-46.375,-58.0625,166.303571428571,155,179
"4645",-46.375,-57.9375,155.776785714286,103,173
"4646",-46.375,-57.8125,157.447115384615,127,174
"4647",-46.375,-57.6875,153.074074074074,97,177
"4648",-46.375,-57.5625,152.652173913043,96,177
"4649",-46.375,-57.4375,156.176470588235,112,177
"4650",-46.375,-57.3125,151.818181818182,117,175
"4651",-46.375,-57.1875,174.5,174,175
"4652",-46.375,-57.0625,173,173,173
"4653",-46.375,-56.0625,152,152,152
"4654",-46.375,-55.8125,165,165,165
"4655",-46.125,-63.0625,68.6,60,98
"4656",-46.125,-62.9375,67.3529411764706,43,101
"4657",-46.125,-62.8125,77.959595959596,36,180
"4658",-46.125,-62.6875,91.2712550607287,35,178
"4659",-46.125,-62.5625,98.1515151515152,34,177
"4660",-46.125,-62.4375,110,41,178
"4661",-46.125,-62.3125,131.035714285714,78,179
"4662",-46.125,-62.1875,145.869565217391,109,180
"4663",-46.125,-62.0625,148.894736842105,107,176
"4664",-46.125,-61.9375,135.712561565897,92,180
"4665",-46.125,-61.8125,173.666666666667,164,180
"4666",-46.125,-61.0625,157.088888888889,128,180
"4667",-46.125,-60.9375,128.5,125,136
"4668",-46.125,-60.5625,169.5,167,172
"4669",-46.125,-60.4375,141.571428571429,110,151
"4670",-46.125,-60.3125,135.018518518519,87,176
"4671",-46.125,-60.1875,130.86301369863,83,180
"4672",-46.125,-60.0625,128.519278910623,75,179
"4673",-46.125,-59.9375,129.444947763342,52,180
"4674",-46.125,-59.8125,131.272222222222,51,176
"4675",-46.125,-59.6875,142.51182547433,57,180
"4676",-46.125,-59.5625,146.293785310734,59,180
"4677",-46.125,-59.4375,147.702575429281,91,180
"4678",-46.125,-59.3125,147.263157894737,70,180
"4679",-46.125,-59.1875,144.816901408451,69,180
"4680",-46.125,-59.0625,141.872222391764,60,180
"4681",-46.125,-58.9375,151.2764711004,72,180
"4682",-46.125,-58.8125,153.456140350877,67,180
"4683",-46.125,-58.6875,155.925381529565,73,180
"4684",-46.125,-58.5625,154.177777777778,102,180
"4685",-46.125,-58.4375,145.642857142857,91,180
"4686",-46.125,-58.3125,153.428571428571,126,178
"4687",-46.125,-58.1875,153.666666666667,125,170
"4688",-46.125,-58.0625,159.461538461538,131,172
"4689",-46.125,-57.9375,160.954545454545,76,180
"4690",-46.125,-57.8125,155.078947368421,104,180
"4691",-46.125,-57.6875,154.7,77,178
"4692",-46.125,-57.5625,150.452380952381,98,178
"4693",-46.125,-57.4375,161.5,120,180
"4694",-46.125,-57.3125,151.230555555556,119,179
"4695",-46.125,-57.1875,166,156,176
"4696",-46.125,-55.6875,166,166,166
"4697",-45.875,-63.0625,80.3461538461539,55,104
"4698",-45.875,-62.9375,83.3111111111111,39,169
"4699",-45.875,-62.8125,82.4726368159204,38,180
"4700",-45.875,-62.6875,101.442307692308,37,180
"4701",-45.875,-62.5625,124.702702702703,44,180
"4702",-45.875,-62.4375,136.974358974359,91,179
"4703",-45.875,-62.3125,152.705882352941,136,169
"4704",-45.875,-62.1875,132.454545454545,112,161
"4705",-45.875,-62.0625,152.708964954723,109,178
"4706",-45.875,-61.9375,123.935516357422,98,158
"4707",-45.875,-61.8125,155.947368421053,114,180
"4708",-45.875,-61.6875,169,167,171
"4709",-45.875,-61.3125,177.818181818182,176,180
"4710",-45.875,-61.1875,177,174,180
"4711",-45.875,-61.0625,139.714285714286,131,145
"4712",-45.875,-60.9375,135.625,128,141
"4713",-45.875,-60.8125,130,130,130
"4714",-45.875,-60.5625,175.386910574777,173,178.951395670573
"4715",-45.875,-60.4375,143.986113048735,112,179.951395670573
"4716",-45.875,-60.3125,126.6,83,178
"4717",-45.875,-60.1875,138.193305333455,76,178
"4718",-45.875,-60.0625,136.456527913411,79,180
"4719",-45.875,-59.9375,132.833333333333,62,180
"4720",-45.875,-59.8125,135.358901688547,58,180
"4721",-45.875,-59.6875,146.668507757336,65,180
"4722",-45.875,-59.5625,145.501867737433,69,180
"4723",-45.875,-59.4375,149.767361171126,71,180
"4724",-45.875,-59.3125,140.536742794152,50,180
"4725",-45.875,-59.1875,144.950328120479,61,180
"4726",-45.875,-59.0625,142.346514435852,49,180
"4727",-45.875,-58.9375,145.793697717055,68,180
"4728",-45.875,-58.8125,151.517766655816,74,180
"4729",-45.875,-58.6875,153.444444444444,101,180
"4730",-45.875,-58.5625,158.636746453901,129,180
"4731",-45.875,-58.4375,146.125,104,176
"4732",-45.875,-58.3125,146.647058823529,92,177
"4733",-45.875,-58.1875,159,93,180
"4734",-45.875,-58.0625,157.333333333333,123,179
"4735",-45.875,-57.9375,165.666666666667,129,180
"4736",-45.875,-57.8125,157.575757575758,128,180
"4737",-45.875,-57.6875,154.463414634146,123,180
"4738",-45.875,-57.5625,155.774193548387,123,180
"4739",-45.875,-57.4375,142.7,78,180
"4740",-45.875,-57.3125,147.538461538462,97,180
"4741",-45.875,-57.1875,152.666666666667,142,174
"4742",-45.875,-55.9375,153,153,153
"4743",-45.875,-55.6875,167,167,167
"4744",-45.625,-63.1875,138,134,142
"4745",-45.625,-63.0625,99.0847457627119,52,154
"4746",-45.625,-62.9375,76.0048076923077,40,170
"4747",-45.625,-62.8125,97.1341463414634,39,166
"4748",-45.625,-62.6875,141.216216216216,47,179
"4749",-45.625,-62.5625,155.571428571429,136,165
"4750",-45.625,-62.4375,148.352941176471,133,164
"4751",-45.625,-62.3125,142.416666666667,136,157
"4752",-45.625,-62.1875,139,112,176
"4753",-45.625,-62.0625,155.56150890532,111,180
"4754",-45.625,-61.9375,123,123,123
"4755",-45.625,-61.8125,143.821428571429,115,179
"4756",-45.625,-61.6875,162.777777777778,137,180
"4757",-45.625,-61.3125,169.071428571429,162,175
"4758",-45.625,-61.1875,159.315789473684,145,178
"4759",-45.625,-61.0625,149.782608695652,136,176
"4760",-45.625,-60.9375,157.65,134,170
"4761",-45.625,-60.8125,146.878048780488,131,164
"4762",-45.625,-60.6875,145,144,146
"4763",-45.625,-60.4375,123.736842105263,104,152
"4764",-45.625,-60.3125,124.897321428571,89,177
"4765",-45.625,-60.1875,126.705039521568,82,180
"4766",-45.625,-60.0625,128.805889423077,81,177
"4767",-45.625,-59.9375,132.731784292368,68,180
"4768",-45.625,-59.8125,140.697869471682,60,180
"4769",-45.625,-59.6875,146.225761217949,60,179
"4770",-45.625,-59.5625,144.618623391176,52,180
"4771",-45.625,-59.4375,140.244423606179,51,180
"4772",-45.625,-59.3125,141.922105637272,72,179
"4773",-45.625,-59.1875,145.637254901961,87,180
"4774",-45.625,-59.0625,149.41975308642,102,180
"4775",-45.625,-58.9375,156.912815903172,103,180
"4776",-45.625,-58.8125,157.149884541829,127,180
"4777",-45.625,-58.6875,150.538461538462,100,179
"4778",-45.625,-58.5625,153.509722900391,108,180
"4779",-45.625,-58.4375,153.060606060606,109,179
"4780",-45.625,-58.3125,154.6,120,180
"4781",-45.625,-58.1875,161.72,122,180
"4782",-45.625,-58.0625,158,94,180
"4783",-45.625,-57.9375,165.547619047619,128,180
"4784",-45.625,-57.8125,158.08,125,180
"4785",-45.625,-57.6875,148.473684210526,102,180
"4786",-45.625,-57.5625,158.842105263158,104,180
"4787",-45.625,-57.4375,155.04,99,171
"4788",-45.625,-57.3125,147.363888888889,79,180
"4789",-45.625,-57.1875,147.75,107,173
"4790",-45.625,-55.8125,154,154,154
"4791",-45.625,-55.6875,168,168,168
"4792",-45.375,-63.4375,132,132,132
"4793",-45.375,-63.3125,134,133,135
"4794",-45.375,-63.1875,87.4375,57,110
"4795",-45.375,-63.0625,84.7639751552795,43,173
"4796",-45.375,-62.9375,81.76,41,174
"4797",-45.375,-62.8125,112.244897959184,40,167
"4798",-45.375,-62.6875,142.736842105263,98,180
"4799",-45.375,-62.5625,165.5,129,174
"4800",-45.375,-62.4375,154.25,138,170
"4801",-45.375,-62.3125,144.4,134,159
"4802",-45.375,-62.1875,151.737413406372,113,179
"4803",-45.375,-62.0625,152.621914333767,148,157
"4804",-45.375,-61.8125,147,147,147
"4805",-45.375,-61.6875,152.272727272727,139,180
"4806",-45.375,-61.5625,178.6,177,180
"4807",-45.375,-61.0625,172,171,173
"4808",-45.375,-60.9375,172.5,165,180
"4809",-45.375,-60.8125,163,162,164
"4810",-45.375,-60.4375,127.076923076923,105,154
"4811",-45.375,-60.3125,121.505658938561,83,179
"4812",-45.375,-60.1875,140.129464285714,77,180
"4813",-45.375,-60.0625,138.467474489796,84,176
"4814",-45.375,-59.9375,129.760683760684,75,180
"4815",-45.375,-59.8125,134.66184908549,59,180
"4816",-45.375,-59.6875,142.698844646585,66,179
"4817",-45.375,-59.5625,139.136980852923,73,180
"4818",-45.375,-59.4375,136.065040650407,73,180
"4819",-45.375,-59.3125,142.245762711864,90,180
"4820",-45.375,-59.1875,140.875,95,176
"4821",-45.375,-59.0625,142.186147186147,97,180
"4822",-45.375,-58.9375,153.633423605083,98,180
"4823",-45.375,-58.8125,151.023420745251,99,180
"4824",-45.375,-58.6875,154.170335685682,100,180
"4825",-45.375,-58.5625,152.111111333461,91,178
"4826",-45.375,-58.4375,148.81338560815,92,180
"4827",-45.375,-58.3125,154.459459459459,105,180
"4828",-45.375,-58.1875,158.272727272727,114,179
"4829",-45.375,-58.0625,158.645161290323,122,179
"4830",-45.375,-57.9375,162.42,95,180
"4831",-45.375,-57.8125,154.9375,100,180
"4832",-45.375,-57.6875,150,101,180
"4833",-45.375,-57.5625,142.5,100,173
"4834",-45.375,-57.4375,146.461538461538,98,172
"4835",-45.375,-57.3125,143.363636363636,101,175
"4836",-45.375,-57.1875,140,80,175
"4837",-45.375,-56.4375,164,164,164
"4838",-45.375,-56.1875,163,163,163
"4839",-45.375,-55.8125,155,155,155
"4840",-45.375,-55.6875,169,169,169
"4841",-45.125,-63.4375,114.714285714286,78,177
"4842",-45.125,-63.3125,103.233333333333,58,176
"4843",-45.125,-63.1875,87.3703703703704,49,174
"4844",-45.125,-63.0625,77.4976076555024,44,180
"4845",-45.125,-62.9375,93.5131578947368,41,175
"4846",-45.125,-62.8125,122.594594594595,50,169
"4847",-45.125,-62.6875,152,100,180
"4848",-45.125,-62.5625,157.285714285714,130,176
"4849",-45.125,-62.4375,156.255319148936,119,175
"4850",-45.125,-62.3125,147,115,175
"4851",-45.125,-62.1875,150.4,121,180
"4852",-45.125,-62.0625,161.025927734375,153,180
"4853",-45.125,-61.9375,172.411764705882,161,180
"4854",-45.125,-61.8125,151,149,153
"4855",-45.125,-61.6875,148,148,148
"4856",-45.125,-60.4375,123,103,155
"4857",-45.125,-60.3125,120.97285415187,84,164
"4858",-45.125,-60.1875,141.196875,86,176
"4859",-45.125,-60.0625,141.5908203125,85,180
"4860",-45.125,-59.9375,128.303108530196,61,179
"4861",-45.125,-59.8125,139.180481320336,72,179
"4862",-45.125,-59.6875,139.855687669486,65,180
"4863",-45.125,-59.5625,140.007761517693,53,179
"4864",-45.125,-59.4375,143.237623762376,74,180
"4865",-45.125,-59.3125,142.697674418605,92,177
"4866",-45.125,-59.1875,150.197183098592,99,180
"4867",-45.125,-59.0625,142.090909090909,96,180
"4868",-45.125,-58.9375,153.289855072464,97,180
"4869",-45.125,-58.8125,151.637521454782,98,180
"4870",-45.125,-58.6875,149.679243977865,87,179.927083333333
"4871",-45.125,-58.5625,148.80884009009,89,179
"4872",-45.125,-58.4375,157.997760403541,96,180
"4873",-45.125,-58.3125,148.833333333333,97,180
"4874",-45.125,-58.1875,158.606060606061,103,179
"4875",-45.125,-58.0625,154.222222222222,107,179
"4876",-45.125,-57.9375,163.45,108,180
"4877",-45.125,-57.8125,164.05,135,180
"4878",-45.125,-57.6875,156.666666666667,109,180
"4879",-45.125,-57.5625,148.163265306122,99,179
"4880",-45.125,-57.4375,148.444444444444,102,172
"4881",-45.125,-57.3125,137.050925925926,108,163
"4882",-45.125,-57.1875,147.5,115,174
"4883",-45.125,-56.5625,165,165,165
"4884",-45.125,-56.1875,162,162,162
"4885",-45.125,-56.0625,160.5,160,161
"4886",-45.125,-55.8125,156.5,156,157
"4887",-44.875,-63.5625,142.75,83,180
"4888",-44.875,-63.4375,99.8666666666667,52,178
"4889",-44.875,-63.3125,94.0666666666667,51,162
"4890",-44.875,-63.1875,83.8571428571429,47,179
"4891",-44.875,-63.0625,95.9012345679012,44,177
"4892",-44.875,-62.9375,108.416666666667,43,164
"4893",-44.875,-62.8125,131.5,51,170
"4894",-44.875,-62.6875,157.037037037037,75,180
"4895",-44.875,-62.5625,126.5625,74,174
"4896",-44.875,-62.4375,147.192307692308,71,180
"4897",-44.875,-62.3125,169.055555555556,136,180
"4898",-44.875,-62.1875,155.513513513514,124,180
"4899",-44.875,-62.0625,162.958337402344,161.597229003906,164
"4900",-44.875,-61.8125,156.5,154,159
"4901",-44.875,-60.4375,108.857142857143,105,114
"4902",-44.875,-60.3125,111.620581424598,93,133
"4903",-44.875,-60.1875,130.133507283529,85,174
"4904",-44.875,-60.0625,139.591319783529,96,180
"4905",-44.875,-59.9375,141.620138888889,87,180
"4906",-44.875,-59.8125,131.247790434866,62,180
"4907",-44.875,-59.6875,138.041092175088,60,180
"4908",-44.875,-59.5625,141.796890483845,65,180
"4909",-44.875,-59.4375,139.55223880597,75,178
"4910",-44.875,-59.3125,149.969696969697,95,173
"4911",-44.875,-59.1875,153.868421052632,100,167
"4912",-44.875,-59.0625,138.436363636364,94,179
"4913",-44.875,-58.9375,142.217948717949,94,180
"4914",-44.875,-58.8125,148.936747911241,97,180
"4915",-44.875,-58.6875,144.789629065472,84,178
"4916",-44.875,-58.5625,157.58064516129,88,180
"4917",-44.875,-58.4375,149.876436781609,86,179
"4918",-44.875,-58.3125,148.761111111111,87,180
"4919",-44.875,-58.1875,150.830853313005,91,180
"4920",-44.875,-58.0625,160.193548387097,104,179
"4921",-44.875,-57.9375,154,114,172
"4922",-44.875,-57.8125,150.541666666667,96,180
"4923",-44.875,-57.6875,164.714285714286,104,180
"4924",-44.875,-57.5625,159.32,119,180
"4925",-44.875,-57.4375,136.97149122807,109,175
"4926",-44.875,-57.3125,154.1,116,176
"4927",-44.875,-57.1875,120.6,81,159
"4928",-44.875,-56.9375,176.5,176,177
"4929",-44.875,-56.8125,176,176,176
"4930",-44.875,-56.6875,175,175,175
"4931",-44.875,-56.5625,166,166,166
"4932",-44.875,-56.4375,174,174,174
"4933",-44.875,-56.3125,172.5,172,173
"4934",-44.875,-56.1875,171,171,171
"4935",-44.875,-55.9375,158.5,158,159
"4936",-44.875,-55.6875,170,170,170
"4937",-44.625,-63.4375,102.607142857143,53,165
"4938",-44.625,-63.3125,94.1194029850746,58,180
"4939",-44.625,-63.1875,88.2391304347826,50,178
"4940",-44.625,-63.0625,103.118644067797,46,176
"4941",-44.625,-62.9375,114.122807017544,63,173
"4942",-44.625,-62.8125,121.842105263158,53,163
"4943",-44.625,-62.6875,145.857142857143,73,180
"4944",-44.625,-62.5625,169.333333333333,135,180
"4945",-44.625,-62.4375,115.727272727273,66,157
"4946",-44.625,-62.3125,171.146341463415,158,180
"4947",-44.625,-62.1875,158.795918367347,131,180
"4948",-44.625,-62.0625,155.399692111545,135,176
"4949",-44.625,-61.8125,160,160,160
"4950",-44.625,-61.6875,162.5,161,164
"4951",-44.625,-61.5625,165.5,165,166
"4952",-44.625,-60.8125,179,178,180
"4953",-44.625,-60.3125,160.5,160,161
"4954",-44.625,-60.1875,161.4,131,173
"4955",-44.625,-60.0625,156.210526315789,143,180
"4956",-44.625,-59.9375,137.545454545455,98,177
"4957",-44.625,-59.8125,136.4,63,178
"4958",-44.625,-59.6875,140.171041253358,67,180
"4959",-44.625,-59.5625,138.072949800037,63,179
"4960",-44.625,-59.4375,143.135006046637,54,180
"4961",-44.625,-59.3125,148.855555555556,90,180
"4962",-44.625,-59.1875,140.228070175439,100,179
"4963",-44.625,-59.0625,155.649122807018,93,179
"4964",-44.625,-58.9375,150.214285714286,92,180
"4965",-44.625,-58.8125,151.706486695202,97,180
"4966",-44.625,-58.6875,149.045743048479,83,180
"4967",-44.625,-58.5625,143.181865956049,81,179
"4968",-44.625,-58.4375,139.945833333333,82,180
"4969",-44.625,-58.3125,147.67117331214,83,180
"4970",-44.625,-58.1875,140.892987060547,84,175
"4971",-44.625,-58.0625,145.016033696193,92,180
"4972",-44.625,-57.9375,161.928434018736,117,179
"4973",-44.625,-57.8125,155.333333333333,98,180
"4974",-44.625,-57.6875,155.948412698413,112,179
"4975",-44.625,-57.5625,151.918859649123,110,179
"4976",-44.625,-57.4375,163.5,126,179
"4977",-44.625,-57.3125,144.666666666667,82,180
"4978",-44.625,-57.1875,150,124,166
"4979",-44.625,-57.0625,119,119,119
"4980",-44.625,-56.9375,178,178,178
"4981",-44.625,-56.8125,177,177,177
"4982",-44.625,-56.5625,167,167,167
"4983",-44.625,-56.1875,169,169,169
"4984",-44.625,-56.0625,170,170,170
"4985",-44.625,-55.6875,171,171,171
"4986",-44.375,-63.4375,119.72,54,171
"4987",-44.375,-63.3125,79.4722222222222,55,115
"4988",-44.375,-63.1875,93.6486486486486,60,180
"4989",-44.375,-63.0625,91.3703703703704,48,147
"4990",-44.375,-62.9375,114.066666666667,55,169
"4991",-44.375,-62.8125,122.763636363636,54,170
"4992",-44.375,-62.6875,96.0952380952381,57,142
"4993",-44.375,-62.5625,148.954545454545,62,178
"4994",-44.375,-62.4375,153.833333333333,150,163
"4995",-44.375,-62.3125,150.210526315789,88,180
"4996",-44.375,-62.1875,164,160,168
"4997",-44.375,-62.0625,172.164216883042,166.597229003906,180
"4998",-44.375,-61.8125,121,120,122
"4999",-44.375,-61.6875,125.5,123,128
"5000",-44.375,-61.5625,139.25,129,167
"5001",-44.375,-61.4375,150.666666666667,132,169
"5002",-44.375,-60.8125,173,168,177
"5003",-44.375,-60.6875,172,170,174
"5004",-44.375,-60.4375,165.5,165,166
"5005",-44.375,-60.3125,160.333333333333,158,164
"5006",-44.375,-60.1875,156.333333333333,130,171
"5007",-44.375,-60.0625,158.5,140,179
"5008",-44.375,-59.9375,134.909090909091,101,160
"5009",-44.375,-59.8125,132.75615530303,64,179
"5010",-44.375,-59.6875,134.488242674976,71,180
"5011",-44.375,-59.5625,141.755319365373,61,180
"5012",-44.375,-59.4375,140.766666666667,66,180
"5013",-44.375,-59.3125,139.391048524438,66,179
"5014",-44.375,-59.1875,147.940298507463,55,180
"5015",-44.375,-59.0625,142.765957446808,67,180
"5016",-44.375,-58.9375,156.432432432432,91,180
"5017",-44.375,-58.8125,154.372549019608,91,180
"5018",-44.375,-58.6875,145.470685448151,83,179
"5019",-44.375,-58.5625,136.13742707905,74,180
"5020",-44.375,-58.4375,148.394366197183,75,180
"5021",-44.375,-58.3125,143.6538583261,76,179
"5022",-44.375,-58.1875,138.139067299346,77,180
"5023",-44.375,-58.0625,147.588719374469,78,180
"5024",-44.375,-57.9375,138.762336061712,79,178
"5025",-44.375,-57.8125,151.176470588235,80,180
"5026",-44.375,-57.6875,144.722916666667,99,180
"5027",-44.375,-57.5625,158.363636363636,101,180
"5028",-44.375,-57.4375,147.333333333333,84,179
"5029",-44.375,-57.3125,160.733333333333,83,177
"5030",-44.375,-57.1875,140,125,169
"5031",-44.375,-57.0625,167,167,167
"5032",-44.375,-56.8125,179,179,179
"5033",-44.375,-56.6875,178,178,178
"5034",-44.375,-56.4375,179,179,179
"5035",-44.375,-56.3125,172,168,180
"5036",-44.375,-55.6875,172,172,172
"5037",-44.125,-63.4375,131.25,90,173
"5038",-44.125,-63.3125,108.615384615385,56,178
"5039",-44.125,-63.1875,89.8717948717949,61,136
"5040",-44.125,-63.0625,95.8666666666667,50,150
"5041",-44.125,-62.9375,104.722222222222,52,173
"5042",-44.125,-62.8125,126.217948717949,69,172
"5043",-44.125,-62.6875,116.095238095238,60,164
"5044",-44.125,-62.5625,159.777777777778,83,174
"5045",-44.125,-62.4375,156,155,157
"5046",-44.125,-62.1875,109.142857142857,92,131
"5047",-44.125,-62.0625,130.299874045632,96,180
"5048",-44.125,-61.9375,119.324653625488,109,170.597229003906
"5049",-44.125,-61.8125,117.6,116,119
"5050",-44.125,-61.4375,152.5,135,170
"5051",-44.125,-61.3125,152.285714285714,136,173
"5052",-44.125,-61.1875,160,140,180
"5053",-44.125,-61.0625,147.5,147,148
"5054",-44.125,-60.8125,165,163,167
"5055",-44.125,-60.4375,179,179,179
"5056",-44.125,-60.3125,162.25,157,167
"5057",-44.125,-60.1875,163.555555555556,128,176
"5058",-44.125,-60.0625,153.111111111111,116,178
"5059",-44.125,-59.9375,131.04,96,174
"5060",-44.125,-59.8125,129.324324324324,66,179
"5061",-44.125,-59.6875,137.756097560976,65,179
"5062",-44.125,-59.5625,136.1985391101,68,179
"5063",-44.125,-59.4375,146.81684768634,89,180
"5064",-44.125,-59.3125,140.703541768392,64,180
"5065",-44.125,-59.1875,147.698924731183,79,180
"5066",-44.125,-59.0625,146.738880702427,74,180
"5067",-44.125,-58.9375,145.460098016457,68,180
"5068",-44.125,-58.8125,150.85048421224,69,178
"5069",-44.125,-58.6875,137.800236695202,71,180
"5070",-44.125,-58.5625,139.468196138423,73,179
"5071",-44.125,-58.4375,145.972591751856,95,177.71181233724
"5072",-44.125,-58.3125,145.321325514052,88,179.71181233724
"5073",-44.125,-58.1875,156.934896295721,89,180
"5074",-44.125,-58.0625,148.829268292683,86,178
"5075",-44.125,-57.9375,145.828282828283,87,180
"5076",-44.125,-57.8125,147.04,81,180
"5077",-44.125,-57.6875,136.736111111111,82,172
"5078",-44.125,-57.5625,150.445175438596,102,180
"5079",-44.125,-57.4375,144.75,87,176
"5080",-44.125,-57.3125,161.571428571429,88,180
"5081",-44.125,-57.1875,151.333333333333,127,178
"5082",-44.125,-57.0625,155.25,120,178
"5083",-44.125,-56.9375,149.75,124,173
"5084",-44.125,-56.8125,155.5,155,156
"5085",-44.125,-56.6875,180,180,180
"5086",-44.125,-56.5625,157,157,157
"5087",-44.125,-55.8125,150.458333333333,150.458333333333,150.458333333333
"5088",-44.125,-55.6875,162.229166666667,151.458333333333,173
"5089",-43.875,-63.5625,120,120,120
"5090",-43.875,-63.4375,120.307692307692,115,127
"5091",-43.875,-63.3125,112.5,66,180
"5092",-43.875,-63.1875,98.5777777777778,58,149
"5093",-43.875,-63.0625,98.9090909090909,68,153
"5094",-43.875,-62.9375,107,53,175
"5095",-43.875,-62.8125,111.676470588235,55,177
"5096",-43.875,-62.6875,121.32,72,175
"5097",-43.875,-62.5625,121,84,167
"5098",-43.875,-62.1875,118,118,118
"5099",-43.875,-62.0625,126.25,119,133
"5100",-43.875,-61.9375,137.307692307692,132,151
"5101",-43.875,-61.8125,151.199786846454,142,171.597229003906
"5102",-43.875,-61.6875,157.630342923678,148,173.597229003906
"5103",-43.875,-61.5625,161.456351143973,154,175.597229003906
"5104",-43.875,-61.0625,150.666666666667,149,153
"5105",-43.875,-60.9375,158,154,162
"5106",-43.875,-60.4375,179,178,180
"5107",-43.875,-60.3125,164.666666666667,156,177
"5108",-43.875,-60.1875,162.411764705882,125,177
"5109",-43.875,-60.0625,157.653846153846,109,180
"5110",-43.875,-59.9375,153.933333333333,98,179
"5111",-43.875,-59.8125,141.052631578947,98,180
"5112",-43.875,-59.6875,132.416666666667,69,180
"5113",-43.875,-59.5625,131.084297914858,72,180
"5114",-43.875,-59.4375,135.489521389916,66,180
"5115",-43.875,-59.3125,145.635388774257,62,180
"5116",-43.875,-59.1875,142.60732347893,67,180
"5117",-43.875,-59.0625,140.814604377104,56,180
"5118",-43.875,-58.9375,143.070966607359,65,180
"5119",-43.875,-58.8125,141.53450197896,70,179
"5120",-43.875,-58.6875,146.768808152941,66,180
"5121",-43.875,-58.5625,141.760303101253,67,180
"5122",-43.875,-58.4375,145.088088285006,78,177
"5123",-43.875,-58.3125,153.985221145499,115,179
"5124",-43.875,-58.1875,144.930660979916,90,180
"5125",-43.875,-58.0625,135.768206072283,91,180
"5126",-43.875,-57.9375,147.570833333333,94,180
"5127",-43.875,-57.8125,150.838541666667,113,180
"5128",-43.875,-57.6875,152.590909090909,119,179
"5129",-43.875,-57.5625,142.903225806452,83,179
"5130",-43.875,-57.4375,146.280797101449,84,180
"5131",-43.875,-57.3125,143.153846153846,85,180
"5132",-43.875,-57.1875,156.6,89,180
"5133",-43.875,-57.0625,148,121,176
"5134",-43.875,-56.9375,150.6,90,171
"5135",-43.875,-56.8125,162.5,149,172
"5136",-43.875,-56.6875,152.333333333333,125,174
"5137",-43.875,-56.0625,149.458333333333,149.458333333333,149.458333333333
"5138",-43.875,-55.6875,165.229166666667,156.458333333333,174
"5139",-43.625,-63.5625,122,121,123
"5140",-43.625,-63.3125,124.5,102,137
"5141",-43.625,-63.1875,105.974358974359,60,147
"5142",-43.625,-63.0625,98.6410256410256,62,155
"5143",-43.625,-62.9375,107.183333333333,55,169
"5144",-43.625,-62.8125,106.720430107527,56,180
"5145",-43.625,-62.6875,124.774647887324,73,180
"5146",-43.625,-62.5625,118.066666666667,84,156
"5147",-43.625,-62.4375,107.235294117647,88,127
"5148",-43.625,-62.3125,116.578947368421,103,131
"5149",-43.625,-62.1875,154.214285714286,113,180
"5150",-43.625,-62.0625,140.181818181818,136,145
"5151",-43.625,-61.9375,146,136,150
"5152",-43.625,-61.8125,138.5,137,140
"5153",-43.625,-61.6875,142,141,143
"5154",-43.625,-61.5625,164.074653625488,159,176.597229003906
"5155",-43.625,-61.4375,168.199406215123,161,179.597229003906
"5156",-43.625,-61.3125,170,168,172
"5157",-43.625,-61.1875,173,173,173
"5158",-43.625,-60.3125,168.75,155,180
"5159",-43.625,-60.1875,151.5625,116,176
"5160",-43.625,-60.0625,128.205128205128,83,180
"5161",-43.625,-59.9375,124.65625,77,180
"5162",-43.625,-59.8125,137.97619047619,75,180
"5163",-43.625,-59.6875,136.218181818182,72,180
"5164",-43.625,-59.5625,137.552631578947,69,180
"5165",-43.625,-59.4375,134.282352941176,70,179
"5166",-43.625,-59.3125,134.449636119855,74,180
"5167",-43.625,-59.1875,139.527809819679,67,180
"5168",-43.625,-59.0625,140.23137629065,68,180
"5169",-43.625,-58.9375,144.915543400384,76,180
"5170",-43.625,-58.8125,142.93954248366,57,180
"5171",-43.625,-58.6875,144.701685587565,77,180
"5172",-43.625,-58.5625,140.975164898371,86,178
"5173",-43.625,-58.4375,137.651777536856,68,177.333333333333
"5174",-43.625,-58.3125,140.958719404917,89,178.333333333333
"5175",-43.625,-58.1875,142.174603174603,91,180
"5176",-43.625,-58.0625,146.25,95,180
"5177",-43.625,-57.9375,148.95652173913,92,179
"5178",-43.625,-57.8125,149.50325977559,103,180
"5179",-43.625,-57.6875,146.047008547009,104,180
"5180",-43.625,-57.5625,146.709523809524,93,175
"5181",-43.625,-57.4375,151.02,93,180
"5182",-43.625,-57.3125,138.521739130435,95,169
"5183",-43.625,-57.1875,144.379901960784,87,178
"5184",-43.625,-57.0625,141.909090909091,89,179
"5185",-43.625,-56.9375,150.285714285714,98,179
"5186",-43.625,-56.8125,150.5,90,178
"5187",-43.625,-56.6875,150.819444444444,124,170
"5188",-43.625,-56.5625,128,91,163
"5189",-43.625,-56.4375,154.819444444444,147.458333333333,159
"5190",-43.625,-56.3125,126,126,126
"5191",-43.625,-56.1875,148.458333333333,148.458333333333,148.458333333333
"5192",-43.625,-55.8125,155.458333333333,155.458333333333,155.458333333333
"5193",-43.625,-55.6875,163.458333333333,163.458333333333,163.458333333333
"5194",-43.625,-55.5625,170.819444444444,157.458333333333,180
"5195",-43.625,-55.4375,158.458333333333,152.458333333333,164.458333333333
"5196",-43.375,-63.5625,124,124,124
"5197",-43.375,-63.4375,126.5,125,128
"5198",-43.375,-63.3125,138.6,129,147
"5199",-43.375,-63.1875,112.235294117647,71,150
"5200",-43.375,-63.0625,110.346153846154,63,154
"5201",-43.375,-62.9375,110.243243243243,75,173
"5202",-43.375,-62.8125,106.294736842105,57,160
"5203",-43.375,-62.6875,116.253521126761,61,179
"5204",-43.375,-62.5625,127.4,85,159
"5205",-43.375,-62.4375,122.047619047619,94,180
"5206",-43.375,-62.3125,142.102564102564,126,177
"5207",-43.375,-62.1875,154.657534246575,127,173
"5208",-43.375,-62.0625,160.848484848485,111,180
"5209",-43.375,-61.9375,136.333333333333,116,180
"5210",-43.375,-61.8125,140.533333333333,127,155
"5211",-43.375,-61.6875,144,144,144
"5212",-43.375,-61.5625,146.5,145,148
"5213",-43.375,-61.4375,163.75,149,174
"5214",-43.375,-61.3125,166,152,180
"5215",-43.375,-61.1875,176.5,174,179
"5216",-43.375,-60.5625,165,165,165
"5217",-43.375,-60.4375,164.666666666667,163,167
"5218",-43.375,-60.3125,170.782608695652,158,180
"5219",-43.375,-60.1875,143.8,112,168
"5220",-43.375,-60.0625,146.879310344828,105,178
"5221",-43.375,-59.9375,145.153846153846,93,178
"5222",-43.375,-59.8125,142.392857142857,100,179
"5223",-43.375,-59.6875,133.439024390244,97,163
"5224",-43.375,-59.5625,137.153846153846,70,175
"5225",-43.375,-59.4375,133.65625,71,177
"5226",-43.375,-59.3125,141.87037037037,96,178
"5227",-43.375,-59.1875,136.811822658632,63,179
"5228",-43.375,-59.0625,137.954475377144,75,180
"5229",-43.375,-58.9375,138.999965311686,70,179
"5230",-43.375,-58.8125,135.553685995249,69,180
"5231",-43.375,-58.6875,139.441690729952,72,176
"5232",-43.375,-58.5625,136.356359916821,73,180
"5233",-43.375,-58.4375,134.521394671816,69,180
"5234",-43.375,-58.3125,138.975214249048,80,172
"5235",-43.375,-58.1875,144.446717062114,88,179.333333333333
"5236",-43.375,-58.0625,147.259066546405,89,178
"5237",-43.375,-57.9375,148.736454214088,90,180
"5238",-43.375,-57.8125,149.079121240501,93,180
"5239",-43.375,-57.6875,148.556887552618,104,180
"5240",-43.375,-57.5625,149.997287432353,113,180
"5241",-43.375,-57.4375,150.601298456607,94,180
"5242",-43.375,-57.3125,153.042635658915,95,178
"5243",-43.375,-57.1875,153,96,179
"5244",-43.375,-57.0625,149.216145833333,97,180
"5245",-43.375,-56.9375,151.050925925926,98,175
"5246",-43.375,-56.8125,156.345833333333,99,180
"5247",-43.375,-56.6875,147.428571428571,105,178
"5248",-43.375,-56.5625,147.727272727273,91,175
"5249",-43.375,-56.4375,149,125,162
"5250",-43.375,-56.3125,160,160,160
"5251",-43.375,-56.0625,180,180,180
"5252",-43.375,-55.6875,154.458333333333,154.458333333333,154.458333333333
"5253",-43.375,-55.4375,169.59375,158.458333333333,176
"5254",-43.125,-63.3125,139.230769230769,130,146
"5255",-43.125,-63.1875,115.315789473684,75,143
"5256",-43.125,-63.0625,113.431818181818,66,148
"5257",-43.125,-62.9375,111.075,72,176
"5258",-43.125,-62.8125,113.146666666667,58,164
"5259",-43.125,-62.6875,111.33734939759,62,152
"5260",-43.125,-62.5625,123.564102564103,77,180
"5261",-43.125,-62.4375,138.157894736842,89,172
"5262",-43.125,-62.3125,149.702702702703,101,180
"5263",-43.125,-62.1875,148.875,108,180
"5264",-43.125,-61.8125,166.086956521739,156,177
"5265",-43.125,-61.6875,179,178,180
"5266",-43.125,-61.3125,159.5,158,161
"5267",-43.125,-61.1875,180,180,180
"5268",-43.125,-60.4375,134.714285714286,127,166
"5269",-43.125,-60.3125,171.702702702703,146,180
"5270",-43.125,-60.1875,148.926829268293,111,180
"5271",-43.125,-60.0625,146.708333333333,108,180
"5272",-43.125,-59.9375,145.732394366197,97,180
"5273",-43.125,-59.8125,153.162162162162,102,180
"5274",-43.125,-59.6875,152.368421052632,109,180
"5275",-43.125,-59.5625,146.708333333333,110,175
"5276",-43.125,-59.4375,157.44,129,177
"5277",-43.125,-59.3125,150.444444444444,73,180
"5278",-43.125,-59.1875,143.350877192982,96,177
"5279",-43.125,-59.0625,146.719203193407,84,179
"5280",-43.125,-58.9375,142.792368570964,68,180
"5281",-43.125,-58.8125,141.105076138935,77,180
"5282",-43.125,-58.6875,143.05127082987,58,178
"5283",-43.125,-58.5625,141.720799947838,74,180
"5284",-43.125,-58.4375,139.334679031372,70,180
"5285",-43.125,-58.3125,138.734272915709,81,180
"5286",-43.125,-58.1875,144.950994433779,85,180
"5287",-43.125,-58.0625,145.768506761269,86,179.065979003906
"5288",-43.125,-57.9375,149.785714285714,97,180
"5289",-43.125,-57.8125,149.801756855086,91,180
"5290",-43.125,-57.6875,147.496785105011,94,180
"5291",-43.125,-57.5625,150.149186057606,105,180
"5292",-43.125,-57.4375,152.265306122449,112,180
"5293",-43.125,-57.3125,155.972842625209,108,179
"5294",-43.125,-57.1875,150.33908045977,107,180
"5295",-43.125,-57.0625,151.7,97,175
"5296",-43.125,-56.9375,142.265151515152,95,167
"5297",-43.125,-56.8125,139.697916666667,103,178
"5298",-43.125,-56.6875,156.857142857143,105,174
"5299",-43.125,-56.5625,124.857142857143,92,179
"5300",-43.125,-56.4375,146.2,100,172
"5301",-43.125,-56.3125,129,125,133
"5302",-43.125,-56.1875,127,127,127
"5303",-43.125,-56.0625,172.666666666667,161,179
"5304",-43.125,-55.5625,157.958333333333,153.458333333333,162.458333333333
"5305",-43.125,-55.4375,169.958333333333,169.458333333333,170.458333333333
"5306",-43.125,-55.3125,168.84375,159.458333333333,177
"5307",-43.125,-55.1875,174.458333333333,174.458333333333,174.458333333333
"5308",-42.875,-63.4375,146.5,138,153
"5309",-42.875,-63.3125,141.5,135,148
"5310",-42.875,-63.1875,129.333333333333,79,151
"5311",-42.875,-63.0625,116.615384615385,80,131
"5312",-42.875,-62.9375,112.118644067797,69,179
"5313",-42.875,-62.8125,118.166666666667,60,171
"5314",-42.875,-62.6875,111.639175257732,62,159
"5315",-42.875,-62.5625,114.795454545455,78,165
"5316",-42.875,-62.4375,150.809523809524,92,167
"5317",-42.875,-62.3125,146.53125,95,168
"5318",-42.875,-62.1875,174,172,176
"5319",-42.875,-62.0625,175.545454545455,171,180
"5320",-42.875,-61.8125,177,175,179
"5321",-42.875,-61.6875,180,180,180
"5322",-42.875,-61.3125,162.5,162,163
"5323",-42.875,-61.1875,164,164,164
"5324",-42.875,-60.4375,134,133,135
"5325",-42.875,-60.3125,156.411764705882,124,177
"5326",-42.875,-60.1875,161.764705882353,142,180
"5327",-42.875,-60.0625,153.114285714286,112,180
"5328",-42.875,-59.9375,150.604651162791,102,179
"5329",-42.875,-59.8125,159.76,120,177
"5330",-42.875,-59.6875,155.791666666667,129,180
"5331",-42.875,-59.5625,153.21875,124,179
"5332",-42.875,-59.4375,151.928571428571,113,179
"5333",-42.875,-59.3125,157.868421052632,116,180
"5334",-42.875,-59.1875,151.677777777778,64,180
"5335",-42.875,-59.0625,155.158916291736,115,179.89931233724
"5336",-42.875,-58.9375,147.253521126761,92,179
"5337",-42.875,-58.8125,141.060889175258,81,180
"5338",-42.875,-58.6875,144.579506036007,71,180
"5339",-42.875,-58.5625,143.314433473529,59,180
"5340",-42.875,-58.4375,141.897310220419,61,180
"5341",-42.875,-58.3125,143.402292449842,89,179
"5342",-42.875,-58.1875,144.512768817204,88,180
"5343",-42.875,-58.0625,147.297768002465,87,179
"5344",-42.875,-57.9375,148.431026480292,101,179
"5345",-42.875,-57.8125,150.522388059701,92,179
"5346",-42.875,-57.6875,151.021337693737,95,179
"5347",-42.875,-57.5625,151.157470153259,106,178
"5348",-42.875,-57.4375,153.822399815769,108,180
"5349",-42.875,-57.3125,156.448247515966,109,180
"5350",-42.875,-57.1875,155.922619047619,98,180
"5351",-42.875,-57.0625,156.666666666667,137,177
"5352",-42.875,-56.9375,167,167,167
"5353",-42.875,-56.8125,147.777777777778,94,179
"5354",-42.875,-56.6875,146.6,93,180
"5355",-42.875,-56.5625,157.857142857143,101,176
"5356",-42.875,-56.4375,145.333333333333,107,173
"5357",-42.875,-56.3125,150.666666666667,134,176
"5358",-42.875,-56.1875,176.5,176,177
"5359",-42.875,-56.0625,128,128,128
"5360",-42.875,-55.6875,179,179,179
"5361",-42.875,-55.4375,169.791666666667,161.458333333333,179.458333333333
"5362",-42.875,-55.3125,160.458333333333,160.458333333333,160.458333333333
"5363",-42.875,-55.1875,172.229166666667,166.458333333333,178
"5364",-42.625,-63.4375,148.5,141,156
"5365",-42.625,-63.1875,140.96,120,155
"5366",-42.625,-63.0625,126.740740740741,84,154
"5367",-42.625,-62.9375,115.792452830189,72,180
"5368",-42.625,-62.8125,128.322580645161,83,173
"5369",-42.625,-62.6875,120.358695652174,63,174
"5370",-42.625,-62.5625,118.96875,79,168
"5371",-42.625,-62.4375,150.333333333333,98,178
"5372",-42.625,-62.3125,177,175,179
"5373",-42.625,-62.1875,169,167,171
"5374",-42.625,-62.0625,169.84,162,180
"5375",-42.625,-61.9375,165.4375,152,180
"5376",-42.625,-61.8125,167.125,160,174
"5377",-42.625,-61.1875,167,165,169
"5378",-42.625,-60.4375,154.857142857143,136,180
"5379",-42.625,-60.3125,172.090909090909,123,180
"5380",-42.625,-60.1875,158.344827586207,120,180
"5381",-42.625,-60.0625,158,118,180
"5382",-42.625,-59.9375,160.08,128,180
"5383",-42.625,-59.8125,157.272727272727,107,178
"5384",-42.625,-59.6875,159.92,109,180
"5385",-42.625,-59.5625,156.047619047619,111,176
"5386",-42.625,-59.4375,156.666666666667,135,177
"5387",-42.625,-59.3125,151.367346938776,119,178
"5388",-42.625,-59.1875,154.952380952381,122,180
"5389",-42.625,-59.0625,148.796610169492,65,180
"5390",-42.625,-58.9375,151.472450657895,85,180
"5391",-42.625,-58.8125,143.358024691358,82,179
"5392",-42.625,-58.6875,139.550561797753,69,178
"5393",-42.625,-58.5625,153.859649122807,83,180
"5394",-42.625,-58.4375,146.182523487232,60,179
"5395",-42.625,-58.3125,146.532732559947,81,180
"5396",-42.625,-58.1875,150.56270138653,98,178
"5397",-42.625,-58.0625,145.754991531372,96,175
"5398",-42.625,-57.9375,155.3704937874,113,180
"5399",-42.625,-57.8125,154.522793677545,111,180
"5400",-42.625,-57.6875,149.327297112881,93,180
"5401",-42.625,-57.5625,150.823495531839,100,180
"5402",-42.625,-57.4375,155.551724137931,110,180
"5403",-42.625,-57.3125,155.111111111111,99,180
"5404",-42.625,-57.1875,150.938596491228,114,178
"5405",-42.625,-57.0625,151.5,112,179
"5406",-42.625,-56.9375,118.5,95,172
"5407",-42.625,-56.8125,94,94,94
"5408",-42.625,-56.6875,157.333333333333,127,180
"5409",-42.625,-56.5625,172.25,154,180
"5410",-42.625,-56.4375,128.166666666667,102,174
"5411",-42.625,-56.3125,155.666666666667,135,175
"5412",-42.625,-56.1875,142.833333333333,126,175
"5413",-42.625,-56.0625,169.5,162,177
"5414",-42.625,-55.8125,178,178,178
"5415",-42.625,-55.5625,178.458333333333,178.458333333333,178.458333333333
"5416",-42.625,-55.3125,167.458333333333,167.458333333333,167.458333333333
"5417",-42.625,-55.1875,175.458333333333,175.458333333333,175.458333333333
"5418",-42.625,-55.0625,179,179,179
"5419",-42.625,-54.8125,180,180,180
"5420",-42.375,-63.4375,152.428571428571,144,159
"5421",-42.375,-63.3125,136.666666666667,122,144
"5422",-42.375,-63.1875,136.454545454545,89,158
"5423",-42.375,-63.0625,137.285714285714,88,161
"5424",-42.375,-62.9375,115.368421052632,74,155
"5425",-42.375,-62.8125,129.857142857143,85,164
"5426",-42.375,-62.6875,120.028169014085,65,175
"5427",-42.375,-62.5625,130.620253164557,68,177
"5428",-42.375,-62.4375,133.2,95,180
"5429",-42.375,-62.3125,153.333333333333,123,180
"5430",-42.375,-62.1875,155.909090909091,143,177
"5431",-42.375,-62.0625,145.627906976744,124,168
"5432",-42.375,-61.9375,155,135,174
"5433",-42.375,-61.8125,159.454545454545,141,180
"5434",-42.375,-61.1875,171,170,172
"5435",-42.375,-60.4375,167.571428571429,139,179
"5436",-42.375,-60.3125,171.96,164,180
"5437",-42.375,-60.1875,169.8125,160,177
"5438",-42.375,-60.0625,163.964285714286,138,180
"5439",-42.375,-59.9375,161.586206896552,133,180
"5440",-42.375,-59.8125,157.953488372093,125,180
"5441",-42.375,-59.6875,162.763157894737,138,176
"5442",-42.375,-59.5625,163.459459459459,137,177
"5443",-42.375,-59.4375,148.88,124,178
"5444",-42.375,-59.3125,153.057142857143,123,180
"5445",-42.375,-59.1875,154.046875,130,180
"5446",-42.375,-59.0625,152.055803571429,66,179
"5447",-42.375,-58.9375,148.353326612903,67,175.90625
"5448",-42.375,-58.8125,142.195614469224,84,180
"5449",-42.375,-58.6875,139.843373493976,73,179
"5450",-42.375,-58.5625,150.208024992766,109,180
"5451",-42.375,-58.4375,143.318488816708,64,180
"5452",-42.375,-58.3125,151.812921080926,80,172
"5453",-42.375,-58.1875,151.406165642467,100,177
"5454",-42.375,-58.0625,149.193444031107,80,180
"5455",-42.375,-57.9375,150.634615384615,79,180
"5456",-42.375,-57.8125,149.5,92,180
"5457",-42.375,-57.6875,147.390881147541,93,180
"5458",-42.375,-57.5625,144.438574896918,94,180
"5459",-42.375,-57.4375,150.969298245614,101,179
"5460",-42.375,-57.3125,154.293103448276,114,179
"5461",-42.375,-57.1875,147.128787878788,113,175
"5462",-42.375,-57.0625,137.307692307692,97,180
"5463",-42.375,-56.9375,143.909090909091,111,175
"5464",-42.375,-56.8125,136.375,110,173
"5465",-42.375,-56.6875,117.333333333333,103,139
"5466",-42.375,-56.5625,154.166666666667,109,179
"5467",-42.375,-56.4375,143.444444444444,108,180
"5468",-42.375,-56.3125,161.222222222222,131,180
"5469",-42.375,-56.1875,170,164,176
"5470",-42.375,-55.5625,177.458333333333,177.458333333333,177.458333333333
"5471",-42.375,-55.3125,176.458333333333,176.458333333333,176.458333333333
"5472",-42.125,-63.4375,152.6,147,161
"5473",-42.125,-63.3125,127.25,92,159
"5474",-42.125,-63.1875,146.709677419355,126,175
"5475",-42.125,-63.0625,142.581395348837,103,177
"5476",-42.125,-62.9375,116.673469387755,77,171
"5477",-42.125,-62.8125,121.659574468085,82,174
"5478",-42.125,-62.6875,123.106382978723,70,168
"5479",-42.125,-62.5625,123.473684210526,66,175
"5480",-42.125,-62.4375,133.056338028169,84,180
"5481",-42.125,-62.3125,140.630434782609,105,176
"5482",-42.125,-62.1875,144.138888888889,118,160
"5483",-42.125,-62.0625,144.84,126,180
"5484",-42.125,-61.9375,142.269230769231,129,156
"5485",-42.125,-61.8125,163.789473684211,154,177
"5486",-42.125,-61.6875,173.545454545455,168,180
"5487",-42.125,-61.0625,173,173,173
"5488",-42.125,-60.5625,172.5,168,180
"5489",-42.125,-60.4375,158.857142857143,142,174
"5490",-42.125,-60.3125,161.666666666667,147,173
"5491",-42.125,-60.1875,165.642857142857,146,180
"5492",-42.125,-60.0625,154.086956521739,141,173
"5493",-42.125,-59.9375,165.545454545455,153,180
"5494",-42.125,-59.8125,164.916666666667,146,175
"5495",-42.125,-59.6875,163,147,176
"5496",-42.125,-59.5625,163,151,177
"5497",-42.125,-59.4375,164.433333333333,128,180
"5498",-42.125,-59.3125,158.809523809524,125,180
"5499",-42.125,-59.1875,155.555555555556,123,180
"5500",-42.125,-59.0625,159.227120535714,121,180
"5501",-42.125,-58.9375,149.974956639608,87,180
"5502",-42.125,-58.8125,142.48275862069,68,180
"5503",-42.125,-58.6875,140.847058823529,70,180
"5504",-42.125,-58.5625,152.278537432353,75,180
"5505",-42.125,-58.4375,148.178197512837,73,179
"5506",-42.125,-58.3125,159.2,85,179
"5507",-42.125,-58.1875,149.234042553192,72,179
"5508",-42.125,-58.0625,133.107142857143,68,176
"5509",-42.125,-57.9375,137.111111111111,75,178
"5510",-42.125,-57.8125,145.018181818182,92,180
"5511",-42.125,-57.6875,150.330208333333,108,179
"5512",-42.125,-57.5625,139.115703623782,94,176
"5513",-42.125,-57.4375,149.354838709677,95,180
"5514",-42.125,-57.3125,148.368421052632,103,179
"5515",-42.125,-57.1875,146.454545454545,99,180
"5516",-42.125,-57.0625,155.555555555556,124,180
"5517",-42.125,-56.9375,164.2,139,177
"5518",-42.125,-56.8125,143.2,138,146
"5519",-42.125,-56.6875,148.5,140,157
"5520",-42.125,-56.5625,143.2,137,156
"5521",-42.125,-56.4375,136,136,136
"5522",-42.125,-56.3125,150,133,167
"5523",-42.125,-56.1875,177,177,177
"5524",-41.875,-63.4375,153.666666666667,149,162
"5525",-41.875,-63.3125,139.655172413793,95,162
"5526",-41.875,-63.1875,155.666666666667,125,173
"5527",-41.875,-63.0625,157.666666666667,113,180
"5528",-41.875,-62.9375,159.45,114,180
"5529",-41.875,-62.8125,147.6,88,172
"5530",-41.875,-62.6875,121.128205128205,84,177
"5531",-41.875,-62.5625,122.086956521739,71,172
"5532",-41.875,-62.4375,124.933333333333,68,179
"5533",-41.875,-62.3125,133.147058823529,70,180
"5534",-41.875,-62.1875,142.396551724138,100,180
"5535",-41.875,-62.0625,133.772727272727,115,180
"5536",-41.875,-61.9375,148.510204081633,128,178
"5537",-41.875,-61.8125,148.318181818182,132,164
"5538",-41.875,-61.6875,166,165,167
"5539",-41.875,-61.0625,175,174,176
"5540",-41.875,-60.9375,177.5,177,178
"5541",-41.875,-60.8125,179.5,179,180
"5542",-41.875,-60.5625,159.75,144,176
"5543",-41.875,-60.4375,166.6,149,178
"5544",-41.875,-60.3125,166.666666666667,155,176
"5545",-41.875,-60.1875,167.833333333333,163,179
"5546",-41.875,-60.0625,166.8125,152,180
"5547",-41.875,-59.9375,162.380952380952,144,171
"5548",-41.875,-59.8125,164.375,143,174
"5549",-41.875,-59.6875,168,158,176
"5550",-41.875,-59.5625,169.625,148,177
"5551",-41.875,-59.4375,166.833333333333,149,180
"5552",-41.875,-59.3125,159.615384615385,130,180
"5553",-41.875,-59.1875,162.571428571429,128,180
"5554",-41.875,-59.0625,158.211267605634,89,180
"5555",-41.875,-58.9375,145.301532240772,89,180
"5556",-41.875,-58.8125,143.493506493506,69,180
"5557",-41.875,-58.6875,143.935064935065,70,178
"5558",-41.875,-58.5625,143.573584532126,76,176
"5559",-41.875,-58.4375,150.704077279696,85,180
"5560",-41.875,-58.3125,148.538461538462,65,180
"5561",-41.875,-58.1875,141.081081081081,66,180
"5562",-41.875,-58.0625,143.02,90,180
"5563",-41.875,-57.9375,140.294117647059,88,177
"5564",-41.875,-57.8125,145.484848484848,108,176
"5565",-41.875,-57.6875,147.30701754386,106,180
"5566",-41.875,-57.5625,137.333681233724,99,180
"5567",-41.875,-57.4375,135.660524025941,97,174
"5568",-41.875,-57.3125,147.166666666667,100,176
"5569",-41.875,-57.1875,169,169,169
"5570",-41.875,-57.0625,157.8,146,178
"5571",-41.875,-56.9375,162,147,172
"5572",-41.875,-56.8125,160,158,163
"5573",-41.875,-56.3125,154.25,135,178
"5574",-41.625,-63.4375,163,163,163
"5575",-41.625,-63.3125,141.611111111111,97,164
"5576",-41.625,-63.1875,130.333333333333,100,166
"5577",-41.625,-62.9375,174.888888888889,170,179
"5578",-41.625,-62.8125,147.85,125,180
"5579",-41.625,-62.6875,134.25,85,177
"5580",-41.625,-62.5625,133.844827586207,91,180
"5581",-41.625,-62.4375,128.717948717949,74,179
"5582",-41.625,-62.3125,125.326086956522,71,177
"5583",-41.625,-62.1875,132,72,180
"5584",-41.625,-62.0625,143.117647058824,102,180
"5585",-41.625,-61.9375,163.04347826087,126,175
"5586",-41.625,-61.8125,166.592592592593,156,179
"5587",-41.625,-61.6875,158.769230769231,127,180
"5588",-41.625,-61.5625,161.923076923077,155,172
"5589",-41.625,-61.1875,105.5,104,107
"5590",-41.625,-61.0625,101.5,100,103
"5591",-41.625,-60.6875,158.5,147,170
"5592",-41.625,-60.5625,167.375,146,179
"5593",-41.625,-60.4375,174.090909090909,158,180
"5594",-41.625,-60.3125,169.4,159,180
"5595",-41.625,-60.1875,173.333333333333,169,180
"5596",-41.625,-60.0625,172.142857142857,163,180
"5597",-41.625,-59.9375,167.1,150,178
"5598",-41.625,-59.8125,160.842105263158,142,176
"5599",-41.625,-59.6875,156.368421052632,141,174
"5600",-41.625,-59.5625,155.44,136,175
"5601",-41.625,-59.4375,162.95652173913,134,180
"5602",-41.625,-59.3125,154.578947368421,132,176
"5603",-41.625,-59.1875,160.155555555556,94,176
"5604",-41.625,-59.0625,149.98275862069,90,180
"5605",-41.625,-58.9375,142.378378378378,91,178
"5606",-41.625,-58.8125,146.857093302409,72,178
"5607",-41.625,-58.6875,150.712121212121,72,178
"5608",-41.625,-58.5625,146.556777577341,73,180
"5609",-41.625,-58.4375,146.32007598877,80,180
"5610",-41.625,-58.3125,141.487698800223,82,180
"5611",-41.625,-58.1875,129.659090909091,75,180
"5612",-41.625,-58.0625,139.666666666667,88,178
"5613",-41.625,-57.9375,155.409090909091,106,177
"5614",-41.625,-57.8125,156.230769230769,131,180
"5615",-41.625,-57.6875,137.27619047619,107,179
"5616",-41.625,-57.5625,149.412326388889,110,180
"5617",-41.625,-57.4375,135.631578947368,103,163
"5618",-41.625,-57.3125,142.55175296844,96,177
"5619",-41.625,-57.1875,122,100,150
"5620",-41.625,-57.0625,162.5,149,176
"5621",-41.625,-56.9375,168.272727272727,147,179
"5622",-41.625,-56.8125,168.5,164,173
"5623",-41.625,-56.5625,170,170,170
"5624",-41.625,-56.4375,153,137,169
"5625",-41.375,-63.3125,160.75,153,165
"5626",-41.375,-63.1875,152.416666666667,103,168
"5627",-41.375,-63.0625,138.1,105,170
"5628",-41.375,-62.9375,140.806451612903,110,178
"5629",-41.375,-62.8125,149.41935483871,124,179
"5630",-41.375,-62.6875,155.115384615385,120,180
"5631",-41.375,-62.5625,125,87,177
"5632",-41.375,-62.4375,127.34375,96,180
"5633",-41.375,-62.3125,113.35,77,166
"5634",-41.375,-62.1875,123.882352941176,77,168
"5635",-41.375,-62.0625,127.969696969697,75,170
"5636",-41.375,-61.9375,143.490909090909,80,179
"5637",-41.375,-61.8125,135.576923076923,88,180
"5638",-41.375,-61.6875,163.166666666667,126,172
"5639",-41.375,-61.5625,150.625,123,173
"5640",-41.375,-61.4375,120.4,119,122
"5641",-41.375,-61.3125,113,108,118
"5642",-41.375,-61.0625,99,99,99
"5643",-41.375,-60.6875,157.333333333333,148,175
"5644",-41.375,-60.5625,154,151,157
"5645",-41.375,-60.3125,173.375,169,177
"5646",-41.375,-60.1875,169.6,168,171
"5647",-41.375,-60.0625,168.714285714286,157,180
"5648",-41.375,-59.9375,170.777777777778,161,180
"5649",-41.375,-59.8125,166,159,180
"5650",-41.375,-59.6875,160.6,138,175
"5651",-41.375,-59.5625,153.548387096774,137,180
"5652",-41.375,-59.4375,161.146172748349,135,179.996541341146
"5653",-41.375,-59.3125,152.517857142857,100,178
"5654",-41.375,-59.1875,154.02,95,179
"5655",-41.375,-59.0625,146.96875,92,179
"5656",-41.375,-58.9375,145.24989827474,93,180
"5657",-41.375,-58.8125,147.368421052632,73,180
"5658",-41.375,-58.6875,145.229508196721,75,180
"5659",-41.375,-58.5625,153.555266486274,114,180
"5660",-41.375,-58.4375,154.644189131887,77,179
"5661",-41.375,-58.3125,145.145682956861,76,180
"5662",-41.375,-58.1875,150.117647058824,86,180
"5663",-41.375,-58.0625,160.806451612903,99,180
"5664",-41.375,-57.9375,143,121,173
"5665",-41.375,-57.8125,144.2,120,172
"5666",-41.375,-57.6875,152.125,126,180
"5667",-41.375,-57.5625,159.647286821705,112,180
"5668",-41.375,-57.4375,134.618489583333,100,178
"5669",-41.375,-57.3125,144.142857142857,101,170
"5670",-41.375,-57.1875,144.888888888889,101,177
"5671",-41.375,-57.0625,153,143,172
"5672",-41.375,-56.9375,164.333333333333,142,180
"5673",-41.375,-56.8125,149,141,165
"5674",-41.375,-56.6875,150.333333333333,139,172
"5675",-41.375,-56.5625,154.5,138,171
"5676",-41.375,-56.4375,179,179,179
"5677",-41.125,-63.1875,162.666666666667,157,166
"5678",-41.125,-63.0625,168.631578947368,158,174
"5679",-41.125,-62.9375,154.966666666667,124,179
"5680",-41.125,-62.8125,145,97,170
"5681",-41.125,-62.6875,132.903225806452,95,168
"5682",-41.125,-62.5625,131.574468085106,89,179
"5683",-41.125,-62.4375,131.314285714286,96,179
"5684",-41.125,-62.3125,127.24,85,174
"5685",-41.125,-62.1875,117.787878787879,80,153
"5686",-41.125,-62.0625,124.97619047619,79,169
"5687",-41.125,-61.9375,143.677419354839,105,174
"5688",-41.125,-61.8125,142.695652173913,111,175
"5689",-41.125,-61.6875,166.136363636364,153,179
"5690",-41.125,-61.5625,156.869565217391,131,180
"5691",-41.125,-61.4375,180,180,180
"5692",-41.125,-61.0625,98,98,98
"5693",-41.125,-60.8125,171,171,171
"5694",-41.125,-60.6875,163,150,176
"5695",-41.125,-60.5625,153.666666666667,151,158
"5696",-41.125,-60.4375,156,156,156
"5697",-41.125,-60.1875,165.727272727273,160,173
"5698",-41.125,-60.0625,166.5,156,177
"5699",-41.125,-59.9375,168.363636363636,154,180
"5700",-41.125,-59.8125,163.692307692308,140,179
"5701",-41.125,-59.6875,169.05,139,180
"5702",-41.125,-59.5625,170.285714285714,149,180
"5703",-41.125,-59.4375,154.599792480469,111,179
"5704",-41.125,-59.3125,148.034482758621,108,180
"5705",-41.125,-59.1875,151.08064516129,109,180
"5706",-41.125,-59.0625,144.142807733445,93,179
"5707",-41.125,-58.9375,149.338709677419,94,180
"5708",-41.125,-58.8125,152.555555555556,75,180
"5709",-41.125,-58.6875,143.641509433962,89,179
"5710",-41.125,-58.5625,149.576736450195,76,180
"5711",-41.125,-58.4375,141.558135114397,78,177
"5712",-41.125,-58.3125,146.792929909446,88,178
"5713",-41.125,-58.1875,145.262821295323,107,179.826395670573
"5714",-41.125,-58.0625,149.845422061873,102,180
"5715",-41.125,-57.9375,153.8125,126,180
"5716",-41.125,-57.8125,146.695652173913,119,180
"5717",-41.125,-57.6875,153.631578947368,117,177
"5718",-41.125,-57.5625,154.549382716049,105,179
"5719",-41.125,-57.4375,143.965517241379,106,180
"5720",-41.125,-57.3125,155.609832228276,115,177
"5721",-41.125,-57.1875,152.294117647059,108,178
"5722",-41.125,-57.0625,160.222222222222,117,175
"5723",-41.125,-56.9375,154,154,154
"5724",-41.125,-56.8125,152,151,153
"5725",-41.125,-56.6875,150,150,150
"5726",-41.125,-56.5625,180,180,180
"5727",-40.875,-63.0625,160.954545454545,151,171
"5728",-40.875,-62.9375,162.633333333333,99,180
"5729",-40.875,-62.8125,131.2,98,166
"5730",-40.875,-62.6875,132,102,155
"5731",-40.875,-62.5625,116.857142857143,91,150
"5732",-40.875,-62.4375,125.487804878049,95,180
"5733",-40.875,-62.3125,137.53125,89,180
"5734",-40.875,-62.1875,132.872340425532,84,176
"5735",-40.875,-62.0625,151.913043478261,107,180
"5736",-40.875,-61.9375,140.717391304348,83,180
"5737",-40.875,-61.8125,143.1,87,171
"5738",-40.875,-61.6875,130.5,89,174
"5739",-40.875,-61.5625,148.333333333333,91,178
"5740",-40.875,-61.4375,156.75,93,179
"5741",-40.875,-61.1875,97,97,97
"5742",-40.875,-60.8125,172,172,172
"5743",-40.875,-60.6875,177.5,177,178
"5744",-40.875,-60.5625,154.2,152,159
"5745",-40.875,-60.4375,154.333333333333,154,155
"5746",-40.875,-60.1875,171,171,171
"5747",-40.875,-60.0625,174.333333333333,172,176
"5748",-40.875,-59.9375,177,177,177
"5749",-40.875,-59.8125,175.666666666667,173,180
"5750",-40.875,-59.6875,165.692307692308,143,180
"5751",-40.875,-59.5625,167.24,150,180
"5752",-40.875,-59.4375,153.458333333333,119,180
"5753",-40.875,-59.3125,155.94585246868,107,180
"5754",-40.875,-59.1875,151.999880735902,105,180
"5755",-40.875,-59.0625,150.547945205479,95,180
"5756",-40.875,-58.9375,152.82,95,180
"5757",-40.875,-58.8125,150.388888888889,76,180
"5758",-40.875,-58.6875,147.381115358267,77,180
"5759",-40.875,-58.5625,151.692245483398,77,180
"5760",-40.875,-58.4375,151.967278949285,80,180
"5761",-40.875,-58.3125,159.574017780583,124,180
"5762",-40.875,-58.1875,151.241753896077,86,180
"5763",-40.875,-58.0625,150.09207398864,87,180
"5764",-40.875,-57.9375,151.543494508978,106,180
"5765",-40.875,-57.8125,151.413033418877,107,179
"5766",-40.875,-57.6875,148.581501713506,103,178
"5767",-40.875,-57.5625,151.932509104411,102,178
"5768",-40.875,-57.4375,145.363426087395,101,180
"5769",-40.875,-57.3125,148.894736842105,97,177
"5770",-40.875,-57.1875,144.7,102,178
"5771",-40.875,-57.0625,154.714285714286,134,179
"5772",-40.875,-56.9375,138.5,118,151
"5773",-40.875,-56.8125,133.5,119,148
"5774",-40.875,-56.6875,134.5,120,149
"5775",-40.875,-56.5625,178.5,177,180
"5776",-40.875,-56.0625,126,126,126
"5777",-40.625,-63.0625,168.25,167,169
"5778",-40.625,-62.9375,153,100,179
"5779",-40.625,-62.8125,120.428571428571,101,180
"5780",-40.625,-62.6875,135.636363636364,105,154
"5781",-40.625,-62.5625,129.428571428571,102,160
"5782",-40.625,-62.4375,125.214285714286,99,158
"5783",-40.625,-62.3125,133.692307692308,130,142
"5784",-40.625,-62.1875,131.573770491803,87,180
"5785",-40.625,-62.0625,162.411764705882,109,180
"5786",-40.625,-61.9375,135.36,110,170
"5787",-40.625,-61.6875,167,167,167
"5788",-40.625,-61.5625,165,152,172
"5789",-40.625,-61.4375,171,154,180
"5790",-40.625,-61.3125,94.5,94,95
"5791",-40.625,-61.1875,96,96,96
"5792",-40.625,-60.6875,179.5,179,180
"5793",-40.625,-60.5625,160,160,160
"5794",-40.625,-60.4375,161.357142857143,155,167
"5795",-40.625,-60.1875,179.5,179,180
"5796",-40.625,-59.9375,173,173,173
"5797",-40.625,-59.8125,176.5,174,179
"5798",-40.625,-59.6875,176,175,177
"5799",-40.625,-59.5625,161.75,145,176
"5800",-40.625,-59.4375,160.9375,124,177
"5801",-40.625,-59.3125,162.652173913043,136,180
"5802",-40.625,-59.1875,155.219512195122,121,180
"5803",-40.625,-59.0625,152.274509803922,96,178
"5804",-40.625,-58.9375,150.472222222222,96,180
"5805",-40.625,-58.8125,151.34328358209,92,180
"5806",-40.625,-58.6875,150.430694580078,91,178
"5807",-40.625,-58.5625,152.476456804973,98,179
"5808",-40.625,-58.4375,151.908872020488,78,180
"5809",-40.625,-58.3125,143.918596055773,82,179
"5810",-40.625,-58.1875,146.139036787317,84,180
"5811",-40.625,-58.0625,133.667163667225,88,177
"5812",-40.625,-57.9375,153.620691058279,118,175
"5813",-40.625,-57.8125,149.677687492923,99,180
"5814",-40.625,-57.6875,151.857783847385,106,180
"5815",-40.625,-57.5625,151.252553304036,98,176
"5816",-40.625,-57.4375,147.335447007331,107,178
"5817",-40.625,-57.3125,145.470588235294,102,177
"5818",-40.625,-57.1875,152.5,109,179
"5819",-40.625,-57.0625,154.4,103,180
"5820",-40.625,-56.9375,153.5,146,171
"5821",-40.625,-56.8125,160,136,173
"5822",-40.625,-56.6875,162.5,121,178
"5823",-40.625,-56.5625,155,122,179
"5824",-40.625,-56.4375,152,124,180
"5825",-40.625,-56.3125,125,125,125
"5826",-40.625,-56.0625,126.666666666667,109,143
"5827",-40.625,-55.8125,142.333333333333,110,178
"5828",-40.625,-55.6875,154.5,130,179
"5829",-40.375,-63.0625,171,170,172
"5830",-40.375,-62.9375,156.285714285714,133,175
"5831",-40.375,-62.8125,150,102,176
"5832",-40.375,-62.6875,134.441176470588,108,167
"5833",-40.375,-62.5625,131.972222222222,107,164
"5834",-40.375,-62.4375,130.054054054054,103,152
"5835",-40.375,-62.3125,142,132,153
"5836",-40.375,-62.1875,122.804347826087,91,165
"5837",-40.375,-62.0625,144.777777777778,113,163
"5838",-40.375,-61.9375,134.684210526316,124,169
"5839",-40.375,-61.8125,170.357142857143,159,180
"5840",-40.375,-61.6875,172.4,166,177
"5841",-40.375,-61.5625,174.625,170,180
"5842",-40.375,-61.4375,156,155,157
"5843",-40.375,-60.8125,173.157894736842,165,180
"5844",-40.375,-60.4375,167.75,161,172
"5845",-40.375,-60.3125,172.5,170,175
"5846",-40.375,-60.1875,177,176,178
"5847",-40.375,-59.6875,180,180,180
"5848",-40.375,-59.4375,157,126,177
"5849",-40.375,-59.3125,163.470588235294,138,180
"5850",-40.375,-59.1875,157.6875,122,179
"5851",-40.375,-59.0625,151.3125,115,180
"5852",-40.375,-58.9375,152.0625,133,175
"5853",-40.375,-58.8125,149.6,93,180
"5854",-40.375,-58.6875,156.107091000206,100,179
"5855",-40.375,-58.5625,155.844066273082,111,180
"5856",-40.375,-58.4375,151.830334750089,92,180
"5857",-40.375,-58.3125,152.50089048728,85,180
"5858",-40.375,-58.1875,151.709890080594,115,180
"5859",-40.375,-58.0625,154.828923405828,91,177
"5860",-40.375,-57.9375,149.342857142857,100,180
"5861",-40.375,-57.8125,149.522569705278,107,180
"5862",-40.375,-57.6875,153.179398148148,109,179
"5863",-40.375,-57.5625,155.658234369187,114,179
"5864",-40.375,-57.4375,148.171007283529,110,178
"5865",-40.375,-57.3125,142.875,118,180
"5866",-40.375,-57.1875,169,154,178
"5867",-40.375,-57.0625,142,104,180
"5868",-40.375,-56.9375,162,162,162
"5869",-40.375,-56.8125,141.140625,105,176
"5870",-40.375,-56.6875,152.96875,138,173
"5871",-40.375,-56.5625,152.427083333333,106,174
"5872",-40.375,-56.4375,166.5,141,180
"5873",-40.375,-56.3125,157.09375,107,177
"5874",-40.375,-56.1875,152.4,108,176
"5875",-40.375,-56.0625,164.5,127,178
"5876",-40.375,-55.9375,167,167,167
"5877",-40.375,-55.8125,163.614583333333,153.84375,169
"5878",-40.375,-55.6875,157,145,172
"5879",-40.375,-55.5625,149.947916666667,128,167
"5880",-40.125,-62.9375,156,136,176
"5881",-40.125,-62.8125,167.272727272727,137,180
"5882",-40.125,-62.6875,134.75,105,170
"5883",-40.125,-62.5625,148.791666666667,138,160
"5884",-40.125,-62.4375,151.785714285714,136,173
"5885",-40.125,-62.3125,150.533333333333,136,169
"5886",-40.125,-62.1875,121.567567567568,95,166
"5887",-40.125,-62.0625,136.388888888889,96,167
"5888",-40.125,-61.9375,140.625,131,166
"5889",-40.125,-61.8125,159.555555555556,150,176
"5890",-40.125,-61.6875,174.25,173,175
"5891",-40.125,-61.5625,159.5,159,160
"5892",-40.125,-61.4375,158,158,158
"5893",-40.125,-60.8125,166.047619047619,148,180
"5894",-40.125,-60.6875,170,170,170
"5895",-40.125,-60.4375,167.5,163,174
"5896",-40.125,-60.3125,172.5,172,173
"5897",-40.125,-59.3125,149.166666666667,128,171
"5898",-40.125,-59.1875,151.055555555556,116,179
"5899",-40.125,-59.0625,152.230769230769,128,180
"5900",-40.125,-58.9375,148.647058823529,122,177
"5901",-40.125,-58.8125,155.923076923077,121,180
"5902",-40.125,-58.6875,160.356289333767,94,180
"5903",-40.125,-58.5625,147.826663368627,101,180
"5904",-40.125,-58.4375,152.441303555928,79,180
"5905",-40.125,-58.3125,147.725437493972,86,179
"5906",-40.125,-58.1875,149.847106933594,115,178
"5907",-40.125,-58.0625,143.015892615685,92,174.413208007812
"5908",-40.125,-57.9375,147.6,93,180
"5909",-40.125,-57.8125,156.8125,116,179
"5910",-40.125,-57.6875,153.409090909091,115,180
"5911",-40.125,-57.5625,158.739583333333,117,179
"5912",-40.125,-57.4375,143,119,180
"5913",-40.125,-57.3125,149,103,177
"5914",-40.125,-57.1875,169.75,159,180
"5915",-40.125,-57.0625,164.7109375,146.84375,177
"5916",-40.125,-56.9375,147.84375,147.84375,147.84375
"5917",-40.125,-56.8125,176,174,178
"5918",-40.125,-56.6875,165.4,149,179
"5919",-40.125,-56.5625,165.666666666667,158,175
"5920",-40.125,-56.4375,142,123,164
"5921",-40.125,-56.3125,125,125,125
"5922",-40.125,-56.1875,149,126,169
"5923",-40.125,-56.0625,161.421875,152.84375,170
"5924",-40.125,-55.9375,168,153,179
"5925",-40.125,-55.8125,176,172,180
"5926",-40.125,-55.6875,151.2,111,180
"5927",-40.125,-55.5625,164.333333333333,155,173
"5928",-39.875,-62.8125,151.8,140,180
"5929",-39.875,-62.6875,134.6,106,172
"5930",-39.875,-62.5625,153.37037037037,123,174
"5931",-39.875,-62.4375,165.6,151,180
"5932",-39.875,-62.3125,162.666666666667,156,172
"5933",-39.875,-62.1875,123,104,162
"5934",-39.875,-62.0625,144.789473684211,98,176
"5935",-39.875,-61.9375,143.875,103,177
"5936",-39.875,-61.8125,168.714285714286,157,180
"5937",-39.875,-61.6875,161.5,161,162
"5938",-39.875,-61.1875,156.5,156,157
"5939",-39.875,-61.0625,161.8,145,170
"5940",-39.875,-60.9375,152.928571428571,147,159
"5941",-39.875,-60.8125,161.6,145,174
"5942",-39.875,-60.4375,175.5,175,176
"5943",-39.875,-59.3125,160.5,129,178
"5944",-39.875,-59.1875,149.636363636364,117,178
"5945",-39.875,-59.0625,147.5,119,180
"5946",-39.875,-58.9375,148.4375,118,180
"5947",-39.875,-58.8125,147.881944881972,116,179
"5948",-39.875,-58.6875,149.783507283529,119,180
"5949",-39.875,-58.5625,154.250298200335,95,179
"5950",-39.875,-58.4375,151.037384711372,102,180
"5951",-39.875,-58.3125,152.6,129,176
"5952",-39.875,-58.1875,151.259452537254,118,175
"5953",-39.875,-58.0625,143.047619047619,109,175
"5954",-39.875,-57.9375,149.886513157895,94,180
"5955",-39.875,-57.8125,162.176470588235,122,180
"5956",-39.875,-57.6875,155.902777777778,119,180
"5957",-39.875,-57.5625,150.636363636364,131,180
"5958",-39.875,-57.4375,141.25,128,178
"5959",-39.875,-57.3125,149.136363636364,104,176
"5960",-39.875,-57.1875,137,137,137
"5961",-39.875,-57.0625,145.84375,145.84375,145.84375
"5962",-39.875,-56.9375,144.84375,144.84375,144.84375
"5963",-39.875,-56.8125,173,173,173
"5964",-39.875,-56.6875,151.6,119,174
"5965",-39.875,-56.5625,142,122,162
"5966",-39.875,-56.4375,156,156,156
"5967",-39.875,-56.1875,115,115,115
"5968",-39.875,-56.0625,116,116,116
"5969",-39.875,-55.6875,152.5,132,173
"5970",-39.875,-55.5625,163.666666666667,146,174
"5971",-39.875,-55.4375,158.140625,129,174
"5972",-39.625,-62.9375,143,143,143
"5973",-39.625,-62.8125,148.375,109,165
"5974",-39.625,-62.6875,133.47619047619,108,144
"5975",-39.625,-62.5625,148.111111111111,119,178
"5976",-39.625,-62.4375,154.333333333333,126,180
"5977",-39.625,-62.3125,160.769230769231,123,174
"5978",-39.625,-62.1875,153.58064516129,108,180
"5979",-39.625,-62.0625,139.666666666667,115,173
"5980",-39.625,-61.9375,138.684210526316,106,180
"5981",-39.625,-61.8125,142,141,143
"5982",-39.625,-61.4375,150.166666666667,144,160
"5983",-39.625,-61.3125,150.153846153846,140,162
"5984",-39.625,-61.1875,155.833333333333,138,180
"5985",-39.625,-61.0625,165.545454545455,140,180
"5986",-39.625,-60.9375,168.111111111111,142,178
"5987",-39.625,-60.8125,169.833333333333,144,180
"5988",-39.625,-60.6875,169,167,171
"5989",-39.625,-60.4375,177.5,177,178
"5990",-39.625,-59.1875,162.125,131,180
"5991",-39.625,-59.0625,163,149,179
"5992",-39.625,-58.9375,141.733333333333,116,180
"5993",-39.625,-58.8125,144.824744508978,120,178
"5994",-39.625,-58.6875,156.761838045987,115,178
"5995",-39.625,-58.5625,152.050610474866,96,180
"5996",-39.625,-58.4375,150.304347826087,80,178
"5997",-39.625,-58.3125,147.563947041829,105,176
"5998",-39.625,-58.1875,151.277777777778,117,180
"5999",-39.625,-58.0625,147.512731481481,115,180
"6000",-39.625,-57.9375,156.125,102,180
"6001",-39.625,-57.8125,149.142857142857,135,160
"6002",-39.625,-57.6875,141.461538461538,121,178
"6003",-39.625,-57.5625,139.666666666667,133,150
"6004",-39.625,-57.4375,171,150,179
"6005",-39.625,-57.3125,137,106,174
"6006",-39.625,-57.1875,148.8,136,161
"6007",-39.625,-57.0625,147.8,134,163
"6008",-39.625,-56.9375,157.614583333333,143.84375,165
"6009",-39.625,-56.8125,157.171875,142.84375,172
"6010",-39.625,-56.6875,157.714285714286,118,173
"6011",-39.625,-56.5625,164.5,161,168
"6012",-39.625,-56.3125,138.888888888889,113,180
"6013",-39.625,-56.1875,144.5,144,145
"6014",-39.625,-56.0625,136.666666666667,117,147
"6015",-39.625,-55.9375,133,118,148
"6016",-39.625,-55.8125,134,119,149
"6017",-39.625,-55.6875,133,133,133
"6018",-39.625,-55.5625,112,112,112
"6019",-39.625,-55.4375,165.25,147,175
"6020",-39.625,-55.3125,139,130,148
"6021",-39.375,-62.9375,149.5,148,151
"6022",-39.375,-62.8125,145.176470588235,110,170
"6023",-39.375,-62.6875,150.631578947368,111,176
"6024",-39.375,-62.5625,158.2,119,180
"6025",-39.375,-62.4375,140.8,122,171
"6026",-39.375,-62.3125,143.56,125,174
"6027",-39.375,-62.1875,150.375,110,180
"6028",-39.375,-62.0625,134.411764705882,118,149
"6029",-39.375,-61.9375,137.117647058824,119,180
"6030",-39.375,-61.8125,137.9,124,162
"6031",-39.375,-61.6875,139.444444444444,125,164
"6032",-39.375,-61.5625,148.354166666667,128,170
"6033",-39.375,-61.4375,155.033333333333,133,173
"6034",-39.375,-61.3125,155.9375,135,177
"6035",-39.375,-61.1875,162.5,152,179
"6036",-39.375,-60.6875,172.5,172,173
"6037",-39.375,-60.5625,176,174,178
"6038",-39.375,-60.4375,179,179,179
"6039",-39.375,-60.3125,180,180,180
"6040",-39.375,-59.0625,162.625,133,178
"6041",-39.375,-58.9375,143.214285714286,117,178
"6042",-39.375,-58.8125,142.785714285714,106,179
"6043",-39.375,-58.6875,151.765362363873,105,180
"6044",-39.375,-58.5625,140.483870967742,97,179
"6045",-39.375,-58.4375,154.052192052205,113,179
"6046",-39.375,-58.3125,149.751929389106,87,179
"6047",-39.375,-58.1875,142,94,177
"6048",-39.375,-58.0625,137.589583333333,117,172
"6049",-39.375,-57.9375,144.153846153846,95,179
"6050",-39.375,-57.8125,148,103,179
"6051",-39.375,-57.6875,142.625,123,178
"6052",-39.375,-57.5625,161.4,136,180
"6053",-39.375,-57.4375,146.444444444444,138,154
"6054",-39.375,-57.3125,135.125,109,148
"6055",-39.375,-57.1875,145.5,144,147
"6056",-39.375,-57.0625,157,146,168
"6057",-39.375,-56.9375,146,132,169
"6058",-39.375,-56.8125,164.98046875,141.84375,171
"6059",-39.375,-56.6875,160.75,117,172
"6060",-39.375,-56.5625,169.714285714286,159,180
"6061",-39.375,-56.4375,155.428571428571,111,179
"6062",-39.375,-56.3125,136,135,137
"6063",-39.375,-56.1875,133,132,134
"6064",-39.375,-55.8125,135,120,150
"6065",-39.375,-55.6875,131.333333333333,121,151
"6066",-39.375,-55.5625,136.5,123,175
"6067",-39.375,-55.4375,145.5,134,157
"6068",-39.375,-55.3125,176,176,176
"6069",-39.375,-55.1875,155.5,131,173
"6070",-39.125,-62.9375,153,152,154
"6071",-39.125,-62.8125,140,123,146
"6072",-39.125,-62.6875,136.083333333333,113,173
"6073",-39.125,-62.5625,146.344827586207,115,180
"6074",-39.125,-62.4375,131.285714285714,124,135
"6075",-39.125,-62.3125,146.302325581395,125,177
"6076",-39.125,-62.1875,152.555555555556,113,173
"6077",-39.125,-62.0625,143,143,143
"6078",-39.125,-61.9375,152.529411764706,124,171
"6079",-39.125,-61.8125,130.9,128,134
"6080",-39.125,-61.6875,157.5,135,180
"6081",-39.125,-61.5625,165.214285714286,140,175
"6082",-39.125,-60.5625,179.5,179,180
"6083",-39.125,-59.0625,160.5,147,171
"6084",-39.125,-58.9375,157.533333333333,108,180
"6085",-39.125,-58.8125,154.787878787879,106,179
"6086",-39.125,-58.6875,145.416666666667,98,177
"6087",-39.125,-58.5625,153.857142857143,137,180
"6088",-39.125,-58.4375,152.432227617429,81,180
"6089",-39.125,-58.3125,153.738649025941,100,180
"6090",-39.125,-58.1875,141.833333333333,106,169
"6091",-39.125,-58.0625,134.95,118,165
"6092",-39.125,-57.9375,146.440340909091,96,173
"6093",-39.125,-57.8125,149.357142857143,122,178
"6094",-39.125,-57.6875,148.5,104,180
"6095",-39.125,-57.5625,136.8,105,172
"6096",-39.125,-57.4375,139.666666666667,127,155
"6097",-39.125,-57.3125,136.5,106,157
"6098",-39.125,-57.1875,129.2,107,158
"6099",-39.125,-57.0625,146.375,113,161
"6100",-39.125,-56.9375,156.666666666667,148,164
"6101",-39.125,-56.8125,157.784375,140.84375,177
"6102",-39.125,-56.6875,148.625,108,178
"6103",-39.125,-56.5625,146.5,109,179
"6104",-39.125,-56.0625,130.5,130,131
"6105",-39.125,-55.9375,154,128,180
"6106",-39.125,-55.8125,126.5,126,127
"6107",-39.125,-55.6875,143.333333333333,125,153
"6108",-39.125,-55.5625,156.84375,156.84375,156.84375
"6109",-39.125,-55.4375,172,168,176
"6110",-39.125,-55.3125,144.166666666667,132,177
"6111",-39.125,-55.0625,174,174,174
"6112",-39.125,-54.9375,170,170,170
"6113",-38.875,-62.9375,156,155,157
"6114",-38.875,-62.8125,151,147,158
"6115",-38.875,-62.6875,129.571428571429,121,138
"6116",-38.875,-62.5625,125,123,128
"6117",-38.875,-62.4375,148.789473684211,135,158
"6118",-38.875,-62.3125,149.9375,126,180
"6119",-38.875,-62.1875,156.8,124,179
"6120",-38.875,-62.0625,136.5,115,177
"6121",-38.875,-61.9375,167.25,122,180
"6122",-38.875,-61.8125,126,124,128
"6123",-38.875,-61.5625,158,157,159
"6124",-38.875,-61.4375,155.5,155,156
"6125",-38.875,-59.1875,154,154,154
"6126",-38.875,-59.0625,152,109,172
"6127",-38.875,-58.9375,158.714285714286,130,179
"6128",-38.875,-58.8125,148.782608695652,118,180
"6129",-38.875,-58.6875,155.964617047991,130,178
"6130",-38.875,-58.5625,147.388888888889,98,177
"6131",-38.875,-58.4375,156.888888888889,126,180
"6132",-38.875,-58.3125,154.076030161189,118,179
"6133",-38.875,-58.1875,156.444444444444,88,180
"6134",-38.875,-58.0625,149.363636363636,119,179
"6135",-38.875,-57.9375,148.058823529412,119,175
"6136",-38.875,-57.8125,141.802734375,97,180
"6137",-38.875,-57.6875,160.222222222222,123,179
"6138",-38.875,-57.5625,156.266666666667,113,177
"6139",-38.875,-57.4375,156.25,128,180
"6140",-38.875,-57.3125,148.153846153846,114,180
"6141",-38.875,-57.1875,149,115,174
"6142",-38.875,-57.0625,143.871527777778,125,175
"6143",-38.875,-56.9375,137.46875,105,176
"6144",-38.875,-56.8125,141.115234375,106,164
"6145",-38.875,-56.6875,139.777777777778,107,157
"6146",-38.875,-56.5625,156,156,156
"6147",-38.875,-56.4375,154,154,154
"6148",-38.875,-56.3125,174.5,174,175
"6149",-38.875,-56.1875,164.5,153,176
"6150",-38.875,-56.0625,169,152,178
"6151",-38.875,-55.6875,155.4609375,154,157.84375
"6152",-38.875,-55.5625,168.333333333333,156,180
"6153",-38.875,-55.4375,151.4,113,179
"6154",-38.875,-55.3125,155.5,133,178
"6155",-38.875,-55.1875,158,158,158
"6156",-38.875,-55.0625,175,175,175
"6157",-38.625,-62.8125,160,159,161
"6158",-38.625,-62.6875,150,149,151
"6159",-38.625,-62.5625,135,129,141
"6160",-38.625,-62.4375,145.652173913043,126,161
"6161",-38.625,-62.3125,156.111111111111,127,174
"6162",-38.625,-62.1875,156.5,133,180
"6163",-38.625,-62.0625,151.4,119,180
"6164",-38.625,-61.9375,128,120,140
"6165",-38.625,-61.8125,142,141,143
"6166",-38.625,-61.6875,145.5,144,147
"6167",-38.625,-61.5625,150.166666666667,148,152
"6168",-38.625,-61.4375,153.5,153,154
"6169",-38.625,-59.5625,168.44,157,180
"6170",-38.625,-59.1875,159.5,155,164
"6171",-38.625,-59.0625,159,148,172
"6172",-38.625,-58.9375,158.857142857143,107,177
"6173",-38.625,-58.8125,149.96,99,180
"6174",-38.625,-58.6875,160.181818181818,126,180
"6175",-38.625,-58.5625,156.7,119,180
"6176",-38.625,-58.4375,148.882352941176,97,180
"6177",-38.625,-58.3125,138.521739130435,95,179
"6178",-38.625,-58.1875,159.533420562744,138,178
"6179",-38.625,-58.0625,158.272727272727,121,175
"6180",-38.625,-57.9375,151.796160529642,120,176.534729003906
"6181",-38.625,-57.8125,150.428571428571,122,176
"6182",-38.625,-57.6875,153.991319444444,99,180
"6183",-38.625,-57.5625,152.3203125,124,175
"6184",-38.625,-57.4375,155.25,125,174
"6185",-38.625,-57.3125,153.871527777778,126,176
"6186",-38.625,-57.1875,151.784375,127,174
"6187",-38.625,-57.0625,143.444444444444,104,177
"6188",-38.625,-56.9375,146.9,126,175
"6189",-38.625,-56.8125,150.833333333333,117,171
"6190",-38.625,-56.6875,148,127,172
"6191",-38.625,-56.5625,138.75,112,169
"6192",-38.625,-56.4375,174.333333333333,170,180
"6193",-38.625,-56.3125,166.25,156,179
"6194",-38.625,-56.1875,163.666666666667,157,178
"6195",-38.625,-56.0625,164.666666666667,157,177
"6196",-38.625,-55.9375,156,156,156
"6197",-38.625,-55.8125,155.421875,151,159.84375
"6198",-38.625,-55.6875,158.84375,158.84375,158.84375
"6199",-38.625,-55.5625,161.666666666667,157,170
"6200",-38.625,-55.4375,114,114,114
"6201",-38.625,-55.3125,143,134,152
"6202",-38.625,-55.1875,177,176,178
"6203",-38.625,-54.9375,171,171,171
"6204",-38.375,-62.6875,163,162,164
"6205",-38.375,-62.5625,156.666666666667,152,165
"6206",-38.375,-62.4375,146.272727272727,130,162
"6207",-38.375,-62.3125,157.066666666667,130,179
"6208",-38.375,-62.1875,131.666666666667,131,132
"6209",-38.375,-59.5625,154.5,153,156
"6210",-38.375,-59.0625,146.8,110,171
"6211",-38.375,-58.9375,154.444444444444,131,178
"6212",-38.375,-58.8125,162.789473684211,134,180
"6213",-38.375,-58.6875,153.617412802614,100,180
"6214",-38.375,-58.5625,151.920273218399,82,178
"6215",-38.375,-58.4375,147.376456311954,102,180
"6216",-38.375,-58.3125,157.160751531154,104,178
"6217",-38.375,-58.1875,149.588235294118,105,175
"6218",-38.375,-58.0625,158.142857142857,118,179
"6219",-38.375,-57.9375,150.818181818182,89,180
"6220",-38.375,-57.8125,149.425748384916,122,177.534729003906
"6221",-38.375,-57.6875,148.325572294347,101,178.534729003906
"6222",-38.375,-57.5625,157.252480643136,126,179.534729003906
"6223",-38.375,-57.4375,165.363636363636,144,174
"6224",-38.375,-57.3125,157.375,127,174
"6225",-38.375,-57.1875,160.833333333333,128,175
"6226",-38.375,-57.0625,159.8,144,174
"6227",-38.375,-56.9375,162.571428571429,147,178
"6228",-38.375,-56.8125,151.833333333333,130,175
"6229",-38.375,-56.6875,158.6,118,176
"6230",-38.375,-56.5625,151.4375,128,177
"6231",-38.375,-56.4375,160,114,180
"6232",-38.375,-56.3125,163,133,176
"6233",-38.375,-56.1875,149.625,115,173
"6234",-38.375,-56.0625,151.666666666667,116,176
"6235",-38.375,-55.9375,157.853125,135,175
"6236",-38.375,-55.8125,153.691964285714,117,167
"6237",-38.375,-55.6875,161.818181818182,118,172
"6238",-38.375,-55.5625,130,115,159
"6239",-38.375,-55.4375,138,138,138
"6240",-38.375,-55.3125,178,178,178
"6241",-38.375,-55.1875,177,177,177
"6242",-38.375,-55.0625,169,159,179
"6243",-38.125,-62.5625,166,166,166
"6244",-38.125,-62.4375,152.25,133,167
"6245",-38.125,-62.3125,151.375,131,180
"6246",-38.125,-62.1875,136.5,133,140
"6247",-38.125,-59.5625,152,152,152
"6248",-38.125,-59.4375,150,149,151
"6249",-38.125,-59.0625,161,156,165
"6250",-38.125,-58.9375,143.666666666667,108,162
"6251",-38.125,-58.8125,146,132,172
"6252",-38.125,-58.6875,152.090909090909,121,176
"6253",-38.125,-58.5625,149.2,101,178
"6254",-38.125,-58.4375,150.411675771077,103,174
"6255",-38.125,-58.3125,147.764705882353,108,173
"6256",-38.125,-58.1875,160.406099623528,124,180
"6257",-38.125,-58.0625,155.538461538462,106,178
"6258",-38.125,-57.9375,149.375,107,180
"6259",-38.125,-57.8125,151.933333333333,123,180
"6260",-38.125,-57.6875,140.555555555556,102,179
"6261",-38.125,-57.5625,151.384615384615,125,180
"6262",-38.125,-57.4375,158,125,180
"6263",-38.125,-57.3125,160.6,141,180
"6264",-38.125,-57.1875,159.875,126,180
"6265",-38.125,-57.0625,156.75,103,176
"6266",-38.125,-56.9375,155.846153846154,127,177
"6267",-38.125,-56.8125,159.444444444444,132,179
"6268",-38.125,-56.6875,133.4,119,150
"6269",-38.125,-56.5625,152.071428571429,120,180
"6270",-38.125,-56.4375,156.888888888889,121,179
"6271",-38.125,-56.3125,167.071428571429,122,180
"6272",-38.125,-56.1875,148.75,123,180
"6273",-38.125,-56.0625,148.857142857143,124,175
"6274",-38.125,-55.9375,159.345982142857,132,174
"6275",-38.125,-55.8125,162.2109375,140,173
"6276",-38.125,-55.6875,153.4,116,173
"6277",-38.125,-55.5625,157.5,121,180
"6278",-38.125,-55.4375,179,179,179
"6279",-38.125,-55.3125,144,135,153
"6280",-37.875,-62.4375,168,168,168
"6281",-37.875,-62.3125,152.090909090909,132,169
"6282",-37.875,-62.1875,149.529411764706,135,165
"6283",-37.875,-62.0625,138,138,138
"6284",-37.875,-60.5625,179,178,180
"6285",-37.875,-60.4375,176.5,176,177
"6286",-37.875,-60.3125,174.5,174,175
"6287",-37.875,-60.1875,173,173,173
"6288",-37.875,-59.8125,179,179,179
"6289",-37.875,-59.6875,177.5,177,178
"6290",-37.875,-59.3125,144.714285714286,141,148
"6291",-37.875,-59.1875,143,143,143
"6292",-37.875,-58.9375,149.75,134,177
"6293",-37.875,-58.8125,142.133333333333,109,176
"6294",-37.875,-58.6875,137,105,176
"6295",-37.875,-58.5625,149.4,112,168
"6296",-37.875,-58.4375,148.030884859855,113,171
"6297",-37.875,-58.3125,138.333333333333,83,165
"6298",-37.875,-58.1875,152.666666666667,109,164
"6299",-37.875,-58.0625,153.765319824219,110,178
"6300",-37.875,-57.9375,147.181818181818,108,179
"6301",-37.875,-57.8125,154.230769230769,90,179
"6302",-37.875,-57.6875,142,104,174
"6303",-37.875,-57.5625,158.714285714286,141,177
"6304",-37.875,-57.4375,153.777777777778,142,178
"6305",-37.875,-57.3125,163.25,147,172
"6306",-37.875,-57.1875,160.571428571429,152,174
"6307",-37.875,-57.0625,156.714285714286,146,175
"6308",-37.875,-56.9375,144.578947368421,93,176
"6309",-37.875,-56.8125,157.5625,128,180
"6310",-37.875,-56.6875,175.5,173,180
"6311",-37.875,-56.5625,175.666666666667,175,176
"6312",-37.875,-56.4375,179,177,180
"6313",-37.875,-56.3125,140,140,140
"6314",-37.875,-56.1875,144,141,146
"6315",-37.875,-56.0625,147.230769230769,127,176
"6316",-37.875,-55.9375,138.85546875,125,166.84375
"6317",-37.875,-55.8125,156.333333333333,123,174
"6318",-37.875,-55.6875,137.666666666667,117,174
"6319",-37.875,-55.5625,153.666666666667,139,162
"6320",-37.875,-55.4375,164,164,164
"6321",-37.875,-55.3125,163,161,165
"6322",-37.875,-55.0625,170,160,180
"6323",-37.875,-54.9375,172,172,172
"6324",-37.625,-62.3125,152,135,170
"6325",-37.625,-62.1875,156.863636363636,133,167
"6326",-37.625,-62.0625,144.666666666667,139,150
"6327",-37.625,-60.1875,171.333333333333,171,172
"6328",-37.625,-59.8125,178.5,177,180
"6329",-37.625,-59.6875,175.5,175,176
"6330",-37.625,-59.5625,175,174,176
"6331",-37.625,-59.4375,174,174,174
"6332",-37.625,-59.3125,141.5,140,143
"6333",-37.625,-59.1875,156.970054626465,137,179
"6334",-37.625,-59.0625,153.77170308431,135,178
"6335",-37.625,-58.9375,148.699267352069,123,179
"6336",-37.625,-58.8125,156.458681233724,125,178
"6337",-37.625,-58.6875,149.714285714286,107,174
"6338",-37.625,-58.5625,153.286383145097,108,180
"6339",-37.625,-58.4375,159.071428571429,133,175
"6340",-37.625,-58.3125,153.692307692308,127,172
"6341",-37.625,-58.1875,160.152780243845,121,179.670145670573
"6342",-37.625,-58.0625,152.7,128,168
"6343",-37.625,-57.9375,158.6,109,178
"6344",-37.625,-57.8125,142.777777777778,84,180
"6345",-37.625,-57.6875,144.764705882353,105,180
"6346",-37.625,-57.5625,157.5,142,174
"6347",-37.625,-57.4375,147.6,85,178
"6348",-37.625,-57.3125,158,150,162
"6349",-37.625,-57.1875,159.909090909091,91,180
"6350",-37.625,-57.0625,157.090909090909,96,179
"6351",-37.625,-56.9375,148.5625,92,178
"6352",-37.625,-56.8125,144,99,178
"6353",-37.625,-56.6875,169,158,179
"6354",-37.625,-56.5625,174,174,174
"6355",-37.625,-56.4375,175,175,175
"6356",-37.625,-56.3125,172.5,169,176
"6357",-37.625,-56.1875,167,166,168
"6358",-37.625,-56.0625,148.549107142857,128,175
"6359",-37.625,-55.9375,134,124,144
"6360",-37.625,-55.8125,175,175,175
"6361",-37.625,-55.6875,144.333333333333,118,161
"6362",-37.625,-55.5625,136,136,136
"6363",-37.625,-55.3125,166,166,166
"6364",-37.625,-55.0625,173,173,173
"6365",-37.375,-62.3125,156,147,171
"6366",-37.375,-62.1875,157.388888888889,134,170
"6367",-37.375,-62.0625,158.727272727273,143,179
"6368",-37.375,-61.9375,180,180,180
"6369",-37.375,-60.0625,168,166,170
"6370",-37.375,-59.9375,163.5,157,180
"6371",-37.375,-59.8125,158.166666666667,155,161
"6372",-37.375,-59.6875,151.833333333333,136,157
"6373",-37.375,-59.5625,155.153846153846,133,173
"6374",-37.375,-59.4375,154.9,131,173
"6375",-37.375,-59.3125,154.333333333333,144,172
"6376",-37.375,-59.1875,151.166666666667,127,180
"6377",-37.375,-59.0625,145.960648794023,125,176.58681233724
"6378",-37.375,-58.9375,155.305787489149,113,180
"6379",-37.375,-58.8125,154.555555555556,112,175
"6380",-37.375,-58.6875,157.529411764706,111,180
"6381",-37.375,-58.5625,163.5,117,180
"6382",-37.375,-58.4375,153,115,179
"6383",-37.375,-58.3125,143.642857142857,114,173
"6384",-37.375,-58.1875,154.785714285714,113,174
"6385",-37.375,-58.0625,145.545454545455,112,171
"6386",-37.375,-57.9375,148.285714285714,110,176
"6387",-37.375,-57.8125,140.5,116,179
"6388",-37.375,-57.6875,143.846153846154,106,176
"6389",-37.375,-57.5625,150.863636363636,91,179
"6390",-37.375,-57.4375,152.818181818182,120,173
"6391",-37.375,-57.3125,152.928571428571,112,177
"6392",-37.375,-57.1875,158.75,150,164
"6393",-37.375,-57.0625,167,161,170
"6394",-37.375,-56.9375,169,160,174
"6395",-37.375,-56.8125,159,159,159
"6396",-37.375,-56.6875,168,145,180
"6397",-37.375,-56.5625,154,146,162
"6398",-37.375,-56.4375,167.5,163,179
"6399",-37.375,-56.3125,177,176,178
"6400",-37.375,-56.1875,177,177,177
"6401",-37.375,-56.0625,153.473958333333,131,177
"6402",-37.375,-55.9375,152,125,176
"6403",-37.375,-55.8125,147.5,140,155
"6404",-37.375,-55.4375,167.5,167,168
"6405",-37.375,-55.1875,174,174,174
"6406",-37.125,-62.3125,159.142857142857,149,173
"6407",-37.125,-62.1875,154.3,135,171
"6408",-37.125,-62.0625,169.361111111111,148,179
"6409",-37.125,-61.9375,165.481481481481,153,180
"6410",-37.125,-61.8125,175.25,173,177
"6411",-37.125,-60.0625,162,160,164
"6412",-37.125,-59.8125,169,169,169
"6413",-37.125,-59.6875,157.571428571429,137,180
"6414",-37.125,-59.5625,156.8,150,166
"6415",-37.125,-59.4375,146.666666666667,144,149
"6416",-37.125,-59.3125,148.166666666667,122,171
"6417",-37.125,-59.1875,151.363636363636,121,171
"6418",-37.125,-59.0625,146.666666666667,115,176
"6419",-37.125,-58.9375,152.872990123013,114,178.58681233724
"6420",-37.125,-58.8125,161.979340616862,140,179.58681233724
"6421",-37.125,-58.6875,162.5,151,173
"6422",-37.125,-58.5625,173.533333333333,155,180
"6423",-37.125,-58.4375,157.75,133,177
"6424",-37.125,-58.3125,160.375,143,174
"6425",-37.125,-58.1875,162.5,138,180
"6426",-37.125,-58.0625,154.857142857143,119,177
"6427",-37.125,-57.9375,160.454545454545,118,180
"6428",-37.125,-57.8125,151.4,117,177
"6429",-37.125,-57.6875,153.066666666667,117,180
"6430",-37.125,-57.5625,154.473684210526,89,180
"6431",-37.125,-57.4375,157.555555555556,124,179
"6432",-37.125,-57.3125,148.882352941176,108,178
"6433",-37.125,-57.1875,151.583333333333,122,178
"6434",-37.125,-57.0625,153.3,113,177
"6435",-37.125,-56.9375,133,114,143
"6436",-37.125,-56.8125,168,168,168
"6437",-37.125,-56.6875,173.5,167,180
"6438",-37.125,-56.4375,163.5,147,180
"6439",-37.125,-56.3125,163.666666666667,148,178
"6440",-37.125,-56.1875,166.421875,163,169.84375
"6441",-37.125,-56.0625,150.666666666667,126,178
"6442",-37.125,-55.9375,146,146,146
"6443",-37.125,-55.8125,158.5,137,180
"6444",-37.125,-55.6875,174.5,170,179
"6445",-37.125,-55.5625,169,169,169
"6446",-37.125,-55.4375,177.5,177,178
"6447",-37.125,-55.3125,176,176,176
"6448",-37.125,-55.1875,175,175,175
"6449",-37.125,-53.1875,180,180,180
"6450",-36.875,-62.3125,164.8,152,175
"6451",-36.875,-62.1875,150.125,136,172
"6452",-36.875,-62.0625,167.4,157,175
"6453",-36.875,-61.9375,166.2,160,173
"6454",-36.875,-61.8125,179,178,180
"6455",-36.875,-60.0625,166,165,167
"6456",-36.875,-59.9375,168.5,168,169
"6457",-36.875,-59.8125,170.5,170,171
"6458",-36.875,-59.6875,149,148,150
"6459",-36.875,-59.3125,145,123,153
"6460",-36.875,-59.1875,142.7,116,177
"6461",-36.875,-59.0625,154.411764705882,125,180
"6462",-36.875,-58.9375,150.933333333333,126,179
"6463",-36.875,-58.8125,149.384615384615,128,163
"6464",-36.875,-58.6875,164.454545454545,156,174
"6465",-36.875,-58.5625,167.555555555556,150,175
"6466",-36.875,-58.4375,165.5,149,173
"6467",-36.875,-58.3125,158.444444444444,132,171
"6468",-36.875,-58.1875,158.833333333333,155,169
"6469",-36.875,-58.0625,128.5,126,131
"6470",-36.875,-57.9375,165.909090909091,130,180
"6471",-36.875,-57.8125,156.222222222222,127,178
"6472",-36.875,-57.6875,154.555555555556,118,173
"6473",-36.875,-57.5625,138.090909090909,88,168
"6474",-36.875,-57.4375,152.222222222222,87,178
"6475",-36.875,-57.3125,152.894736842105,86,180
"6476",-36.875,-57.1875,150.307692307692,109,175
"6477",-36.875,-57.0625,143.444444444444,124,175
"6478",-36.875,-56.9375,153.818181818182,115,176
"6479",-36.875,-56.8125,175,175,175
"6480",-36.875,-56.6875,164.666666666667,163,166
"6481",-36.875,-56.3125,157.5,149,166
"6482",-36.875,-56.1875,170.75,149,179
"6483",-36.875,-56.0625,141,141,141
"6484",-36.875,-55.6875,145,119,171
"6485",-36.875,-53.1875,179,179,179
"6486",-36.625,-62.3125,177,176,178
"6487",-36.625,-62.1875,154.5,137,164
"6488",-36.625,-62.0625,161.818181818182,141,177
"6489",-36.625,-61.9375,176,161,180
"6490",-36.625,-59.9375,170.5,170,171
"6491",-36.625,-59.8125,172,172,172
"6492",-36.625,-59.6875,164.2,151,173
"6493",-36.625,-59.5625,160.333333333333,153,174
"6494",-36.625,-59.4375,165,155,175
"6495",-36.625,-59.3125,155,147,176
"6496",-36.625,-59.1875,149.6,118,177
"6497",-36.625,-59.0625,160.75,145,179
"6498",-36.625,-58.9375,172,156,180
"6499",-36.625,-58.8125,163.833333333333,160,172
"6500",-36.625,-58.6875,149.384615384615,129,173
"6501",-36.625,-58.5625,157.909090909091,132,175
"6502",-36.625,-58.4375,168.555555555556,161,176
"6503",-36.625,-58.3125,170,160,177
"6504",-36.625,-58.1875,157.666666666667,147,167
"6505",-36.625,-58.0625,155.8,146,168
"6506",-36.625,-57.9375,156.333333333333,145,167
"6507",-36.625,-57.8125,167.333333333333,145,180
"6508",-36.625,-57.6875,167.75,160,178
"6509",-36.625,-57.5625,155.8125,93,177
"6510",-36.625,-57.4375,154.105263157895,111,179
"6511",-36.625,-57.3125,139.6,117,173
"6512",-36.625,-57.1875,148,116,176
"6513",-36.625,-57.0625,145.125,127,168
"6514",-36.625,-56.9375,160.181818181818,154,176
"6515",-36.625,-56.8125,160.5,160,161
"6516",-36.625,-56.6875,170.333333333333,164,174
"6517",-36.625,-56.5625,165,161,172
"6518",-36.625,-56.4375,167,167,167
"6519",-36.625,-56.3125,160.666666666667,124,179
"6520",-36.625,-56.1875,166.16875,150,180
"6521",-36.625,-56.0625,144.2,127,179
"6522",-36.625,-55.9375,156,156,156
"6523",-36.625,-55.8125,138,138,138
"6524",-36.625,-55.6875,172,172,172
"6525",-36.625,-53.3125,178,178,178
"6526",-36.625,-53.1875,176,176,176
"6527",-36.625,-53.0625,177,177,177
"6528",-36.625,-52.9375,178.5,178,179
"6529",-36.625,-52.8125,180,180,180
"6530",-36.375,-62.1875,167,155,180
"6531",-36.375,-62.0625,154.666666666667,138,176
"6532",-36.375,-61.9375,167,154,180
"6533",-36.375,-61.8125,168.583333333333,164,174
"6534",-36.375,-61.6875,177.5,175,180
"6535",-36.375,-59.8125,173,173,173
"6536",-36.375,-59.6875,174,174,174
"6537",-36.375,-59.5625,175.666666666667,175,176
"6538",-36.375,-59.4375,177.5,177,178
"6539",-36.375,-59.3125,168,156,180
"6540",-36.375,-59.1875,150.555555555556,120,178
"6541",-36.375,-59.0625,157.266666666667,121,179
"6542",-36.375,-58.9375,163.25,154,180
"6543",-36.375,-58.8125,166,166,166
"6544",-36.375,-58.6875,145.6,132,168
"6545",-36.375,-58.5625,159.888888888889,137,171
"6546",-36.375,-58.4375,175.285714285714,170,180
"6547",-36.375,-58.1875,176,174,178
"6548",-36.375,-58.0625,171.5,168,175
"6549",-36.375,-57.9375,177.5,176,179
"6550",-36.375,-57.8125,163.142857142857,146,179
"6551",-36.375,-57.6875,166,161,173
"6552",-36.375,-57.5625,156.285714285714,94,180
"6553",-36.375,-57.4375,160.5,132,179
"6554",-36.375,-57.3125,148.428571428571,132,168
"6555",-36.375,-57.1875,158.6,130,177
"6556",-36.375,-57.0625,146.333333333333,128,171
"6557",-36.375,-56.9375,164.3,150,177
"6558",-36.375,-56.6875,162.5,162,163
"6559",-36.375,-56.5625,155.333333333333,125,171
"6560",-36.375,-56.4375,169.25,160,180
"6561",-36.375,-56.3125,167,165,169
"6562",-36.375,-56.1875,141.333333333333,123,151
"6563",-36.375,-56.0625,165,152,178
"6564",-36.375,-55.9375,138.5,135,142
"6565",-36.375,-55.8125,120,120,120
"6566",-36.375,-55.5625,173,173,173
"6567",-36.375,-55.4375,174.5,174,175
"6568",-36.375,-55.3125,177,176,178
"6569",-36.375,-55.1875,179.5,179,180
"6570",-36.375,-53.4375,176,176,176
"6571",-36.375,-53.3125,176,175,177
"6572",-36.125,-62.1875,158,157,159
"6573",-36.125,-62.0625,159.2,139,167
"6574",-36.125,-61.9375,157,140,180
"6575",-36.125,-61.8125,159,158,160
"6576",-36.125,-59.3125,144.25,143,145
"6577",-36.125,-59.1875,142,142,142
"6578",-36.125,-59.0625,158.636363636364,122,171
"6579",-36.125,-58.9375,161.636363636364,123,174
"6580",-36.125,-58.6875,144.714285714286,134,171
"6581",-36.125,-58.5625,168,139,175
"6582",-36.125,-58.4375,175,173,177
"6583",-36.125,-58.3125,178.5,178,179
"6584",-36.125,-58.1875,180,180,180
"6585",-36.125,-57.9375,171.666666666667,169,176
"6586",-36.125,-57.8125,169.25,151,180
"6587",-36.125,-57.6875,153.5,122,169
"6588",-36.125,-57.5625,158.0625,120,180
"6589",-36.125,-57.4375,153.571428571429,112,179
"6590",-36.125,-57.3125,160.857142857143,131,178
"6591",-36.125,-57.1875,169.625,152,178
"6592",-36.125,-56.9375,127,127,127
"6593",-36.125,-56.8125,157.666666666667,126,174
"6594",-36.125,-56.6875,175.5,175,176
"6595",-36.125,-56.5625,177.5,177,178
"6596",-36.125,-56.4375,171.2,158,180
"6597",-36.125,-56.3125,140,140,140
"6598",-36.125,-56.1875,165.28125,154,171.84375
"6599",-36.125,-56.0625,150.8,122,171
"6600",-36.125,-55.9375,158.75,128,180
"6601",-36.125,-55.8125,150,143,157
"6602",-36.125,-53.5625,175,175,175
"6603",-36.125,-53.3125,174,174,174
"6604",-36.125,-53.1875,177,177,177
"6605",-36.125,-53.0625,178,178,178
"6606",-35.875,-62.3125,161.4,160,163
"6607",-35.875,-62.1875,170.5,170,171
"6608",-35.875,-62.0625,166.5,164,169
"6609",-35.875,-61.9375,154.625,141,166
"6610",-35.875,-59.3125,146.5,146,147
"6611",-35.875,-59.1875,148.5,148,149
"6612",-35.875,-59.0625,167.454545454545,151,175
"6613",-35.875,-58.9375,167.5,167,168
"6614",-35.875,-58.8125,159.9,124,176
"6615",-35.875,-58.6875,162.416666666667,125,179
"6616",-35.875,-58.5625,164.333333333333,126,180
"6617",-35.875,-57.9375,163.2,149,175
"6618",-35.875,-57.8125,123,123,123
"6619",-35.875,-57.6875,167.625,152,179
"6620",-35.875,-57.5625,155.647058823529,95,180
"6621",-35.875,-57.4375,162.555555555556,135,179
"6622",-35.875,-57.3125,170.333333333333,159,179
"6623",-35.875,-57.1875,175,171,179
"6624",-35.875,-56.3125,156.666666666667,156,157
"6625",-35.875,-56.1875,166.895833333333,155,172.84375
"6626",-35.875,-56.0625,148,121,172
"6627",-35.875,-55.9375,148.666666666667,136,168
"6628",-35.875,-55.8125,139,139,139
"6629",-35.875,-53.6875,174,174,174
"6630",-35.875,-53.4375,173,173,173
"6631",-35.875,-53.3125,176,176,176
"6632",-35.875,-52.9375,179,179,179
"6633",-35.625,-62.4375,165.5,164,167
"6634",-35.625,-62.1875,173.5,172,175
"6635",-35.625,-62.0625,170.5,169,172
"6636",-35.625,-61.9375,156.1,142,172
"6637",-35.625,-61.8125,169.5,169,170
"6638",-35.625,-59.1875,151,150,152
"6639",-35.625,-59.0625,167.5,153,179
"6640",-35.625,-58.9375,164.666666666667,156,180
"6641",-35.625,-58.8125,166.333333333333,158,171
"6642",-35.625,-58.6875,162.166666666667,138,176
"6643",-35.625,-58.5625,158.176470588235,127,179
"6644",-35.625,-58.4375,167.666666666667,144,180
"6645",-35.625,-58.3125,147.5,145,150
"6646",-35.625,-58.1875,162.5,162,163
"6647",-35.625,-58.0625,159.2,147,180
"6648",-35.625,-57.9375,167.75,159,173
"6649",-35.625,-57.8125,150.6,124,171
"6650",-35.625,-57.6875,157.875,121,175
"6651",-35.625,-57.5625,165.25,143,178
"6652",-35.625,-57.4375,160,132,175
"6653",-35.625,-57.3125,163,158,168
"6654",-35.625,-57.1875,169.8,160,180
"6655",-35.625,-57.0625,156.5,156,157
"6656",-35.625,-56.9375,169,169,169
"6657",-35.625,-56.4375,139,139,139
"6658",-35.625,-56.1875,173.84375,173.84375,173.84375
"6659",-35.625,-56.0625,173,173,173
"6660",-35.625,-55.9375,158.5,143,180
"6661",-35.625,-55.8125,157,144,170
"6662",-35.625,-53.8125,173,173,173
"6663",-35.625,-53.6875,172,172,172
"6664",-35.625,-53.5625,175,175,175
"6665",-35.625,-53.4375,161,153,165
"6666",-35.625,-53.3125,160,154,166
"6667",-35.625,-53.0625,155.5,155,156
"6668",-35.625,-52.8125,180,180,180
"6669",-35.375,-62.4375,169,168,170
"6670",-35.375,-62.3125,179.5,179,180
"6671",-35.375,-62.1875,176.75,176,178
"6672",-35.375,-62.0625,176,173,179
"6673",-35.375,-61.9375,150.5,144,155
"6674",-35.375,-61.8125,172.2,156,179
"6675",-35.375,-61.6875,180,180,180
"6676",-35.375,-59.1875,166,153,176
"6677",-35.375,-59.0625,164.571428571429,157,171
"6678",-35.375,-58.9375,174.5,174,175
"6679",-35.375,-58.8125,176.5,176,177
"6680",-35.375,-58.6875,170.5,166,175
"6681",-35.375,-58.5625,155.714285714286,130,180
"6682",-35.375,-58.4375,140.571428571429,123,147
"6683",-35.375,-58.3125,142.266666666667,121,155
"6684",-35.375,-58.1875,146.166666666667,118,165
"6685",-35.375,-58.0625,145.5,124,167
"6686",-35.375,-57.9375,155.75,123,179
"6687",-35.375,-57.8125,155.714285714286,122,178
"6688",-35.375,-57.6875,168.5,159,177
"6689",-35.375,-57.5625,150.615384615385,113,179
"6690",-35.375,-57.4375,169.4,159,180
"6691",-35.375,-57.3125,172.4,160,180
"6692",-35.375,-57.1875,171,169,173
"6693",-35.375,-57.0625,173.5,170,177
"6694",-35.375,-56.9375,155,155,155
"6695",-35.375,-56.8125,174.166666666667,167,179
"6696",-35.375,-56.3125,138,138,138
"6697",-35.375,-56.1875,137,137,137
"6698",-35.375,-56.0625,174,174,174
"6699",-35.375,-55.9375,142,129,153
"6700",-35.375,-55.8125,166.5,140,175
"6701",-35.375,-55.6875,150,150,150
"6702",-35.375,-53.9375,171.5,171,172
"6703",-35.375,-53.8125,168.5,163,174
"6704",-35.375,-53.6875,152,152,152
"6705",-35.375,-53.5625,164,164,164
"6706",-35.375,-53.1875,165.25,160,168
"6707",-35.125,-62.5625,173,173,173
"6708",-35.125,-62.4375,171.5,171,172
"6709",-35.125,-62.0625,180,180,180
"6710",-35.125,-61.9375,147.6,146,149
"6711",-35.125,-61.8125,162.5,158,167
"6712",-35.125,-59.1875,178.5,177,180
"6713",-35.125,-59.0625,160.5,160,161
"6714",-35.125,-58.9375,163,162,164
"6715",-35.125,-58.8125,178.5,178,179
"6716",-35.125,-58.6875,160.5,132,176
"6717",-35.125,-58.5625,165.5,163,168
"6718",-35.125,-58.4375,147.166666666667,124,170
"6719",-35.125,-58.3125,152.692307692308,130,167
"6720",-35.125,-58.1875,142.833333333333,117,160
"6721",-35.125,-58.0625,152.285714285714,116,168
"6722",-35.125,-57.9375,155.181818181818,115,176
"6723",-35.125,-57.8125,147.142857142857,96,180
"6724",-35.125,-57.6875,161.714285714286,145,179
"6725",-35.125,-57.5625,158.285714285714,139,178
"6726",-35.125,-57.4375,171,162,177
"6727",-35.125,-57.3125,169,157,176
"6728",-35.125,-57.1875,166,162,170
"6729",-35.125,-57.0625,170.666666666667,163,178
"6730",-35.125,-56.9375,154,154,154
"6731",-35.125,-56.8125,177.5,175,180
"6732",-35.125,-56.6875,177.666666666667,174,180
"6733",-35.125,-56.5625,178,178,178
"6734",-35.125,-56.3125,175.421875,174.84375,176
"6735",-35.125,-56.1875,152.5,130,175
"6736",-35.125,-56.0625,145,145,145
"6737",-35.125,-55.9375,170.666666666667,159,177
"6738",-35.125,-55.8125,150,145,155
"6739",-35.125,-55.5625,151,151,151
"6740",-35.125,-54.6875,174.5,171,178
"6741",-35.125,-54.5625,179.5,179,180
"6742",-35.125,-54.3125,170,170,170
"6743",-35.125,-54.1875,171,171,171
"6744",-35.125,-54.0625,162,162,162
"6745",-35.125,-53.8125,151,151,151
"6746",-35.125,-53.5625,174.5,174,175
"6747",-35.125,-53.4375,170.5,165,176
"6748",-35.125,-53.3125,164,159,169
"6749",-35.125,-53.1875,158,158,158
"6750",-35.125,-53.0625,161.666666666667,157,167
"6751",-34.875,-62.5625,174.5,174,175
"6752",-34.875,-61.9375,154,150,158
"6753",-34.875,-61.8125,172.1,168,176
"6754",-34.875,-61.6875,179,178,180
"6755",-34.875,-58.9375,165.5,165,166
"6756",-34.875,-58.6875,160.142857142857,133,180
"6757",-34.875,-58.5625,135.4,126,149
"6758",-34.875,-58.4375,160.5,150,171
"6759",-34.875,-58.3125,154.714285714286,132,173
"6760",-34.875,-58.1875,165.5,151,174
"6761",-34.875,-58.0625,148.75,126,168
"6762",-34.875,-57.9375,169.8,156,176
"6763",-34.875,-57.8125,168.777777777778,155,177
"6764",-34.875,-57.6875,168.666666666667,158,176
"6765",-34.875,-57.5625,158.6,137,174
"6766",-34.875,-57.4375,163.8,134,177
"6767",-34.875,-57.1875,173.166666666667,163,180
"6768",-34.875,-57.0625,171,171,171
"6769",-34.875,-56.9375,165.142857142857,152,179
"6770",-34.875,-56.8125,165.6,151,173
"6771",-34.875,-56.6875,177,174,180
"6772",-34.875,-56.4375,177,177,177
"6773",-34.875,-56.3125,161.421875,147,175.84375
"6774",-34.875,-56.1875,138.5,131,146
"6775",-34.875,-56.0625,162.5,146,179
"6776",-34.875,-55.9375,178,178,178
"6777",-34.875,-55.8125,154,141,158
"6778",-34.875,-55.5625,152,152,152
"6779",-34.875,-54.8125,168.5,168,169
"6780",-34.875,-54.6875,170,170,170
"6781",-34.875,-54.4375,169,169,169
"6782",-34.875,-54.3125,149,149,149
"6783",-34.875,-54.0625,164.333333333333,150,173
"6784",-34.875,-53.6875,172,172,172
"6785",-34.875,-53.5625,173,173,173
"6786",-34.875,-53.4375,177.5,177,178
"6787",-34.875,-53.3125,167,164,170
"6788",-34.875,-53.1875,168,168,168
"6789",-34.875,-52.9375,162,162,162
"6790",-34.625,-62.5625,177,176,178
"6791",-34.625,-61.9375,168.571428571429,159,173
"6792",-34.625,-61.8125,165.222222222222,160,177
"6793",-34.625,-58.9375,167.5,167,168
"6794",-34.625,-58.8125,170.333333333333,166,178
"6795",-34.625,-58.6875,158,135,170
"6796",-34.625,-58.5625,138.4,128,163
"6797",-34.625,-58.4375,152.076923076923,130,162
"6798",-34.625,-58.3125,142.166666666667,128,164
"6799",-34.625,-58.1875,153,127,171
"6800",-34.625,-58.0625,167,157,175
"6801",-34.625,-57.9375,168.5,150,178
"6802",-34.625,-57.8125,147,97,168
"6803",-34.625,-57.6875,154.75,136,178
"6804",-34.625,-57.5625,178,175,180
"6805",-34.625,-57.4375,155,135,174
"6806",-34.625,-57.3125,171,164,178
"6807",-34.625,-57.1875,152.666666666667,139,161
"6808",-34.625,-57.0625,176.333333333333,173,179
"6809",-34.625,-56.6875,150,150,150
"6810",-34.625,-56.5625,162,149,175
"6811",-34.625,-56.4375,139,134,148
"6812",-34.625,-56.3125,132.5,132,133
"6813",-34.625,-56.1875,147,147,147
"6814",-34.625,-56.0625,180,180,180
"6815",-34.625,-55.9375,160,160,160
"6816",-34.625,-55.8125,153.666666666667,142,160
"6817",-34.625,-55.6875,153,153,153
"6818",-34.625,-55.3125,164,164,164
"6819",-34.625,-54.8125,157,147,167
"6820",-34.625,-54.6875,167,167,167
"6821",-34.625,-54.5625,158,148,168
"6822",-34.625,-54.3125,170.5,169,172
"6823",-34.625,-54.1875,161,161,161
"6824",-34.625,-53.5625,171,171,171
"6825",-34.625,-53.4375,173.333333333333,170,179
"6826",-34.625,-53.3125,169,169,169
"6827",-34.625,-53.1875,163,163,163
"6828",-34.375,-62.5625,179.5,179,180
"6829",-34.375,-61.9375,177.125,174,180
"6830",-34.375,-58.9375,169.5,169,170
"6831",-34.375,-58.8125,168,168,168
"6832",-34.375,-58.6875,172,166,179
"6833",-34.375,-58.5625,165.166666666667,137,180
"6834",-34.375,-58.4375,157,131,179
"6835",-34.375,-58.3125,144.833333333333,133,166
"6836",-34.375,-58.1875,163.8,158,172
"6837",-34.375,-58.0625,173.666666666667,172,175
"6838",-34.375,-57.9375,172.142857142857,153,179
"6839",-34.375,-57.8125,163.444444444444,147,177
"6840",-34.375,-57.6875,164.363636363636,98,180
"6841",-34.375,-57.5625,172,166,177
"6842",-34.375,-57.4375,167,165,169
"6843",-34.375,-57.3125,173.333333333333,170,179
"6844",-34.375,-57.1875,149,136,162
"6845",-34.375,-57.0625,165.6,140,178
"6846",-34.375,-56.5625,176,176,176
"6847",-34.375,-56.4375,146.9609375,136,176.84375
"6848",-34.375,-56.3125,148,148,148
"6849",-34.375,-55.8125,161,161,161
"6850",-34.375,-55.6875,155.4,143,163
"6851",-34.375,-55.5625,163.333333333333,161,165
"6852",-34.375,-55.4375,156.333333333333,144,163
"6853",-34.375,-55.3125,154,145,163
"6854",-34.375,-55.1875,165,165,165
"6855",-34.375,-54.9375,156,146,166
"6856",-34.375,-54.6875,166,166,166
"6857",-34.375,-54.4375,166.333333333333,160,171
"6858",-34.375,-54.1875,163,163,163
"6859",-34.375,-53.5625,176,172,180
"6860",-34.125,-58.9375,171,171,171
"6861",-34.125,-58.6875,173,169,180
"6862",-34.125,-58.5625,144,133,168
"6863",-34.125,-58.4375,140,139,141
"6864",-34.125,-58.3125,151.5,136,167
"6865",-34.125,-58.1875,155.846153846154,137,174
"6866",-34.125,-58.0625,168.666666666667,140,180
"6867",-34.125,-57.9375,173.5,173,174
"6868",-34.125,-57.8125,163.5,148,177
"6869",-34.125,-57.6875,161.833333333333,152,175
"6870",-34.125,-57.5625,174.125,162,179
"6871",-34.125,-57.4375,164,137,179
"6872",-34.125,-57.1875,180,180,180
"6873",-34.125,-57.0625,168.6,137,178
"6874",-34.125,-56.5625,160,143,177
"6875",-34.125,-56.4375,147.96875,139,177.84375
"6876",-34.125,-56.3125,149,149,149
"6877",-34.125,-55.8125,157.5,156,159
"6878",-34.125,-55.6875,157,154,160
"6879",-34.125,-55.5625,162,162,162
"6880",-34.125,-55.4375,160.5,155,166
"6881",-34.125,-55.3125,161.5,156,167
"6882",-34.125,-55.1875,166.5,165,168
"6883",-34.125,-55.0625,160.5,157,164
"6884",-34.125,-54.9375,166.333333333333,165,169
"6885",-34.125,-54.6875,168.5,167,170
"6886",-34.125,-54.5625,159,159,159
"6887",-34.125,-54.4375,162,162,162
"6888",-34.125,-54.0625,164,164,164
"6889",-34.125,-53.5625,173,173,173
"6890",-34.125,-53.4375,174,174,174
"6891",-33.875,-58.9375,172.5,172,173
"6892",-33.875,-58.5625,151.1,138,172
"6893",-33.875,-58.4375,158.166666666667,149,174
"6894",-33.875,-58.3125,166.333333333333,153,177
"6895",-33.875,-58.1875,163.818181818182,157,178
"6896",-33.875,-58.0625,158.5,139,169
"6897",-33.875,-57.9375,162,142,171
"6898",-33.875,-57.8125,166.333333333333,143,177
"6899",-33.875,-57.6875,163.142857142857,149,178
"6900",-33.875,-57.5625,168.25,156,179
"6901",-33.875,-57.4375,169.857142857143,156,180
"6902",-33.875,-57.3125,158,99,177
"6903",-33.875,-57.1875,168.333333333333,163,175
"6904",-33.875,-57.0625,159,141,170
"6905",-33.875,-56.9375,179,179,179
"6906",-33.875,-56.8125,138,138,138
"6907",-33.875,-56.5625,153.25,144,178
"6908",-33.875,-56.4375,178.84375,178.84375,178.84375
"6909",-33.875,-56.1875,150,150,150
"6910",-33.875,-56.0625,151,151,151
"6911",-33.875,-55.9375,152,152,152
"6912",-33.875,-55.8125,153,153,153
"6913",-33.875,-55.5625,162,162,162
"6914",-33.875,-55.4375,163,163,163
"6915",-33.875,-55.3125,164,164,164
"6916",-33.875,-54.9375,166,166,166
"6917",-33.875,-54.8125,158,158,158
"6918",-33.875,-54.4375,180,180,180
"6919",-33.875,-53.9375,165,165,165
"6920",-33.875,-53.1875,175,175,175
"6921",-33.875,-52.9375,176,176,176
"6922",-33.875,-52.6875,177,177,177
"6923",-33.625,-58.9375,174,174,174
"6924",-33.625,-58.5625,144.5,142,147
"6925",-33.625,-58.4375,171,148,180
"6926",-33.625,-58.3125,172.5,172,173
"6927",-33.625,-58.1875,175,174,176
"6928",-33.625,-58.0625,179,179,179
"6929",-33.625,-57.9375,160.5,141,180
"6930",-33.625,-57.8125,151.25,142,177
"6931",-33.625,-57.6875,179,179,179
"6932",-33.625,-57.5625,153.5,144,160
"6933",-33.625,-57.4375,165.333333333333,150,180
"6934",-33.625,-57.3125,162.285714285714,100,180
"6935",-33.625,-57.1875,159.8,155,168
"6936",-33.625,-57.0625,167.625,159,180
"6937",-33.625,-56.9375,164,142,178
"6938",-33.625,-56.8125,180,180,180
"6939",-33.625,-56.6875,179,179,179
"6940",-33.625,-56.4375,155.9609375,147,179.84375
"6941",-33.625,-55.6875,160.5,160,161
"6942",-33.625,-55.5625,156,156,156
"6943",-33.625,-55.4375,157,157,157
"6944",-33.625,-55.3125,158,158,158
"6945",-33.625,-55.1875,177,177,177
"6946",-33.625,-54.9375,178,178,178
"6947",-33.625,-54.8125,175,175,175
"6948",-33.625,-54.6875,173.25,161,179
"6949",-33.625,-54.5625,179,178,180
"6950",-33.625,-53.8125,166,166,166
"6951",-33.625,-52.5625,178,178,178
"6952",-33.375,-58.9375,175.666666666667,175,176
"6953",-33.375,-58.6875,164,164,164
"6954",-33.375,-58.5625,159.333333333333,156,163
"6955",-33.375,-58.4375,152,149,155
"6956",-33.375,-58.0625,178.6,177,180
"6957",-33.375,-57.6875,155.666666666667,144,178
"6958",-33.375,-57.5625,179,179,179
"6959",-33.375,-57.4375,150.25,101,180
"6960",-33.375,-57.3125,165.625,151,180
"6961",-33.375,-57.1875,166,152,180
"6962",-33.375,-57.0625,164.333333333333,153,171
"6963",-33.375,-56.9375,168.333333333333,160,177
"6964",-33.375,-56.8125,161.5,143,180
"6965",-33.375,-56.6875,139,139,139
"6966",-33.375,-56.4375,150.5,150,151
"6967",-33.375,-55.8125,159,159,159
"6968",-33.375,-55.6875,155,155,155
"6969",-33.375,-55.3125,176,176,176
"6970",-33.375,-55.1875,168,167,169
"6971",-33.375,-55.0625,164.75,159,171
"6972",-33.375,-54.9375,168.333333333333,160,173
"6973",-33.375,-54.8125,174,174,174
"6974",-33.375,-53.6875,167,167,167
"6975",-33.375,-52.4375,179,179,179
"6976",-33.375,-52.3125,180,180,180
"6977",-33.125,-58.9375,177,177,177
"6978",-33.125,-58.6875,169.5,165,174
"6979",-33.125,-57.6875,146.5,146,147
"6980",-33.125,-57.5625,136,102,170
"6981",-33.125,-57.4375,159.2,139,180
"6982",-33.125,-57.1875,163,163,163
"6983",-33.125,-57.0625,161.666666666667,156,165
"6984",-33.125,-56.9375,166.142857142857,154,179
"6985",-33.125,-56.8125,174,174,174
"6986",-33.125,-56.6875,144,144,144
"6987",-33.125,-56.5625,140,140,140
"6988",-33.125,-56.4375,152.5,152,153
"6989",-33.125,-55.8125,156,154,158
"6990",-33.125,-55.5625,177.857142857143,175,180
"6991",-33.125,-55.4375,177,175,179
"6992",-33.125,-55.3125,172,164,180
"6993",-33.125,-55.1875,165.666666666667,165,166
"6994",-33.125,-53.5625,168,168,168
"6995",-33.125,-53.4375,169,169,169
"6996",-32.875,-58.8125,179,178,180
"6997",-32.875,-58.6875,177.5,175,180
"6998",-32.875,-57.6875,164.333333333333,148,173
"6999",-32.875,-57.5625,155,103,171
"7000",-32.875,-57.4375,156.75,140,174
"7001",-32.875,-57.3125,161,157,165
"7002",-32.875,-57.0625,168.5,166,171
"7003",-32.875,-56.9375,163.25,156,168
"7004",-32.875,-56.8125,174.5,169,180
"7005",-32.875,-56.6875,169.5,161,176
"7006",-32.875,-56.4375,145,145,145
"7007",-32.875,-56.3125,154,154,154
"7008",-32.875,-56.1875,155,155,155
"7009",-32.875,-56.0625,156,156,156
"7010",-32.875,-55.9375,155,153,157
"7011",-32.875,-55.6875,175,173,177
"7012",-32.875,-55.5625,167.333333333333,159,178
"7013",-32.875,-55.4375,168,162,174
"7014",-32.875,-53.4375,170,170,170
"7015",-32.625,-57.8125,137.25,124,174
"7016",-32.625,-57.6875,136.4,127,149
"7017",-32.625,-57.5625,123,104,160
"7018",-32.625,-57.4375,170,170,170
"7019",-32.625,-57.3125,162.4,141,175
"7020",-32.625,-57.1875,169,169,169
"7021",-32.625,-57.0625,170.5,169,172
"7022",-32.625,-56.9375,166,157,179
"7023",-32.625,-56.8125,164.333333333333,162,167
"7024",-32.625,-56.6875,173.5,170,177
"7025",-32.625,-56.5625,141,141,141
"7026",-32.625,-56.0625,152,152,152
"7027",-32.625,-55.9375,170,167,176
"7028",-32.625,-55.8125,165.333333333333,156,172
"7029",-32.625,-55.6875,165,157,171
"7030",-32.625,-55.5625,170.5,169,172
"7031",-32.625,-53.4375,173.333333333333,171,177
"7032",-32.625,-53.3125,178.5,178,179
"7033",-32.625,-53.1875,180,180,180
"7034",-32.375,-58.4375,154,154,154
"7035",-32.375,-58.3125,152,151,153
"7036",-32.375,-58.1875,150,150,150
"7037",-32.375,-57.9375,121,120,122
"7038",-32.375,-57.8125,156.4,123,175
"7039",-32.375,-57.6875,166,166,166
"7040",-32.375,-57.5625,128.333333333333,106,165
"7041",-32.375,-57.4375,169.4,163,175
"7042",-32.375,-57.1875,167,142,177
"7043",-32.375,-57.0625,169.666666666667,159,180
"7044",-32.375,-56.9375,165.5,163,168
"7045",-32.375,-56.8125,168,168,168
"7046",-32.375,-56.6875,154.333333333333,142,178
"7047",-32.375,-56.5625,168.333333333333,165,171
"7048",-32.375,-56.4375,172,172,172
"7049",-32.375,-56.3125,161.2,146,173
"7050",-32.375,-56.1875,157.8,148,174
"7051",-32.375,-56.0625,173,171,175
"7052",-32.375,-55.9375,154.5,154,155
"7053",-32.375,-55.5625,173.5,173,174
"7054",-32.375,-55.4375,167,166,168
"7055",-32.375,-55.3125,165,165,165
"7056",-32.375,-53.4375,174.5,173,176
"7057",-32.125,-58.5625,156,156,156
"7058",-32.125,-58.4375,155,155,155
"7059",-32.125,-58.1875,149,149,149
"7060",-32.125,-58.0625,148,148,148
"7061",-32.125,-57.9375,143.5,119,168
"7062",-32.125,-57.8125,145.166666666667,116,177
"7063",-32.125,-57.6875,171,166,176
"7064",-32.125,-57.5625,134.75,109,175
"7065",-32.125,-57.4375,165.5,152,176
"7066",-32.125,-57.3125,165,161,172
"7067",-32.125,-57.1875,167.5,165,170
"7068",-32.125,-57.0625,163.5,143,178
"7069",-32.125,-56.6875,179.5,179,180
"7070",-32.125,-56.5625,144,144,144
"7071",-32.125,-56.4375,145,145,145
"7072",-32.125,-56.3125,146.5,146,147
"7073",-32.125,-56.1875,149,148,150
"7074",-32.125,-56.0625,151.5,151,152
"7075",-32.125,-55.9375,153,153,153
"7076",-32.125,-55.5625,175.5,175,176
"7077",-32.125,-55.3125,164,164,164
"7078",-32.125,-55.1875,163,163,163
"7079",-31.875,-58.5625,157,157,157
"7080",-31.875,-58.1875,177.5,177,178
"7081",-31.875,-58.0625,167.2,147,180
"7082",-31.875,-57.9375,161.75,145,178
"7083",-31.875,-57.8125,162.333333333333,151,168
"7084",-31.875,-57.6875,114,113,115
"7085",-31.875,-57.5625,133,133,133
"7086",-31.875,-57.4375,158,154,162
"7087",-31.875,-57.1875,168.5,166,171
"7088",-31.875,-57.0625,161.5,144,179
"7089",-31.875,-55.4375,177.5,177,178
"7090",-31.875,-55.1875,170.5,162,179
"7091",-31.875,-55.0625,180,180,180
"7092",-31.625,-58.5625,158.5,158,159
"7093",-31.625,-58.3125,179.5,179,180
"7094",-31.625,-58.1875,173,172,174
"7095",-31.625,-58.0625,170.6,168,175
"7096",-31.625,-57.9375,160,142,179
"7097",-31.625,-57.8125,163,141,179
"7098",-31.625,-57.6875,156.75,134,177
"7099",-31.625,-57.4375,167,155,177
"7100",-31.625,-57.1875,169.5,167,172
"7101",-31.625,-57.0625,168,168,168
"7102",-31.625,-56.9375,162.5,145,180
"7103",-31.625,-55.3125,161,161,161
"7104",-31.375,-58.5625,160.5,160,161
"7105",-31.375,-58.4375,162,162,162
"7106",-31.375,-57.8125,151.875,137,177
"7107",-31.375,-57.6875,154.8,135,180
"7108",-31.375,-57.5625,175,175,175
"7109",-31.375,-57.4375,169.333333333333,156,178
"7110",-31.375,-57.0625,171.5,169,174
"7111",-31.375,-56.9375,162,146,173
"7112",-31.375,-56.8125,173.375,148,180
"7113",-31.375,-55.4375,160,160,160
"7114",-31.125,-58.4375,163.5,163,164
"7115",-31.125,-57.6875,167.666666666667,154,178
"7116",-31.125,-57.5625,171,171,171
"7117",-31.125,-57.4375,162.333333333333,157,172
"7118",-31.125,-57.3125,173,173,173
"7119",-31.125,-57.1875,174,174,174
"7120",-31.125,-57.0625,175,175,175
"7121",-31.125,-56.9375,174.333333333333,172,176
"7122",-31.125,-56.8125,158.333333333333,149,177
"7123",-31.125,-56.6875,164.25,150,178
"7124",-31.125,-56.5625,179,179,179
"7125",-31.125,-56.0625,156,156,156
"7126",-31.125,-55.9375,157,157,157
"7127",-31.125,-55.8125,158,158,158
"7128",-31.125,-55.5625,159,159,159
"7129",-30.875,-58.4375,165,165,165
"7130",-30.875,-58.3125,166,166,166
"7131",-30.875,-57.6875,168.666666666667,155,179
"7132",-30.875,-57.5625,161.666666666667,156,173
"7133",-30.875,-57.4375,166,159,179
"7134",-30.875,-57.3125,170.5,161,180
"7135",-30.875,-57.1875,163,163,163
"7136",-30.875,-57.0625,164,164,164
"7137",-30.875,-56.9375,173.666666666667,165,180
"7138",-30.875,-56.6875,166.5,166,167
"7139",-30.875,-56.5625,152,152,152
"7140",-30.875,-56.4375,153.5,153,154
"7141",-30.875,-56.3125,180,180,180
"7142",-30.875,-56.1875,155,155,155
"7143",-30.625,-58.3125,168,167,169
"7144",-30.625,-57.5625,177,174,180
"7145",-30.625,-57.4375,163.333333333333,157,175
"7146",-30.625,-57.3125,165.666666666667,159,176
"7147",-30.625,-57.1875,169,160,178
"7148",-30.625,-57.0625,168,162,179
"7149",-30.625,-56.8125,177,177,177
"7150",-30.625,-56.5625,172.5,168,177
"7151",-30.625,-56.4375,175.666666666667,170,179
"7152",-30.625,-56.3125,180,180,180
"7153",-30.375,-58.5625,172.5,172,173
"7154",-30.375,-58.4375,170.5,170,171
"7155",-30.375,-57.0625,166,164,168
"7156",-30.375,-56.9375,169.5,169,170
"7157",-30.375,-56.8125,174.5,171,178
"7158",-30.375,-56.5625,173.4,172,175
"7159",-30.375,-56.4375,171,171,171
"7160",-30.125,-58.9375,178,178,178
"7161",-30.125,-58.8125,176.5,176,177
"7162",-30.125,-58.6875,174.5,174,175
"7163",-30.125,-56.8125,174.5,172,179
"7164",-29.875,-58.9375,179,179,179
"7165",-29.875,-58.8125,180,180,180
"7166",-29.875,-56.6875,177,175,180
"7167",-29.625,-56.6875,177,177,177
"7168",-29.625,-56.5625,178,178,178
"7169",-29.375,-56.5625,179,179,179
"7170",-29.375,-56.4375,180,180,180
