"","x","y","avg","min","max"
"1",-61.375,-69.5625,13.4097442626953,13.4097442626953,13.4097442626953
"2",-61.375,-69.4375,13.4297904968262,10.6566162109375,14.8625183105469
"3",-61.375,-69.3125,13.0800526936849,11.2033233642578,15.0808410644531
"4",-61.125,-74.8125,171.468486826907,9.33648681640625,384.219390869141
"5",-61.125,-74.6875,113.650270385742,17.2276000976562,238.388305664062
"6",-61.125,-70.1875,8.97113013267517,4.70158290863037,21.0724353790283
"7",-61.125,-70.0625,11.4721935817174,0.411678314208984,19.4798583984375
"8",-61.125,-69.9375,56.695258140564,0.254371643066406,97.7111968994141
"9",-61.125,-69.8125,1.07605743408203,1.07605743408203,1.07605743408203
"10",-61.125,-69.6875,45.7004642486572,14.6248474121094,75.5870590209961
"11",-61.125,-69.5625,7.67343444824219,4.00686645507812,13.0438232421875
"12",-61.125,-69.4375,2.96404266357422,1.66902160644531,4.25906372070312
"13",-61.125,-69.3125,12.7736307779948,10.6391143798828,15.6287689208984
"14",-61.125,-69.1875,13.2698516845703,13.2698516845703,13.2698516845703
"15",-60.875,-74.9375,35.5555253258118,0.015721321105957,242.760543823242
"16",-60.875,-74.8125,169.385097007186,0.10028076171875,507.996429443359
"17",-60.875,-74.6875,176.236989668477,0.4443359375,469.974060058594
"18",-60.875,-74.4375,87.4188671112061,11.2293548583984,163.861877441406
"19",-60.875,-70.3125,7.65357139375475,2.62106513977051,26.6319046020508
"20",-60.875,-70.1875,17.0697945867266,0.498878479003906,33.5012626647949
"21",-60.875,-70.0625,74.4811994688851,1.69203186035156,105.471748352051
"22",-60.875,-69.9375,69.123983891805,0.026092529296875,127.181922912598
"23",-60.875,-69.8125,74.9228630813898,0.030853271484375,378.394409179688
"24",-60.875,-69.6875,33.3586605072022,0.002471923828125,375.526550292969
"25",-60.875,-69.5625,5.15020751953125,3.94136047363281,6.35905456542969
"26",-60.625,-75.0625,16.3236366091548,0.085845947265625,49.455810546875
"27",-60.625,-74.9375,71.106719439147,0.082489013671875,389.342041015625
"28",-60.625,-74.8125,181.608591901125,0.58538818359375,547.464050292969
"29",-60.625,-74.6875,165.080840897538,0.18560791015625,555.216491699219
"30",-60.625,-74.5625,184.966720692433,0.39788818359375,517.783874511719
"31",-60.625,-74.4375,195.39187343408,1.01641845703125,485.1162109375
"32",-60.625,-74.3125,122.098306076303,2.55642700195312,439.771667480469
"33",-60.625,-74.1875,97.018637696902,20.2501602172852,154.040649414062
"34",-60.625,-70.6875,3.0117847442627,1.71480560302734,5.75019264221191
"35",-60.625,-70.5625,6.51721986134847,0.60655689239502,9.72653961181641
"36",-60.625,-70.4375,12.8681412304149,4.01783561706543,25.774585723877
"37",-60.625,-70.3125,10.7998689852263,2.0758056640625,28.325252532959
"38",-60.625,-70.1875,75.5164563214337,1.57174682617188,108.162506103516
"39",-60.625,-70.0625,84.2358722686768,1.74130249023438,152.70964050293
"40",-60.625,-69.9375,91.446610884233,0.0675048828125,373.327941894531
"41",-60.625,-69.8125,7.65773631908275,0.002838134765625,62.3650817871094
"42",-60.625,-69.6875,257.127798574942,2.21810913085938,375.153869628906
"43",-60.625,-69.5625,280.455570765904,258.430450439453,298.405303955078
"44",-60.625,-69.4375,252.520878383092,247.132507324219,255.746734619141
"45",-60.625,-69.3125,250.437394714355,245.043655395508,254.824600219727
"46",-60.625,-69.1875,246.794858660017,239.546508789062,249.868469238281
"47",-60.625,-69.0625,242.767417907715,238.930145263672,245.582077026367
"48",-60.375,-75.0625,140.646270172505,3.282470703125,457.850982666016
"49",-60.375,-74.9375,141.295261424976,0.029541015625,557.101013183594
"50",-60.375,-74.8125,129.299703521938,0.29815673828125,560.020263671875
"51",-60.375,-74.6875,122.056453471686,0.314208984375,529.870727539062
"52",-60.375,-74.5625,149.700330716522,0.16058349609375,590.7861328125
"53",-60.375,-74.4375,140.367247095271,0.00762939453125,566.007263183594
"54",-60.375,-74.3125,157.92742230919,0.07318115234375,478.035552978516
"55",-60.375,-74.1875,121.001422509914,0.2625732421875,342.360229492188
"56",-60.375,-74.0625,104.290950381702,1.1588134765625,229.671630859375
"57",-60.375,-73.9375,102.978884149223,0.158279418945312,212.032409667969
"58",-60.375,-73.8125,108.899538465961,0.575973510742188,213.123779296875
"59",-60.375,-72.0625,15.1395072937012,9.73258972167969,20.5464248657227
"60",-60.375,-71.9375,8.48245474008413,0.810302734375,19.0602722167969
"61",-60.375,-71.8125,107.9927734375,6.1995849609375,206.023727416992
"62",-60.375,-71.6875,99.2832248085424,3.693115234375,218.747375488281
"63",-60.375,-71.5625,41.2329889933268,0.835029602050781,81.9750213623047
"64",-60.375,-71.4375,45.7576942443848,2.48250579833984,85.7279510498047
"65",-60.375,-71.3125,47.4327400609067,14.9097747802734,94.5788650512695
"66",-60.375,-71.1875,63.7349130249023,29.0500259399414,106.371658325195
"67",-60.375,-71.0625,64.6571489969889,39.4329223632812,101.431381225586
"68",-60.375,-70.9375,12.9208365546332,0.260879516601562,72.4098434448242
"69",-60.375,-70.8125,7.17878621938277,0.0275344848632812,64.8199844360352
"70",-60.375,-70.6875,19.2139935493469,0.0306320190429688,82.0883026123047
"71",-60.375,-70.5625,14.8553023502744,0.08056640625,56.2630844116211
"72",-60.375,-70.4375,15.5391512495099,0.467327117919922,79.9359664916992
"73",-60.375,-70.3125,54.7727131162371,0.123512268066406,98.4058380126953
"74",-60.375,-70.1875,82.3788486056858,1.31492614746094,155.48762512207
"75",-60.375,-70.0625,126.32717423212,19.6458587646484,164.68766784668
"76",-60.375,-69.9375,24.2152513776507,0.0155029296875,177.271987915039
"77",-60.375,-69.8125,0.105072021484375,0.105072021484375,0.105072021484375
"78",-60.375,-69.6875,316.295596313477,298.183715820312,332.264007568359
"79",-60.375,-69.5625,277.460837986158,262.866485595703,298.279327392578
"80",-60.375,-69.4375,257.754961013794,251.797485351562,261.295257568359
"81",-60.375,-69.0625,244.535588582357,243.171325683594,245.862762451172
"82",-60.375,-68.9375,244.488529205322,241.068969726562,247.794830322266
"83",-60.125,-75.0625,154.653975078534,0.2135009765625,577.976745605469
"84",-60.125,-74.9375,103.99059101853,0.000732421875,543.156921386719
"85",-60.125,-74.8125,125.357380156569,0.09796142578125,576.937683105469
"86",-60.125,-74.6875,98.1353137254102,0.01904296875,549.234619140625
"87",-60.125,-74.5625,110.977864381744,0.115234375,579.291931152344
"88",-60.125,-74.4375,96.9985850863986,0.05718994140625,567.356567382812
"89",-60.125,-74.3125,112.354978040238,0.00372314453125,509.924682617188
"90",-60.125,-74.1875,94.9980819337106,9.1552734375e-05,494.09716796875
"91",-60.125,-74.0625,103.038212483415,0.003448486328125,501.818389892578
"92",-60.125,-73.9375,105.242050241936,0.03680419921875,224.576278686523
"93",-60.125,-73.8125,88.3997379938761,0.03265380859375,219.827743530273
"94",-60.125,-73.6875,53.5043743781324,0.001007080078125,333.563659667969
"95",-60.125,-73.5625,0.118035699903351,0.00311279296875,0.242431640625
"96",-60.125,-72.0625,35.9820361015124,1.95510864257812,134.305282592773
"97",-60.125,-71.9375,74.7613656044006,0.267364501953125,313.848205566406
"98",-60.125,-71.8125,72.1251816399353,0.742919921875,257.847625732422
"99",-60.125,-71.6875,106.253625502953,0.055450439453125,231.908767700195
"100",-60.125,-71.5625,95.2149820133131,0.350341796875,220.357482910156
"101",-60.125,-71.4375,104.781923143126,0.128326416015625,236.424819946289
"102",-60.125,-71.3125,109.601452037266,2.49945068359375,234.248382568359
"103",-60.125,-71.1875,106.40350861245,0.251678466796875,214.521865844727
"104",-60.125,-71.0625,96.4710115255769,1.37260437011719,192.965698242188
"105",-60.125,-70.9375,38.4309179479426,0.008514404296875,129.106155395508
"106",-60.125,-70.8125,39.9752202284963,0.0705032348632812,63.0619277954102
"107",-60.125,-70.6875,69.2766908533433,0.446983337402344,107.538360595703
"108",-60.125,-70.5625,69.7804277354273,0.43426513671875,114.323638916016
"109",-60.125,-70.4375,80.0354212710732,0.885162353515625,132.329620361328
"110",-60.125,-70.3125,95.6604991912842,8.12493133544922,147.538055419922
"111",-60.125,-70.1875,129.217636108398,48.7493591308594,167.463409423828
"112",-60.125,-70.0625,153.989285786947,99.4830627441406,184.648590087891
"113",-60.125,-69.9375,2.47244873046875,1.61410522460938,4.4444580078125
"114",-60.125,-69.8125,1.50726318359375,0.3013916015625,2.23178100585938
"115",-60.125,-69.6875,282.85404586792,239.791107177734,318.027526855469
"116",-60.125,-69.4375,265.049072265625,265.049072265625,265.049072265625
"117",-60.125,-68.9375,241.453216552734,237.425018310547,245.481414794922
"118",-59.875,-75.1875,132.167846992688,3.31207275390625,509.754425048828
"119",-59.875,-75.0625,107.567335696803,0.2027587890625,552.186340332031
"120",-59.875,-74.9375,90.6170958439913,0.0008544921875,540.342346191406
"121",-59.875,-74.8125,94.7296805245536,0.24609375,582.528869628906
"122",-59.875,-74.6875,106.163639852445,0.06005859375,561.162231445312
"123",-59.875,-74.5625,104.545753841119,0.240478515625,572.384643554688
"124",-59.875,-74.4375,92.6393912020597,0.05224609375,566.095520019531
"125",-59.875,-74.3125,124.499688113895,0.010162353515625,505.634063720703
"126",-59.875,-74.1875,271.229455040683,0.003265380859375,507.374420166016
"127",-59.875,-74.0625,272.577387248,0.19573974609375,504.170562744141
"128",-59.875,-73.9375,172.871104570083,0.1431884765625,466.639953613281
"129",-59.875,-73.8125,132.470720005895,0.1746826171875,380.192565917969
"130",-59.875,-73.6875,154.324006324591,0.0023193359375,490.929016113281
"131",-59.875,-73.5625,267.115673259867,0.00030517578125,504.135711669922
"132",-59.875,-73.4375,274.442053161952,0.00482177734375,579.022827148438
"133",-59.875,-73.3125,518.706978209864,0.0057373046875,601.115478515625
"134",-59.875,-73.1875,189.589455604553,132.098968505859,248.350524902344
"135",-59.875,-73.0625,51.5179069519043,38.7640914916992,62.1159973144531
"136",-59.875,-72.9375,73.7654306030273,23.6338958740234,163.672866821289
"137",-59.875,-72.6875,11.91259765625,11.91259765625,11.91259765625
"138",-59.875,-72.5625,8.56948250815982,3.42313003540039,13.8391485214233
"139",-59.875,-72.1875,43.1754392736098,13.8876800537109,119.08211517334
"140",-59.875,-72.0625,75.8552629210108,2.63423156738281,186.498641967773
"141",-59.875,-71.9375,98.5760299541332,3.30636596679688,341.014801025391
"142",-59.875,-71.8125,59.5551484206627,4.22048950195312,136.5751953125
"143",-59.875,-71.6875,63.3462512881257,0.6607666015625,223.445617675781
"144",-59.875,-71.5625,109.203475050151,6.51602172851562,281.506988525391
"145",-59.875,-71.4375,86.2099066943657,0.108139038085938,243.488723754883
"146",-59.875,-71.3125,54.6722256204356,0.2296142578125,232.372314453125
"147",-59.875,-71.1875,87.55814501704,3.86502075195312,223.151000976562
"148",-59.875,-71.0625,109.537808397081,0.812103271484375,228.300720214844
"149",-59.875,-70.9375,87.819749205453,7.72573852539062,208.720443725586
"150",-59.875,-70.8125,47.0407319687031,4.64342880249023,98.1237640380859
"151",-59.875,-70.6875,88.1789418356759,34.0165214538574,114.280517578125
"152",-59.875,-70.5625,92.4869239807129,28.3461303710938,127.381370544434
"153",-59.875,-70.4375,72.5633479527065,25.2179412841797,132.563232421875
"154",-59.875,-70.3125,123.721069072855,50.3979644775391,157.465194702148
"155",-59.875,-70.1875,122.503170558384,48.3038024902344,170.016296386719
"156",-59.875,-70.0625,0.265792846679688,0.142608642578125,0.38897705078125
"157",-59.875,-69.8125,8.80331420898438,2.6185302734375,12.8179931640625
"158",-59.875,-69.6875,262.234907150269,238.045150756836,272.347778320312
"159",-59.875,-69.5625,266.491424560547,262.337615966797,270.276977539062
"160",-59.625,-75.1875,184.828300598233,0.32763671875,554.377319335938
"161",-59.625,-75.0625,107.486426289147,0.044921875,558.833068847656
"162",-59.625,-74.9375,90.1242498117727,0.02294921875,521.929077148438
"163",-59.625,-74.8125,92.2696729883839,0.14306640625,462.245178222656
"164",-59.625,-74.6875,95.0731740574928,0.005126953125,575.043823242188
"165",-59.625,-74.5625,125.80755318203,0.0306396484375,568.996887207031
"166",-59.625,-74.4375,81.5223131591339,0.020263671875,565.661743164062
"167",-59.625,-74.3125,151.150525374378,0.04144287109375,565.584106445312
"168",-59.625,-74.1875,274.139447854605,0.026458740234375,472.417053222656
"169",-59.625,-74.0625,263.907729717301,0.13287353515625,507.727447509766
"170",-59.625,-73.9375,212.123472394392,0.0869140625,534.274780273438
"171",-59.625,-73.8125,232.39562417795,0.10675048828125,567.036743164062
"172",-59.625,-73.6875,237.965800416403,0.012237548828125,479.292419433594
"173",-59.625,-73.5625,293.899500952827,0.01971435546875,499.013214111328
"174",-59.625,-73.4375,340.761745298684,0.0538330078125,614.474914550781
"175",-59.625,-73.3125,331.260528701303,0.040283203125,625.479858398438
"176",-59.625,-73.1875,136.155512392521,1.72476196289062,406.353698730469
"177",-59.625,-73.0625,69.3474636077881,4.86997985839844,203.15950012207
"178",-59.625,-72.9375,76.2416226275556,1.5233154296875,226.658950805664
"179",-59.625,-72.8125,83.9826032002767,0.239425659179688,232.338806152344
"180",-59.625,-72.6875,57.3741604315268,9.68737983703613,196.097030639648
"181",-59.625,-72.5625,28.0858023222103,10.6857242584229,63.5867080688477
"182",-59.625,-72.4375,44.1185518704928,2.79769897460938,121.874237060547
"183",-59.625,-72.3125,65.9734141609886,0.902450561523438,147.611251831055
"184",-59.625,-72.1875,77.1170809864998,0.25543212890625,205.694091796875
"185",-59.625,-72.0625,93.4376220703125,2.10629272460938,240.531097412109
"186",-59.625,-71.9375,73.6991698010133,2.12850952148438,220.721603393555
"187",-59.625,-71.8125,61.8227789536962,0.086669921875,175.100311279297
"188",-59.625,-71.6875,64.6605132176326,0.319061279296875,161.002883911133
"189",-59.625,-71.5625,70.0007351962003,1.171875,169.402435302734
"190",-59.625,-71.4375,44.8938091044523,0.265945434570312,155.612091064453
"191",-59.625,-71.3125,50.3561675548553,1.02432250976562,163.011749267578
"192",-59.625,-71.1875,84.4639332419948,0.270965576171875,191.480606079102
"193",-59.625,-71.0625,51.3822950575087,1.91116333007812,142.251647949219
"194",-59.625,-70.9375,106.656048567399,0.575607299804688,230.70100402832
"195",-59.625,-70.8125,86.7253882975518,9.30960845947266,178.586090087891
"196",-59.625,-70.6875,106.213120180018,16.8544311523438,168.119369506836
"197",-59.625,-70.5625,95.1300201416016,25.713005065918,140.431777954102
"198",-59.625,-70.4375,114.244171142578,21.5976028442383,152.345993041992
"199",-59.625,-70.3125,115.717646280924,34.2655181884766,178.095458984375
"200",-59.625,-70.1875,142.21287727356,3.36412048339844,191.283554077148
"201",-59.625,-70.0625,1.576171875,1.576171875,1.576171875
"202",-59.375,-75.3125,175.202049255371,3.3604736328125,497.294494628906
"203",-59.375,-75.1875,171.080955582609,0.09185791015625,573.304443359375
"204",-59.375,-75.0625,111.502079432676,0.0872802734375,573.581665039062
"205",-59.375,-74.9375,90.1338723490557,0.03240966796875,574.063232421875
"206",-59.375,-74.8125,86.872216425444,0.20281982421875,490.886047363281
"207",-59.375,-74.6875,75.7934003313011,0.04046630859375,500.993041992188
"208",-59.375,-74.5625,82.6706257082848,0.01904296875,567.671936035156
"209",-59.375,-74.4375,75.3992182107336,0.01226806640625,499.527587890625
"210",-59.375,-74.3125,81.06536730598,0.1910400390625,515.902526855469
"211",-59.375,-74.1875,186.336194054899,0.13739013671875,495.269134521484
"212",-59.375,-74.0625,174.175355620882,0.18023681640625,522.796142578125
"213",-59.375,-73.9375,184.117985458003,0.904296875,555.220947265625
"214",-59.375,-73.8125,222.937890632526,0.142333984375,565.017150878906
"215",-59.375,-73.6875,195.212854792156,0.0478515625,508.654052734375
"216",-59.375,-73.5625,217.412409910437,0.043792724609375,556.302856445312
"217",-59.375,-73.4375,240.475760362174,0.3897705078125,572.164428710938
"218",-59.375,-73.3125,251.86097690305,0.01483154296875,581.895263671875
"219",-59.375,-73.1875,136.630371421084,0.24554443359375,446.543212890625
"220",-59.375,-73.0625,90.6451847383761,0.345794677734375,261.030303955078
"221",-59.375,-72.9375,80.1011678925194,0.0113525390625,341.179504394531
"222",-59.375,-72.8125,90.9729682330427,0.21807861328125,318.134704589844
"223",-59.375,-72.6875,96.9322385179236,0.1717529296875,280.643341064453
"224",-59.375,-72.5625,96.0002627951561,0.689926147460938,205.026000976562
"225",-59.375,-72.4375,82.5057095738942,1.69171142578125,212.849639892578
"226",-59.375,-72.3125,93.9821436802546,0.154022216796875,210.226257324219
"227",-59.375,-72.1875,103.518140963423,1.01388549804688,235.817352294922
"228",-59.375,-72.0625,82.5028088081174,0.642547607421875,240.660797119141
"229",-59.375,-71.9375,66.37586440609,1.3822021484375,204.708114624023
"230",-59.375,-71.8125,87.9689278173699,2.23915100097656,196.246215820312
"231",-59.375,-71.6875,88.9303041381836,0.0793914794921875,168.923217773438
"232",-59.375,-71.5625,63.8609914926382,0.49725341796875,176.308090209961
"233",-59.375,-71.4375,79.3826212565104,2.85592651367188,189.092987060547
"234",-59.375,-71.3125,89.6314575797633,6.08877563476562,182.568054199219
"235",-59.375,-71.1875,113.027275800705,5.84910583496094,190.990356445312
"236",-59.375,-71.0625,122.677543640137,2.75738525390625,199.177993774414
"237",-59.375,-70.9375,109.819303194682,6.45234680175781,236.579193115234
"238",-59.375,-70.8125,99.8748995463053,5.5831298828125,157.346435546875
"239",-59.375,-70.6875,98.2289097434596,12.6815795898438,166.527526855469
"240",-59.375,-70.5625,115.075668334961,17.9050903320312,157.522506713867
"241",-59.375,-70.4375,101.828810828073,4.51406860351562,192.707962036133
"242",-59.375,-70.3125,88.2401624407087,3.8494873046875,179.675079345703
"243",-59.375,-70.1875,2.60688781738281,1.03372192382812,4.1800537109375
"244",-59.125,-75.3125,230.665723549447,1.4422607421875,562.58056640625
"245",-59.125,-75.1875,183.729735750025,0.04315185546875,572.594665527344
"246",-59.125,-75.0625,118.155293782552,0.038330078125,571.815673828125
"247",-59.125,-74.9375,95.48127993488,0.02691650390625,570.8837890625
"248",-59.125,-74.8125,82.4410820658296,0.276123046875,453.717834472656
"249",-59.125,-74.6875,81.0846664514919,0.01690673828125,442.013854980469
"250",-59.125,-74.5625,56.9969510646225,0.0267333984375,420.394165039062
"251",-59.125,-74.4375,62.716999359415,0.05255126953125,489.226318359375
"252",-59.125,-74.3125,45.6908512451787,0.0810546875,350.178283691406
"253",-59.125,-74.1875,105.005943457951,0.0560302734375,471.670227050781
"254",-59.125,-74.0625,125.728243930173,0.18768310546875,507.878295898438
"255",-59.125,-73.9375,83.7244536605869,0.07843017578125,541.605102539062
"256",-59.125,-73.8125,145.224854960586,0.00115966796875,545.795654296875
"257",-59.125,-73.6875,202.381373065159,0.06231689453125,541.941284179688
"258",-59.125,-73.5625,191.705603511323,0.099609375,593.523315429688
"259",-59.125,-73.4375,211.084559600625,0.00860595703125,551.425354003906
"260",-59.125,-73.3125,167.433184360571,0.1156005859375,513.982116699219
"261",-59.125,-73.1875,182.293551204607,1.553955078125,499.365875244141
"262",-59.125,-73.0625,100.887462755189,0.0628662109375,298.106323242188
"263",-59.125,-72.9375,84.8333680227901,1.0333251953125,375.734954833984
"264",-59.125,-72.8125,77.8733798936866,0.05828857421875,364.695922851562
"265",-59.125,-72.6875,112.492435879178,0.281219482421875,354.901275634766
"266",-59.125,-72.5625,107.719182298448,4.64846801757812,312.032531738281
"267",-59.125,-72.4375,113.81302734375,6.31161499023438,231.384521484375
"268",-59.125,-72.3125,96.9239216370341,3.38735961914062,238.346038818359
"269",-59.125,-72.1875,92.5075243863192,0.7764892578125,253.516372680664
"270",-59.125,-72.0625,56.979769364144,0.012939453125,227.275909423828
"271",-59.125,-71.9375,61.800568155723,0.077667236328125,322.834411621094
"272",-59.125,-71.8125,83.1631765422031,0.2047119140625,394.015594482422
"273",-59.125,-71.6875,75.6244094650467,0.703643798828125,174.924652099609
"274",-59.125,-71.5625,73.0702581183855,2.64691162109375,193.459533691406
"275",-59.125,-71.4375,51.1084444318499,0.167236328125,245.354370117188
"276",-59.125,-71.3125,78.185661315918,2.3970947265625,198.924819946289
"277",-59.125,-71.1875,96.88312403361,1.48960876464844,200.012939453125
"278",-59.125,-71.0625,87.7847423553467,2.29052734375,224.592880249023
"279",-59.125,-70.9375,88.6735763549805,0.950103759765625,211.900512695312
"280",-59.125,-70.8125,128.563732005932,26.1885375976562,214.302856445312
"281",-59.125,-70.6875,123.965375958067,35.2855682373047,205.232269287109
"282",-59.125,-70.5625,116.796187264579,34.0042114257812,188.921463012695
"283",-59.125,-70.4375,79.9442279522236,5.60595703125,188.562347412109
"284",-59.125,-70.3125,116.694519042969,115.485046386719,117.903991699219
"285",-58.875,-75.3125,266.234547010872,0.1761474609375,599.620788574219
"286",-58.875,-75.1875,151.455664933279,0.07525634765625,588.14794921875
"287",-58.875,-75.0625,113.982690602837,0.138671875,570.075256347656
"288",-58.875,-74.9375,100.223411841722,0.1961669921875,573.267456054688
"289",-58.875,-74.8125,83.9743603410392,0.01434326171875,398.447570800781
"290",-58.875,-74.6875,80.5609882411672,0.01641845703125,413.0478515625
"291",-58.875,-74.5625,61.4202938867995,0.01959228515625,414.546844482422
"292",-58.875,-74.4375,49.4313629838757,0.20233154296875,417.488677978516
"293",-58.875,-74.3125,58.5625179428652,0.02642822265625,410.594451904297
"294",-58.875,-74.1875,90.1097535130062,0.046142578125,383.828186035156
"295",-58.875,-74.0625,98.0104398269935,0.010009765625,381.81640625
"296",-58.875,-73.9375,61.5502191675772,0.14599609375,306.674621582031
"297",-58.875,-73.8125,59.7697802656375,0.1029052734375,419.473449707031
"298",-58.875,-73.6875,159.697429758258,0.02630615234375,530.206665039062
"299",-58.875,-73.5625,174.490082528052,0.18853759765625,577.453918457031
"300",-58.875,-73.4375,161.82312350803,0.03277587890625,570.222534179688
"301",-58.875,-73.3125,157.672020989495,0.0947265625,539.35693359375
"302",-58.875,-73.1875,140.340416370739,0.65985107421875,491.147552490234
"303",-58.875,-73.0625,112.593513903975,2.67593383789062,372.137817382812
"304",-58.875,-72.9375,90.620791335333,0.18634033203125,373.683898925781
"305",-58.875,-72.8125,61.69716413631,0.164642333984375,325.124237060547
"306",-58.875,-72.6875,64.2107999247889,0.10284423828125,373.800079345703
"307",-58.875,-72.5625,81.8865789933638,0.4176025390625,308.998107910156
"308",-58.875,-72.4375,77.0005725363027,0.675201416015625,322.014221191406
"309",-58.875,-72.3125,58.5366892887996,0.3795166015625,255.453277587891
"310",-58.875,-72.1875,61.7097865113425,0.016937255859375,223.392929077148
"311",-58.875,-72.0625,56.1553735235856,0.5806884765625,186.808654785156
"312",-58.875,-71.9375,48.1284891764323,0.5997314453125,161.538208007812
"313",-58.875,-71.8125,63.663825725687,0.43463134765625,301.072326660156
"314",-58.875,-71.6875,65.8654952246296,0.0825958251953125,206.472076416016
"315",-58.875,-71.5625,69.4067653656006,1.53414916992188,268.898376464844
"316",-58.875,-71.4375,53.0032806396484,1.09930419921875,263.237365722656
"317",-58.875,-71.3125,72.413230494449,8.11557006835938,220.577758789062
"318",-58.875,-71.1875,89.5768416832233,25.3917541503906,234.380065917969
"319",-58.875,-71.0625,119.615350723267,63.3557891845703,218.503158569336
"320",-58.875,-70.9375,32.6868235270182,0.08685302734375,176.843780517578
"321",-58.875,-70.8125,41.0150241851807,0.193145751953125,164.992095947266
"322",-58.875,-70.6875,99.5702661132812,4.30206298828125,178.796310424805
"323",-58.875,-70.5625,44.4690929212068,7.55221557617188,129.965026855469
"324",-58.875,-70.4375,125.841557094029,53.2156066894531,181.566543579102
"325",-58.625,-75.4375,96.0299788131059,0.245758056640625,495.148712158203
"326",-58.625,-75.3125,215.754517940633,0.0050048828125,585.937927246094
"327",-58.625,-75.1875,146.812900221723,0.13250732421875,587.941345214844
"328",-58.625,-75.0625,123.317560060631,0.0196533203125,539.764221191406
"329",-58.625,-74.9375,103.418521766826,0.2763671875,574.744873046875
"330",-58.625,-74.8125,75.7924254155999,0.01800537109375,403.572998046875
"331",-58.625,-74.6875,76.6139179098195,0.1171875,388.742553710938
"332",-58.625,-74.5625,64.8229176469283,0.01171875,371.483093261719
"333",-58.625,-74.4375,60.6454536322641,0.01080322265625,407.905670166016
"334",-58.625,-74.3125,58.8155390200408,0.14788818359375,394.535522460938
"335",-58.625,-74.1875,81.8259976683967,0.06378173828125,376.149627685547
"336",-58.625,-74.0625,95.8558322307367,0.00494384765625,385.135345458984
"337",-58.625,-73.9375,54.7140443091299,0.00335693359375,339.062622070312
"338",-58.625,-73.8125,41.6837262575511,0.05596923828125,357.664794921875
"339",-58.625,-73.6875,121.292846335245,0.03717041015625,507.9453125
"340",-58.625,-73.5625,126.821770943816,0.02227783203125,527.744567871094
"341",-58.625,-73.4375,76.7616166690568,0.04327392578125,472.851898193359
"342",-58.625,-73.3125,111.33534453636,0.605377197265625,471.824340820312
"343",-58.625,-73.1875,116.857578006401,0.024658203125,460.939910888672
"344",-58.625,-73.0625,95.397456685702,0.2825927734375,425.781219482422
"345",-58.625,-72.9375,72.3254481428761,0.05316162109375,347.01953125
"346",-58.625,-72.8125,68.7590865114902,0.0806884765625,370.294738769531
"347",-58.625,-72.6875,35.5712681222469,0.1402587890625,377.531616210938
"348",-58.625,-72.5625,48.3418070900889,0.0947265625,380.810821533203
"349",-58.625,-72.4375,52.6371277124346,0.7423095703125,313.709106445312
"350",-58.625,-72.3125,31.504785034787,0.0050048828125,187.765930175781
"351",-58.625,-72.1875,35.7522404111665,0.009033203125,391.410827636719
"352",-58.625,-72.0625,42.2316161316711,0.22357177734375,143.362884521484
"353",-58.625,-71.9375,7.42175527719351,0.0836181640625,18.0340270996094
"354",-58.625,-71.8125,47.8428838094076,1.46087646484375,200.15754699707
"355",-58.625,-71.6875,51.4936374028524,0.136260986328125,277.109252929688
"356",-58.625,-71.5625,58.0969855898903,7.60501098632812,281.516693115234
"357",-58.625,-71.4375,5.08013916015625,0.618682861328125,9.74371337890625
"358",-58.625,-71.3125,8.82558186848958,5.0843505859375,10.6961975097656
"359",-58.625,-71.1875,69.6375770568848,3.01278686523438,96.0831756591797
"360",-58.625,-71.0625,0.964752197265625,0.260894775390625,1.5953369140625
"361",-58.625,-70.8125,5.91559855143229,2.99392700195312,8.1534423828125
"362",-58.625,-70.6875,73.6091423034668,4.92739868164062,206.961074829102
"363",-58.625,-70.5625,103.069225311279,11.2466125488281,244.351318359375
"364",-58.625,-70.4375,151.435280693902,46.4029998779297,250.926452636719
"365",-58.625,-70.3125,191.307281494141,96.7794189453125,241.799682617188
"366",-58.375,-75.4375,172.315141290756,0.16033935546875,583.549011230469
"367",-58.375,-75.3125,155.548333848482,0.10821533203125,589.641296386719
"368",-58.375,-75.1875,155.601714546651,0.020751953125,594.331909179688
"369",-58.375,-75.0625,131.543211935653,0.004150390625,585.258178710938
"370",-58.375,-74.9375,110.927078402376,0.06024169921875,577.652160644531
"371",-58.375,-74.8125,68.8324026584625,0.0054931640625,579.251037597656
"372",-58.375,-74.6875,61.1077996597809,0.03558349609375,387.227996826172
"373",-58.375,-74.5625,58.1042543838584,0.08990478515625,412.871856689453
"374",-58.375,-74.4375,59.2727338237147,0.017822265625,397.838470458984
"375",-58.375,-74.3125,66.3788239168618,0.0504150390625,394.929626464844
"376",-58.375,-74.1875,70.8568920671782,0.0098876953125,388.616821289062
"377",-58.375,-74.0625,89.5746577466294,0.081298828125,388.124755859375
"378",-58.375,-73.9375,30.9278039652932,0.025482177734375,346.899169921875
"379",-58.375,-73.8125,31.7471231845181,0.055877685546875,426.846862792969
"380",-58.375,-73.6875,97.0263093449519,0.2767333984375,512.621765136719
"381",-58.375,-73.5625,89.2217554860301,0.0037841796875,454.998352050781
"382",-58.375,-73.4375,88.5137770516532,0.0333251953125,526.242126464844
"383",-58.375,-73.3125,68.2961183312821,0.07989501953125,475.366607666016
"384",-58.375,-73.1875,108.149168927817,1.03097534179688,454.670379638672
"385",-58.375,-73.0625,70.7868051190748,0.0546875,395.770233154297
"386",-58.375,-72.9375,51.8024640150473,0.09637451171875,360.226837158203
"387",-58.375,-72.8125,55.9288054435484,0.34991455078125,363.139038085938
"388",-58.375,-72.6875,41.327323959813,0.07379150390625,370.692687988281
"389",-58.375,-72.5625,34.7002121945645,0.11175537109375,285.826812744141
"390",-58.375,-72.4375,28.4392375540226,0.00335693359375,302.382659912109
"391",-58.375,-72.3125,145.450688569442,0.00628662109375,661.941772460938
"392",-58.375,-72.1875,323.365913854239,0.00341796875,632.072204589844
"393",-58.375,-72.0625,344.091381617955,0.91632080078125,452.028961181641
"394",-58.375,-71.9375,1.42169189453125,0.7301025390625,2.11328125
"395",-58.375,-71.8125,4.63341522216797,2.56463623046875,7.90185546875
"396",-58.375,-71.6875,3.69709269205729,0.104583740234375,10.1017150878906
"397",-58.375,-71.5625,3.30505981445312,0.082763671875,10.3554077148438
"398",-58.375,-71.4375,4.4556489832261,1.59185791015625,9.0606689453125
"399",-58.375,-71.3125,3.21266937255859,0.024200439453125,10.8784484863281
"400",-58.375,-71.1875,0.217822265625,0.035736083984375,0.6417236328125
"401",-58.375,-70.6875,122.837324876052,6.21554565429688,216.984375
"402",-58.375,-70.4375,213.696158272879,111.629425048828,291.145660400391
"403",-58.375,-70.3125,95.3962860107422,91.427734375,99.2138671875
"404",-58.125,-75.5625,9.52818775177002,0.204687118530273,13.9780836105347
"405",-58.125,-75.4375,124.886849841042,0.006927490234375,560.666381835938
"406",-58.125,-75.3125,123.334241223409,0.03814697265625,559.498657226562
"407",-58.125,-75.1875,141.865324101135,0.082275390625,581.484558105469
"408",-58.125,-75.0625,109.945494557309,0.0992431640625,537.98974609375
"409",-58.125,-74.9375,88.830731622104,0.04241943359375,566.976745605469
"410",-58.125,-74.8125,69.8358662322142,0.07257080078125,579.446960449219
"411",-58.125,-74.6875,53.1144558807319,0.04571533203125,298.666046142578
"412",-58.125,-74.5625,60.8978337739643,0.041259765625,414.942687988281
"413",-58.125,-74.4375,51.9066891012933,0.03533935546875,326.739471435547
"414",-58.125,-74.3125,56.9414864927054,0.0078125,422.371734619141
"415",-58.125,-74.1875,36.6822878149335,0.04046630859375,221.875061035156
"416",-58.125,-74.0625,28.9588787372296,0.128173828125,213.025573730469
"417",-58.125,-73.9375,14.6983120825983,0.096771240234375,90.8030395507812
"418",-58.125,-73.8125,33.3415363018329,0.0523681640625,433.751647949219
"419",-58.125,-73.6875,40.1549049347286,0.16748046875,505.898071289062
"420",-58.125,-73.5625,142.284105451483,0.20452880859375,443.313873291016
"421",-58.125,-73.4375,51.8211888259019,0.01556396484375,529.955017089844
"422",-58.125,-73.3125,73.9182515561002,0.5443115234375,323.317810058594
"423",-58.125,-73.1875,47.8984871295967,0.39923095703125,392.520416259766
"424",-58.125,-73.0625,49.5441490712792,0.01336669921875,303.822326660156
"425",-58.125,-72.9375,55.9013306102114,0.924713134765625,254.491119384766
"426",-58.125,-72.8125,41.060605714647,0.83013916015625,242.692504882812
"427",-58.125,-72.6875,19.025177899529,0.0301513671875,82.3785400390625
"428",-58.125,-72.5625,24.8032975878034,0.64031982421875,183.339080810547
"429",-58.125,-72.4375,31.9255091349284,0.47320556640625,638.978576660156
"430",-58.125,-72.3125,258.159182430653,0.01470947265625,715.798400878906
"431",-58.125,-72.1875,477.121636023888,0.95452880859375,699.551147460938
"432",-58.125,-72.0625,354.015927589546,0.539703369140625,452.134521484375
"433",-58.125,-71.9375,5.90218734741211,0.41192626953125,13.402099609375
"434",-58.125,-71.8125,4.93014090401786,0.581787109375,7.02337646484375
"435",-58.125,-71.5625,2.40098571777344,1.52865600585938,3.2733154296875
"436",-58.125,-70.6875,163.89920501709,81.2866516113281,268.585815429688
"437",-58.125,-70.5625,189.694688796997,118.14697265625,295.392883300781
"438",-58.125,-70.4375,117.195129394531,117.195129394531,117.195129394531
"439",-57.875,-75.5625,93.4217520043964,0.0438385009765625,352.57666015625
"440",-57.875,-75.4375,127.747708215964,0.009857177734375,528.246765136719
"441",-57.875,-75.3125,129.30915703051,0.0498046875,544.089538574219
"442",-57.875,-75.1875,138.06776480062,0.0223388671875,541.374816894531
"443",-57.875,-75.0625,103.066523844969,0.31396484375,565.894592285156
"444",-57.875,-74.9375,87.0606559425272,0.1116943359375,489.532409667969
"445",-57.875,-74.8125,64.0931016210478,0.0260009765625,467.577606201172
"446",-57.875,-74.6875,59.0334236030769,0.08245849609375,329.336761474609
"447",-57.875,-74.5625,51.5901205841445,0.0743408203125,320.129852294922
"448",-57.875,-74.4375,45.4698807217564,0.13177490234375,310.159545898438
"449",-57.875,-74.3125,59.5756992393816,0.3592529296875,406.488342285156
"450",-57.875,-74.1875,42.0431832673349,0.0262451171875,411.257873535156
"451",-57.875,-74.0625,50.0439424701765,0.16815185546875,350.8388671875
"452",-57.875,-73.9375,24.6615134138402,0.11407470703125,327.776000976562
"453",-57.875,-73.8125,41.439935881516,0.061279296875,425.484832763672
"454",-57.875,-73.6875,27.3558379937403,0.228240966796875,146.258209228516
"455",-57.875,-73.5625,46.5592029278095,0.039306640625,341.52587890625
"456",-57.875,-73.4375,43.2136745029026,0.1365966796875,247.032287597656
"457",-57.875,-73.3125,54.6859056381952,0.075439453125,268.646392822266
"458",-57.875,-73.1875,48.6341887493523,0.3380126953125,275.609008789062
"459",-57.875,-73.0625,64.8279196697733,0.03533935546875,426.906829833984
"460",-57.875,-72.9375,44.3203180572133,0.14031982421875,298.391540527344
"461",-57.875,-72.8125,35.002754025343,0.0367431640625,242.063812255859
"462",-57.875,-72.6875,30.0650661073882,0.595947265625,253.567535400391
"463",-57.875,-72.5625,18.4345446389819,0.69287109375,67.8407592773438
"464",-57.875,-72.4375,14.5119029857494,3.0350341796875,57.8787231445312
"465",-57.875,-72.3125,25.9773299420466,0.27032470703125,188.409057617188
"466",-57.875,-72.1875,279.218313506155,0.098876953125,519.559997558594
"467",-57.875,-72.0625,241.69000922309,0.20294189453125,416.921447753906
"468",-57.875,-71.9375,6.1826898484003,0.081268310546875,17.7619323730469
"469",-57.875,-70.6875,136.037078857422,136.037078857422,136.037078857422
"470",-57.875,-70.5625,145.949768066406,145.949768066406,145.949768066406
"471",-57.625,-75.6875,73.5030517578125,73.5030517578125,73.5030517578125
"472",-57.625,-75.5625,146.572076959694,0.09564208984375,434.854705810547
"473",-57.625,-75.4375,126.06945753567,0.0079345703125,500.800018310547
"474",-57.625,-75.3125,104.632320277738,0.0228271484375,528.333679199219
"475",-57.625,-75.1875,133.661390482068,0.0704345703125,552.857666015625
"476",-57.625,-75.0625,118.921870871151,0.0509033203125,557.390869140625
"477",-57.625,-74.9375,83.8291707083683,0.016357421875,513.199890136719
"478",-57.625,-74.8125,78.3413274491016,0.0477294921875,457.117431640625
"479",-57.625,-74.6875,81.4944392956037,0.085205078125,441.617523193359
"480",-57.625,-74.5625,68.309056902813,0.122314453125,464.004638671875
"481",-57.625,-74.4375,72.4138295590299,0.10833740234375,335.620849609375
"482",-57.625,-74.3125,60.4019335408198,0.56622314453125,340.529052734375
"483",-57.625,-74.1875,70.4718149467974,0.207611083984375,325.553314208984
"484",-57.625,-74.0625,38.6674351047825,0.0572509765625,343.423767089844
"485",-57.625,-73.9375,48.4335687393533,0.366363525390625,365.853393554688
"486",-57.625,-73.8125,49.216625213623,0.05615234375,376.189361572266
"487",-57.625,-73.6875,36.391914181593,0.012115478515625,273.834320068359
"488",-57.625,-73.5625,11.0382308959961,0.162872314453125,37.30859375
"489",-57.625,-73.4375,59.4561945350425,0.048980712890625,228.582015991211
"490",-57.625,-73.3125,70.2043592180525,0.207183837890625,354.073944091797
"491",-57.625,-73.1875,50.7320053100586,0.966522216796875,358.626220703125
"492",-57.625,-73.0625,50.9745597839355,0.08526611328125,259.765258789062
"493",-57.625,-72.9375,36.8048994823169,0.021881103515625,174.459838867188
"494",-57.625,-72.8125,23.5480351765951,0.159149169921875,90.4526672363281
"495",-57.625,-72.6875,79.1437805175781,1.83355712890625,271.217041015625
"496",-57.625,-72.5625,43.7060536702474,0.050506591796875,220.279754638672
"497",-57.625,-72.4375,11.5937604631696,0.3092041015625,50.1268615722656
"498",-57.625,-72.3125,39.1651617556202,0.13421630859375,189.506469726562
"499",-57.625,-72.1875,28.9571200284091,1.69677734375,409.588470458984
"500",-57.625,-72.0625,240.42711617606,2.06045532226562,424.329376220703
"501",-57.625,-71.9375,4.09324645996094,2.58343505859375,8.23526000976562
"502",-57.375,-75.6875,48.3153430758499,0.292671203613281,231.074752807617
"503",-57.375,-75.5625,153.282235606617,0.054443359375,452.535736083984
"504",-57.375,-75.4375,111.735928673131,0.02252197265625,501.908325195312
"505",-57.375,-75.3125,131.893984645246,0.007537841796875,500.918365478516
"506",-57.375,-75.1875,123.495137937653,0.17730712890625,537.114929199219
"507",-57.375,-75.0625,106.085935852874,0.09796142578125,491.087860107422
"508",-57.375,-74.9375,94.5309263452307,0.26849365234375,510.45849609375
"509",-57.375,-74.8125,97.2198234764305,0.152587890625,489.884185791016
"510",-57.375,-74.6875,84.2037600389167,0.13055419921875,479.951416015625
"511",-57.375,-74.5625,71.1239137334409,0.08905029296875,462.649108886719
"512",-57.375,-74.4375,66.4248588922332,0.013763427734375,351.254638671875
"513",-57.375,-74.3125,62.975208035749,0.02679443359375,354.997680664062
"514",-57.375,-74.1875,85.6593639879342,0.0726318359375,359.40380859375
"515",-57.375,-74.0625,57.8331419109133,0.0115966796875,303.997497558594
"516",-57.375,-73.9375,69.6164310455322,0.02093505859375,363.079498291016
"517",-57.375,-73.8125,52.403723556931,0.10882568359375,364.881408691406
"518",-57.375,-73.6875,21.534552543394,0.0198974609375,237.957870483398
"519",-57.375,-73.5625,7.47043796115451,0.164398193359375,33.3603515625
"520",-57.375,-73.4375,58.5178718566894,0.17095947265625,212.151092529297
"521",-57.375,-73.3125,18.4946825182116,0.07305908203125,176.016723632812
"522",-57.375,-73.1875,21.986704826355,1.00625610351562,355.716979980469
"523",-57.375,-73.0625,42.7143239339193,0.31561279296875,256.954010009766
"524",-57.375,-72.9375,70.7408678973163,1.24423217773438,197.857879638672
"525",-57.375,-72.8125,44.1434099246294,0.74237060546875,118.452026367188
"526",-57.375,-72.6875,20.4700061035156,0.61358642578125,55.7547302246094
"527",-57.375,-72.5625,26.7353651258681,0.88446044921875,59.4992065429688
"528",-57.375,-72.4375,3.60140991210938,2.43377685546875,4.76904296875
"529",-57.375,-72.3125,40.8631697434645,1.45541381835938,199.957000732422
"530",-57.375,-72.1875,35.3605824346128,0.06976318359375,407.333770751953
"531",-57.375,-72.0625,287.767698015485,1.93109130859375,408.634429931641
"532",-57.125,-75.6875,83.1173932002141,0.620147705078125,226.421127319336
"533",-57.125,-75.5625,139.356020505025,0.726715087890625,432.718322753906
"534",-57.125,-75.4375,109.347518493082,0.017333984375,429.819549560547
"535",-57.125,-75.3125,123.412105578555,0.395782470703125,496.51318359375
"536",-57.125,-75.1875,114.896395582253,0.003662109375,475.82958984375
"537",-57.125,-75.0625,109.456196901428,0.03668212890625,528.956115722656
"538",-57.125,-74.9375,117.818653249818,0.02032470703125,501.041076660156
"539",-57.125,-74.8125,106.685117140348,0.167816162109375,488.615234375
"540",-57.125,-74.6875,87.7117034147045,0.1153564453125,494.542755126953
"541",-57.125,-74.5625,76.7874338250411,0.02001953125,457.721832275391
"542",-57.125,-74.4375,81.8962020471771,0.09417724609375,482.649108886719
"543",-57.125,-74.3125,58.5241520198311,0.035186767578125,329.804626464844
"544",-57.125,-74.1875,73.8841397708978,0.048583984375,348.410705566406
"545",-57.125,-74.0625,38.0882521807137,0.20556640625,349.296142578125
"546",-57.125,-73.9375,28.1132796377506,0.15130615234375,318.443420410156
"547",-57.125,-73.8125,95.3604663632951,0.24041748046875,332.281341552734
"548",-57.125,-73.6875,82.467661843371,0.049713134765625,328.305419921875
"549",-57.125,-73.5625,48.1451791902868,0.7354736328125,187.301086425781
"550",-57.125,-73.4375,14.5215954780579,0.112548828125,37.0842590332031
"551",-57.125,-73.3125,15.606056614926,0.63055419921875,40.6080017089844
"552",-57.125,-73.1875,4.58254859561012,1.5888671875,10.0491027832031
"553",-57.125,-73.0625,1.880322265625,0.517913818359375,6.52117919921875
"554",-57.125,-72.8125,28.3560104370117,0.0933837890625,54.3563842773438
"555",-57.125,-72.6875,55.6421689120206,3.836669921875,62.3335571289062
"556",-57.125,-72.5625,62.7041320800781,60.0806579589844,65.3276062011719
"557",-57.125,-72.3125,106.10998840332,1.87265014648438,208.276641845703
"558",-57.125,-72.1875,11.7222981770833,0.12567138671875,26.9004211425781
"559",-57.125,-72.0625,151.641771316528,11.8921508789062,361.469970703125
"560",-56.875,-75.8125,162.172975796372,1.17922973632812,352.721252441406
"561",-56.875,-75.6875,150.652175027816,0.23291015625,402.559844970703
"562",-56.875,-75.5625,129.146536848849,0.062255859375,427.462036132812
"563",-56.875,-75.4375,124.220363013689,0.047637939453125,407.678344726562
"564",-56.875,-75.3125,132.278875377211,0.569488525390625,495.441955566406
"565",-56.875,-75.1875,120.221682684385,0.202117919921875,493.843444824219
"566",-56.875,-75.0625,107.13924007385,0.06036376953125,516.157348632812
"567",-56.875,-74.9375,111.477054028898,0.0401611328125,505.172454833984
"568",-56.875,-74.8125,105.808020563409,0.120819091796875,502.479888916016
"569",-56.875,-74.6875,91.8059685164463,0.112579345703125,493.974151611328
"570",-56.875,-74.5625,94.7016905004328,0.1251220703125,451.732666015625
"571",-56.875,-74.4375,91.9785459286699,0.1329345703125,480.424133300781
"572",-56.875,-74.3125,62.7863136447786,0.041107177734375,419.079711914062
"573",-56.875,-74.1875,60.4613881883675,0.04736328125,374.633453369141
"574",-56.875,-74.0625,38.9580274448273,0.02032470703125,258.811798095703
"575",-56.875,-73.9375,43.7355066534097,0.066162109375,302.847442626953
"576",-56.875,-73.8125,76.1517137861521,0.062835693359375,336.089233398438
"577",-56.875,-73.6875,65.0375819181272,0.003082275390625,319.808654785156
"578",-56.875,-73.5625,26.0995305379232,0.808837890625,182.487045288086
"579",-56.875,-73.4375,13.6947054349459,0.100128173828125,26.3899536132812
"580",-56.875,-73.3125,2.46611993963068,0.360321044921875,5.99172973632812
"581",-56.875,-73.1875,1.20069885253906,0.3179931640625,2.38101196289062
"582",-56.875,-73.0625,2.20880126953125,0.132171630859375,5.446533203125
"583",-56.875,-72.3125,146.813262939453,146.813262939453,146.813262939453
"584",-56.875,-72.1875,92.361328125,2.55877685546875,177.783905029297
"585",-56.625,-75.8125,138.698946320094,0.126873970031738,404.534027099609
"586",-56.625,-75.6875,152.669053428027,0.25885009765625,404.109558105469
"587",-56.625,-75.5625,124.556459560516,0.012603759765625,405.284454345703
"588",-56.625,-75.4375,134.578076836339,0.015411376953125,439.284149169922
"589",-56.625,-75.3125,131.979478517398,0.303497314453125,443.547668457031
"590",-56.625,-75.1875,99.9246044761256,0.0015869140625,497.4931640625
"591",-56.625,-75.0625,121.192808516039,0.04888916015625,510.255859375
"592",-56.625,-74.9375,105.842872487327,0.0963134765625,500.662017822266
"593",-56.625,-74.8125,92.7663347643028,0.05108642578125,504.471252441406
"594",-56.625,-74.6875,87.3775990988992,0.029052734375,491.072082519531
"595",-56.625,-74.5625,97.829674982482,0.0576171875,495.50341796875
"596",-56.625,-74.4375,96.4840146479224,0.260467529296875,474.209106445312
"597",-56.625,-74.3125,77.6742461854546,0.005828857421875,495.008514404297
"598",-56.625,-74.1875,82.2588335489489,0.186187744140625,469.305908203125
"599",-56.625,-74.0625,59.6241683562597,0.43890380859375,264.977966308594
"600",-56.625,-73.9375,60.8661126943735,0.0115966796875,319.872192382812
"601",-56.625,-73.8125,88.4780572944381,0.011138916015625,330.089233398438
"602",-56.625,-73.6875,78.9986706260873,0.20025634765625,319.98583984375
"603",-56.625,-73.5625,43.619023035443,0.518951416015625,242.798919677734
"604",-56.625,-73.4375,8.51109282824458,0.070648193359375,23.7692260742188
"605",-56.625,-73.3125,238.597264971052,0.337158203125,318.883514404297
"606",-56.625,-73.1875,128.127001953125,0.834686279296875,319.222503662109
"607",-56.625,-73.0625,7.55671183268229,7.2442626953125,8.17279052734375
"608",-56.625,-72.1875,198.152833557129,192.233734130859,204.010513305664
"609",-56.625,-72.0625,168.39954884847,160.960388183594,182.95442199707
"610",-56.625,-71.9375,170.665405273438,170.665405273438,170.665405273438
"611",-56.375,-75.8125,180.875473930047,0.227813720703125,433.563415527344
"612",-56.375,-75.6875,143.024539795759,0.49212646484375,400.395385742188
"613",-56.375,-75.5625,126.351636017778,0.115081787109375,394.21875
"614",-56.375,-75.4375,134.14892600807,0.06964111328125,425.350646972656
"615",-56.375,-75.3125,117.463416735732,0.001068115234375,442.783630371094
"616",-56.375,-75.1875,98.0370028262355,0.107269287109375,446.206115722656
"617",-56.375,-75.0625,94.7053411811628,0.043243408203125,494.480255126953
"618",-56.375,-74.9375,86.4196587931054,0.007843017578125,500.424865722656
"619",-56.375,-74.8125,92.5636564685452,0.003814697265625,477.924896240234
"620",-56.375,-74.6875,90.9011032534093,0.006500244140625,489.932922363281
"621",-56.375,-74.5625,87.7438952587695,0.03656005859375,494.968566894531
"622",-56.375,-74.4375,91.5933108604118,0.04132080078125,495.213684082031
"623",-56.375,-74.3125,68.0983254268252,0.031005859375,409.083251953125
"624",-56.375,-74.1875,82.0797545235112,0.0079345703125,469.934600830078
"625",-56.375,-74.0625,74.3637851715088,0.093292236328125,466.423767089844
"626",-56.375,-73.9375,69.9673528475035,0.208282470703125,394.316833496094
"627",-56.375,-73.8125,64.1072515412049,0.006561279296875,310.298217773438
"628",-56.375,-73.6875,71.4092544786858,0.029632568359375,341.346832275391
"629",-56.375,-73.5625,82.7452807426453,0.18536376953125,244.820007324219
"630",-56.375,-73.4375,109.262095412163,0.050872802734375,335.491729736328
"631",-56.375,-73.3125,183.522403462728,0.052154541015625,383.784790039062
"632",-56.375,-73.1875,135.511111919697,0.06829833984375,324.985565185547
"633",-56.375,-73.0625,2.18905639648438,2.18905639648438,2.18905639648438
"634",-56.125,-75.9375,139.93524960945,2.11962890625,436.3330078125
"635",-56.125,-75.8125,195.20103616088,0.60052490234375,443.810455322266
"636",-56.125,-75.6875,110.984932656853,0.374114990234375,413.166290283203
"637",-56.125,-75.5625,126.285747997446,0.0540771484375,389.169036865234
"638",-56.125,-75.4375,126.423862993559,0.091552734375,406.106964111328
"639",-56.125,-75.3125,113.79932290571,0.262115478515625,428.456634521484
"640",-56.125,-75.1875,102.212702900046,0.02423095703125,450.953552246094
"641",-56.125,-75.0625,98.9147161716368,0.073272705078125,489.212585449219
"642",-56.125,-74.9375,89.3934751653947,0.023956298828125,481.687286376953
"643",-56.125,-74.8125,90.0619758339315,0.0509033203125,487.485565185547
"644",-56.125,-74.6875,86.5067806281077,0.0545654296875,432.038635253906
"645",-56.125,-74.5625,91.8569194169189,0.0155029296875,479.248443603516
"646",-56.125,-74.4375,77.5677744090481,0.04071044921875,465.100555419922
"647",-56.125,-74.3125,75.1957647194041,0.0074462890625,410.385162353516
"648",-56.125,-74.1875,88.4649136417992,0.069915771484375,418.082641601562
"649",-56.125,-74.0625,88.4784353014449,0.04693603515625,433.243469238281
"650",-56.125,-73.9375,80.7119667692724,0.07666015625,437.633911132812
"651",-56.125,-73.8125,78.3537881540698,0.066680908203125,432.117340087891
"652",-56.125,-73.6875,88.5511972712374,0.020172119140625,334.550933837891
"653",-56.125,-73.5625,38.6074855202123,0.370635986328125,219.319213867188
"654",-56.125,-73.4375,144.453646977743,0.068756103515625,353.412506103516
"655",-56.125,-73.3125,310.929110039605,0.137542724609375,393.747589111328
"656",-56.125,-73.1875,307.942364162869,283.114807128906,332.431945800781
"657",-55.875,-75.9375,211.728923478449,0.36590576171875,440.149017333984
"658",-55.875,-75.8125,164.066671079165,0.097412109375,444.477020263672
"659",-55.875,-75.6875,103.554783527668,0.0938720703125,428.495239257812
"660",-55.875,-75.5625,104.858812711241,0.0428466796875,401.081634521484
"661",-55.875,-75.4375,112.342223600908,0.18316650390625,403.748840332031
"662",-55.875,-75.3125,103.718926734531,0.1669921875,433.934753417969
"663",-55.875,-75.1875,108.891618590017,0.1165771484375,447.457153320312
"664",-55.875,-75.0625,93.5931401561958,0.03045654296875,490.328887939453
"665",-55.875,-74.9375,89.1865382868685,0.66705322265625,467.247222900391
"666",-55.875,-74.8125,92.7941581612203,0.05047607421875,481.735778808594
"667",-55.875,-74.6875,92.4333859737788,0.036651611328125,482.075317382812
"668",-55.875,-74.5625,103.495809840113,0.143218994140625,465.184600830078
"669",-55.875,-74.4375,93.2369186087562,0.0460205078125,463.535491943359
"670",-55.875,-74.3125,98.4891355216268,0.124237060546875,446.315246582031
"671",-55.875,-74.1875,76.5924865510729,0.05487060546875,434.466064453125
"672",-55.875,-74.0625,71.6362414302596,0.092864990234375,411.422180175781
"673",-55.875,-73.9375,61.6821705520533,0.0220947265625,411.709838867188
"674",-55.875,-73.8125,90.336637487734,0.117828369140625,400.089538574219
"675",-55.875,-73.6875,90.4832557258483,0.320465087890625,351.317138671875
"676",-55.875,-73.5625,42.6040459994612,0.014251708984375,141.22705078125
"677",-55.875,-73.4375,80.7545663833618,0.349761962890625,361.537658691406
"678",-55.875,-73.3125,265.721818712023,59.6422119140625,400.358337402344
"679",-55.875,-73.1875,360.064819335938,356.768829345703,362.607482910156
"680",-55.875,-73.0625,300.889653523763,285.602355957031,359.996215820312
"681",-55.875,-72.9375,290.133117675781,290.133117675781,290.133117675781
"682",-55.625,-75.9375,120.059817815231,0.833892822265625,460.132781982422
"683",-55.625,-75.8125,120.589676854616,0.39337158203125,444.456909179688
"684",-55.625,-75.6875,106.383843006288,0.1796875,440.437377929688
"685",-55.625,-75.5625,92.616893641154,0.0572509765625,437.780456542969
"686",-55.625,-75.4375,103.474200008735,0.192657470703125,410.249145507812
"687",-55.625,-75.3125,95.9945180810016,0.469451904296875,432.718872070312
"688",-55.625,-75.1875,91.093409640842,0.027313232421875,464.52197265625
"689",-55.625,-75.0625,89.1960305061786,0.00146484375,490.404235839844
"690",-55.625,-74.9375,82.1869000922922,0.045928955078125,447.188354492188
"691",-55.625,-74.8125,90.2580998101687,0.0799560546875,480.069885253906
"692",-55.625,-74.6875,90.7529497680065,0.014190673828125,480.524932861328
"693",-55.625,-74.5625,85.4142784163797,0.01947021484375,459.69140625
"694",-55.625,-74.4375,100.284097699372,0.009307861328125,447.381317138672
"695",-55.625,-74.3125,101.787744615428,0.06134033203125,463.171508789062
"696",-55.625,-74.1875,82.1571408802878,0.00555419921875,458.885833740234
"697",-55.625,-74.0625,72.6275825859237,0.080474853515625,453.359680175781
"698",-55.625,-73.9375,91.3639414670656,0.036041259765625,396.006134033203
"699",-55.625,-73.8125,74.1032800152254,0.067596435546875,397.168975830078
"700",-55.625,-73.6875,63.5544881142333,0.123077392578125,394.090454101562
"701",-55.625,-73.5625,46.4919559424522,0.005462646484375,344.249389648438
"702",-55.625,-73.4375,124.363572756449,0.050018310546875,397.564453125
"703",-55.625,-73.3125,109.933816348805,15.781982421875,367.143341064453
"704",-55.625,-73.1875,74.7608128423276,21.8258666992188,267.818817138672
"705",-55.625,-73.0625,175.316193290379,6.00152587890625,280.019287109375
"706",-55.625,-72.9375,135.592070056546,2.7757568359375,294.251190185547
"707",-55.625,-72.8125,256.904230753581,107.340911865234,300.978240966797
"708",-55.375,-75.9375,164.518694223608,0.06964111328125,468.9853515625
"709",-55.375,-75.8125,105.580408816366,0.115142822265625,459.176544189453
"710",-55.375,-75.6875,104.739177116981,0.076507568359375,460.278472900391
"711",-55.375,-75.5625,85.1121609215458,0.02276611328125,436.459533691406
"712",-55.375,-75.4375,86.6548982297816,0.140045166015625,424.528045654297
"713",-55.375,-75.3125,90.2716680948207,0.14202880859375,445.800964355469
"714",-55.375,-75.1875,75.6571950292814,0.059295654296875,444.347259521484
"715",-55.375,-75.0625,81.1546687514313,0.23834228515625,487.774871826172
"716",-55.375,-74.9375,79.6416512986424,0.011962890625,484.999481201172
"717",-55.375,-74.8125,73.7427789724759,0.281982421875,486.510498046875
"718",-55.375,-74.6875,89.2570399454195,0.021026611328125,468.103332519531
"719",-55.375,-74.5625,93.7109194685331,0.0113525390625,463.748870849609
"720",-55.375,-74.4375,85.5002776572746,0.0433349609375,467.892028808594
"721",-55.375,-74.3125,116.700902845189,0.138336181640625,453.195220947266
"722",-55.375,-74.1875,83.9738972222627,0.001708984375,466.484436035156
"723",-55.375,-74.0625,79.1478409740806,0.033203125,463.804443359375
"724",-55.375,-73.9375,103.15952143481,0.13330078125,434.385498046875
"725",-55.375,-73.8125,104.060578886762,0.00958251953125,417.668853759766
"726",-55.375,-73.6875,102.210927402272,0.546966552734375,398.625946044922
"727",-55.375,-73.5625,57.4754323651714,0.78466796875,353.189666748047
"728",-55.375,-73.4375,193.685375507061,7.769775390625,392.182220458984
"729",-55.375,-73.3125,100.304085625543,14.0504455566406,374.731170654297
"730",-55.375,-73.1875,134.609193281694,7.5096435546875,373.214813232422
"731",-55.375,-73.0625,152.769560813904,7.3861083984375,399.446838378906
"732",-55.375,-72.9375,179.807324444806,6.76272583007812,397.053955078125
"733",-55.375,-72.8125,191.780786614669,97.0062255859375,267.273651123047
"734",-55.375,-72.4375,366.536087036133,363.404632568359,369.667541503906
"735",-55.125,-76.0625,273.459576628929,2.78045654296875,481.555603027344
"736",-55.125,-75.9375,138.885930991754,0.11688232421875,472.963348388672
"737",-55.125,-75.8125,96.4057272364329,0.0206298828125,458.501556396484
"738",-55.125,-75.6875,86.3450718751626,0.015625,465.227172851562
"739",-55.125,-75.5625,89.8541221403941,0.157684326171875,435.535583496094
"740",-55.125,-75.4375,93.6296835272162,0.02862548828125,446.434722900391
"741",-55.125,-75.3125,86.1922386564483,0.019073486328125,449.048767089844
"742",-55.125,-75.1875,67.2819650381405,0.17828369140625,434.121307373047
"743",-55.125,-75.0625,63.2922280989971,0.0499267578125,450.823059082031
"744",-55.125,-74.9375,71.1977539271239,0.0574951171875,468.895690917969
"745",-55.125,-74.8125,81.83854617793,0.03118896484375,466.899932861328
"746",-55.125,-74.6875,93.3889042588531,0.078857421875,462.844573974609
"747",-55.125,-74.5625,92.3127225636238,0.002655029296875,445.650756835938
"748",-55.125,-74.4375,90.7078178228334,0.16253662109375,423.107849121094
"749",-55.125,-74.3125,84.4409750046269,0.0250244140625,455.343841552734
"750",-55.125,-74.1875,86.1496826872008,0.061187744140625,464.416137695312
"751",-55.125,-74.0625,104.37529815098,0.06396484375,463.049896240234
"752",-55.125,-73.9375,82.3504316090631,0.441314697265625,396.176635742188
"753",-55.125,-73.8125,102.348494227531,0.003814697265625,395.866333007812
"754",-55.125,-73.6875,111.565858437981,0.199951171875,423.947662353516
"755",-55.125,-73.5625,74.5228693139462,0.39959716796875,401.716003417969
"756",-55.125,-73.4375,157.454785273625,16.9923095703125,391.170501708984
"757",-55.125,-73.3125,147.772855122884,11.152099609375,365.231750488281
"758",-55.125,-73.1875,178.214656922875,9.37432861328125,371.082458496094
"759",-55.125,-73.0625,165.816745801904,44.6153869628906,391.873718261719
"760",-55.125,-72.9375,151.383243560791,15.0635681152344,390.113677978516
"761",-55.125,-72.8125,184.560317266555,96.9534606933594,262.816040039062
"762",-55.125,-72.4375,365.187515258789,363.031158447266,367.343872070312
"763",-54.875,-76.0625,213.85076553653,0.914398193359375,485.556915283203
"764",-54.875,-75.9375,133.369144312725,0.04248046875,482.264007568359
"765",-54.875,-75.8125,102.080672285085,0.1112060546875,462.340637207031
"766",-54.875,-75.6875,91.9658294880509,0.228057861328125,469.969635009766
"767",-54.875,-75.5625,88.8013929734816,0.0255126953125,455.328247070312
"768",-54.875,-75.4375,88.3185267542934,0.1956787109375,445.964050292969
"769",-54.875,-75.3125,79.7820503477249,0.01318359375,448.1455078125
"770",-54.875,-75.1875,70.9872069354289,0.023834228515625,463.593383789062
"771",-54.875,-75.0625,52.573752674912,0.011474609375,426.764862060547
"772",-54.875,-74.9375,65.0649255720453,0.03497314453125,469.066253662109
"773",-54.875,-74.8125,73.5276310414698,0.01263427734375,465.321319580078
"774",-54.875,-74.6875,88.6245896218553,0.006439208984375,438.309020996094
"775",-54.875,-74.5625,101.953229265954,0.04180908203125,456.118957519531
"776",-54.875,-74.4375,91.6001739675546,0.0166015625,454.391143798828
"777",-54.875,-74.3125,79.6939737955729,0.012115478515625,455.376922607422
"778",-54.875,-74.1875,75.9123494893563,0.051116943359375,339.389984130859
"779",-54.875,-74.0625,85.6338493126382,0.092803955078125,290.862243652344
"780",-54.875,-73.9375,110.077452320164,0.062469482421875,304.311340332031
"781",-54.875,-73.8125,128.570904473573,0.07757568359375,397.409027099609
"782",-54.875,-73.6875,142.900340530108,0.597137451171875,427.622985839844
"783",-54.875,-73.5625,183.343704528809,0.086181640625,397.657409667969
"784",-54.875,-73.4375,134.076181951559,7.96429443359375,387.544586181641
"785",-54.875,-73.3125,137.175462896174,4.04498291015625,381.8515625
"786",-54.875,-73.1875,150.848003776706,10.8988952636719,393.119995117188
"787",-54.875,-73.0625,201.994813516106,52.1168823242188,356.661468505859
"788",-54.875,-72.9375,180.591202891957,17.9334106445312,393.901977539062
"789",-54.875,-72.8125,140.02180480957,76.301025390625,167.304656982422
"790",-54.875,-72.6875,79.73095703125,79.73095703125,79.73095703125
"791",-54.875,-72.4375,365.862121582031,365.862121582031,365.862121582031
"792",-54.625,-76.0625,186.44202519851,0.814727783203125,485.872802734375
"793",-54.625,-75.9375,118.63192279346,0.16595458984375,479.016265869141
"794",-54.625,-75.8125,98.2468287806357,0.02581787109375,475.286163330078
"795",-54.625,-75.6875,77.194903316268,0.343994140625,459.136260986328
"796",-54.625,-75.5625,81.4874689836581,0.05572509765625,452.911346435547
"797",-54.625,-75.4375,80.7514828876641,0.104827880859375,450.818695068359
"798",-54.625,-75.3125,70.6506182617852,0.035003662109375,454.592468261719
"799",-54.625,-75.1875,66.7539313616071,0.01385498046875,461.188232421875
"800",-54.625,-75.0625,50.5197340023298,0.00030517578125,457.160858154297
"801",-54.625,-74.9375,66.2080003577411,0.1488037109375,461.208099365234
"802",-54.625,-74.8125,84.2391145524985,0.07073974609375,462.539886474609
"803",-54.625,-74.6875,90.8299872284075,0.03485107421875,464.595489501953
"804",-54.625,-74.5625,82.895694706043,0.01922607421875,438.659790039062
"805",-54.625,-74.4375,99.4008863449097,0.114990234375,453.372375488281
"806",-54.625,-74.3125,69.736244752672,0.00146484375,429.738494873047
"807",-54.625,-74.1875,66.6493263075087,0.09173583984375,273.297790527344
"808",-54.625,-74.0625,68.7402671387958,0.113433837890625,279.708801269531
"809",-54.625,-73.9375,99.4096134133535,0.047271728515625,380.992370605469
"810",-54.625,-73.8125,100.99373147147,0.4117431640625,375.643188476562
"811",-54.625,-73.6875,147.556178088066,3.77996826171875,433.710144042969
"812",-54.625,-73.5625,136.723183851976,0.334014892578125,386.118835449219
"813",-54.625,-73.4375,114.420390537807,6.27142333984375,391.053833007812
"814",-54.625,-73.3125,165.296395585344,0.34320068359375,380.768463134766
"815",-54.625,-73.1875,169.067966461182,9.29925537109375,391.33203125
"816",-54.625,-73.0625,223.478256225586,162.319732666016,364.228729248047
"817",-54.625,-72.9375,134.895206451416,7.19827270507812,399.770843505859
"818",-54.625,-72.8125,108.985616048177,2.25701904296875,164.197540283203
"819",-54.625,-72.6875,73.7061767578125,71.44140625,75.3053894042969
"820",-54.625,-72.3125,365.992065429688,365.652770996094,366.331359863281
"821",-54.375,-76.1875,210.355797400841,0.003570556640625,484.803314208984
"822",-54.375,-76.0625,173.829551003196,0.125640869140625,464.415710449219
"823",-54.375,-75.9375,93.9006928196864,0.217559814453125,477.196502685547
"824",-54.375,-75.8125,85.0656713584944,0.1143798828125,475.075531005859
"825",-54.375,-75.6875,79.6036559944403,0.05224609375,475.927215576172
"826",-54.375,-75.5625,64.2773608815982,0.00048828125,456.244842529297
"827",-54.375,-75.4375,73.7859907031554,0.068206787109375,459.198028564453
"828",-54.375,-75.3125,74.8480757072289,0.03466796875,469.693756103516
"829",-54.375,-75.1875,68.854588656325,0.097412109375,468.556915283203
"830",-54.375,-75.0625,46.8019557072566,0.012847900390625,487.088134765625
"831",-54.375,-74.9375,70.4431645812058,0.00494384765625,436.422973632812
"832",-54.375,-74.8125,83.2814619261975,0.000946044921875,438.781799316406
"833",-54.375,-74.6875,87.8286840238746,0.017242431640625,464.830780029297
"834",-54.375,-74.5625,83.396678412569,0.000885009765625,446.999908447266
"835",-54.375,-74.4375,86.7644676259472,0.038482666015625,445.240081787109
"836",-54.375,-74.3125,74.8768305233926,0.0003662109375,431.603698730469
"837",-54.375,-74.1875,96.1246524318572,0.0601806640625,447.461151123047
"838",-54.375,-74.0625,61.5268384148093,0.045684814453125,375.166748046875
"839",-54.375,-73.9375,44.3961520724826,1.97454833984375,133.046600341797
"840",-54.375,-73.8125,64.1326868393842,6.24664306640625,181.041168212891
"841",-54.375,-73.6875,163.565952301025,0.01531982421875,431.982177734375
"842",-54.375,-73.5625,130.672206573486,0.6749267578125,431.654113769531
"843",-54.375,-73.4375,185.921219542786,7.041015625,395.702270507812
"844",-54.375,-73.3125,172.058618287782,0.2044677734375,392.770812988281
"845",-54.375,-73.1875,156.011095793351,18.0059204101562,381.857421875
"846",-54.375,-73.0625,324.181310480291,275.3408203125,361.628295898438
"847",-54.375,-72.9375,267.240815261315,43.4185485839844,402.996337890625
"848",-54.375,-72.8125,183.009749468635,0.086639404296875,415.106048583984
"849",-54.375,-72.6875,90.5707310267857,74.8284301757812,151.974517822266
"850",-54.375,-72.3125,365.564208984375,365.564208984375,365.564208984375
"851",-54.125,-76.1875,216.289162548168,0.2451171875,475.763732910156
"852",-54.125,-76.0625,141.542555891623,0.01568603515625,476.620452880859
"853",-54.125,-75.9375,80.9727816359696,0.080963134765625,475.333801269531
"854",-54.125,-75.8125,83.9039604805611,0.02874755859375,458.798126220703
"855",-54.125,-75.6875,66.0056364627285,0.04327392578125,460.917755126953
"856",-54.125,-75.5625,66.6549449958424,0.048248291015625,439.943878173828
"857",-54.125,-75.4375,66.3740307734563,0.01336669921875,431.542327880859
"858",-54.125,-75.3125,71.2649907988261,0.119384765625,475.514556884766
"859",-54.125,-75.1875,83.7018895815497,0.039337158203125,493.490905761719
"860",-54.125,-75.0625,47.4837442694015,0.01812744140625,487.552124023438
"861",-54.125,-74.9375,73.2454514300237,0.025177001953125,403.495849609375
"862",-54.125,-74.8125,74.576796441708,0.02471923828125,408.111206054688
"863",-54.125,-74.6875,70.3838524402388,0.049072265625,463.178436279297
"864",-54.125,-74.5625,90.3592676124081,0.034820556640625,458.172729492188
"865",-54.125,-74.4375,79.8876787754878,0.010772705078125,438.777374267578
"866",-54.125,-74.3125,75.3804249184951,0.09344482421875,334.344055175781
"867",-54.125,-74.1875,99.082989216937,0.097503662109375,439.224151611328
"868",-54.125,-74.0625,103.172443581693,0.14886474609375,442.208740234375
"869",-54.125,-73.9375,112.783398043725,34.9463806152344,162.093078613281
"870",-54.125,-73.8125,14.2795471191406,3.58316040039062,30.5383605957031
"871",-54.125,-73.6875,149.144408005934,5.22109985351562,400.362152099609
"872",-54.125,-73.5625,138.344427328194,0.02471923828125,430.298065185547
"873",-54.125,-73.4375,169.488733271117,4.6165771484375,390.273315429688
"874",-54.125,-73.3125,140.541547948664,3.43814086914062,384.418182373047
"875",-54.125,-73.1875,107.486951042624,19.0014953613281,184.542266845703
"876",-54.125,-73.0625,363.438288370768,360.269561767578,368.295318603516
"877",-54.125,-72.9375,376.192843967014,340.231323242188,408.090057373047
"878",-54.125,-72.8125,384.47944132487,370.756286621094,408.463104248047
"879",-54.125,-72.6875,187.556630452474,83.8514099121094,416.200347900391
"880",-54.125,-72.5625,376.700088500977,356.997863769531,396.402313232422
"881",-54.125,-72.4375,392.492248535156,392.492248535156,392.492248535156
"882",-54.125,-72.3125,386.0458984375,386.0458984375,386.0458984375
"883",-53.875,-76.3125,105.535013198853,39.9617309570312,241.869277954102
"884",-53.875,-76.1875,120.032576626294,0.118743896484375,466.561401367188
"885",-53.875,-76.0625,93.2657104447766,0.222991943359375,472.836822509766
"886",-53.875,-75.9375,78.6388844029874,0.165985107421875,479.229248046875
"887",-53.875,-75.8125,69.9594110920481,0.02386474609375,479.316925048828
"888",-53.875,-75.6875,62.2503773995615,0.1331787109375,423.910919189453
"889",-53.875,-75.5625,63.6286998580259,0.019775390625,412.522308349609
"890",-53.875,-75.4375,59.6624673274059,0.11224365234375,412.410400390625
"891",-53.875,-75.3125,66.0691540715754,0.047119140625,477.384002685547
"892",-53.875,-75.1875,68.9467632653173,0.02728271484375,484.846527099609
"893",-53.875,-75.0625,53.2376362155848,0.00177001953125,486.774475097656
"894",-53.875,-74.9375,65.0337278123997,0.02886962890625,394.934204101562
"895",-53.875,-74.8125,87.9379929246994,0.010223388671875,461.137115478516
"896",-53.875,-74.6875,86.8726136201847,0.030059814453125,433.5380859375
"897",-53.875,-74.5625,79.6321669191193,0.01068115234375,396.7021484375
"898",-53.875,-74.4375,77.1084542483938,0.047698974609375,402.745849609375
"899",-53.875,-74.3125,80.883674602744,0.19183349609375,338.736907958984
"900",-53.875,-74.1875,81.6400710378732,0.0908203125,409.963806152344
"901",-53.875,-74.0625,83.8931165422712,0.216156005859375,416.476623535156
"902",-53.875,-73.8125,16.7142181396484,13.8629760742188,19.5654602050781
"903",-53.875,-73.6875,90.8528965541295,12.5154418945312,366.088684082031
"904",-53.875,-73.5625,155.083591461182,0.259063720703125,410.749359130859
"905",-53.875,-73.4375,136.838068896001,0.328948974609375,392.192718505859
"906",-53.875,-73.3125,70.1251508272611,8.6954345703125,207.496627807617
"907",-53.875,-73.1875,47.3317122025923,16.8635559082031,57.4540100097656
"908",-53.875,-73.0625,278.950696672712,56.5556640625,368.759490966797
"909",-53.875,-72.9375,366.783157348633,366.211334228516,367.35498046875
"910",-53.875,-72.8125,368.316917419434,367.263061523438,370.308471679688
"911",-53.875,-72.6875,393.515783691406,353.5263671875,412.525909423828
"912",-53.875,-72.5625,63.8176940917969,45.3977355957031,110.859069824219
"913",-53.625,-76.3125,85.7676535213695,6.41229248046875,460.661254882812
"914",-53.625,-76.1875,93.5747049369064,0.761688232421875,463.4208984375
"915",-53.625,-76.0625,74.4229559124641,0.031707763671875,466.282073974609
"916",-53.625,-75.9375,67.9823255876667,0.064208984375,476.811706542969
"917",-53.625,-75.8125,59.0689167380333,0.0762939453125,444.10009765625
"918",-53.625,-75.6875,51.9575110993245,0.05621337890625,409.420745849609
"919",-53.625,-75.5625,64.1432009171725,0.144287109375,369.197814941406
"920",-53.625,-75.4375,42.6753465723108,0.077880859375,343.16650390625
"921",-53.625,-75.3125,58.0815477298044,0.0687255859375,470.745483398438
"922",-53.625,-75.1875,71.9160348236245,0.046783447265625,457.064422607422
"923",-53.625,-75.0625,43.8182908517343,0.134918212890625,362.969573974609
"924",-53.625,-74.9375,61.7970404193958,0.01202392578125,407.249084472656
"925",-53.625,-74.8125,84.1364373295208,0.00177001953125,419.969879150391
"926",-53.625,-74.6875,84.6961775483756,0.023834228515625,416.187927246094
"927",-53.625,-74.5625,75.3379306937345,0.036285400390625,415.237762451172
"928",-53.625,-74.4375,62.8856864640735,0.037109375,418.581146240234
"929",-53.625,-74.3125,100.786292277591,0.037506103515625,339.223022460938
"930",-53.625,-74.1875,92.2373996435427,0.0126953125,419.810455322266
"931",-53.625,-74.0625,60.4934503173828,0.01983642578125,419.235229492188
"932",-53.625,-73.9375,22.7959289550781,22.7959289550781,22.7959289550781
"933",-53.625,-73.8125,17.5653839111328,15.619140625,20.530517578125
"934",-53.625,-73.6875,4.14324951171875,0.619110107421875,6.9320068359375
"935",-53.625,-73.5625,64.9879281180246,1.41256713867188,379.593231201172
"936",-53.625,-73.4375,111.265544891357,2.37347412109375,403.906219482422
"937",-53.625,-73.3125,44.506285349528,8.65386962890625,104.8037109375
"938",-53.625,-73.1875,20.9837341308594,19.6898498535156,22.2776184082031
"939",-53.625,-73.0625,50.0366617838542,46.9573364257812,54.1058959960938
"940",-53.625,-72.8125,375.018096923828,373.410186767578,375.870727539062
"941",-53.625,-72.6875,214.492599487305,46.9519653320312,399.010650634766
"942",-53.375,-76.5625,128.73297923695,9.55130004882812,310.612182617188
"943",-53.375,-76.4375,84.797301587441,0.291015625,324.015716552734
"944",-53.375,-76.3125,72.5488341944811,0.064453125,460.147644042969
"945",-53.375,-76.1875,75.325694422568,0.031646728515625,463.493743896484
"946",-53.375,-76.0625,66.6967628268794,0.122039794921875,465.449737548828
"947",-53.375,-75.9375,60.8123445079039,0.1298828125,456.248596191406
"948",-53.375,-75.8125,60.4307599103009,0.01190185546875,449.387634277344
"949",-53.375,-75.6875,44.6244269910331,0.01226806640625,381.431091308594
"950",-53.375,-75.5625,60.4663870675223,0.032958984375,343.391418457031
"951",-53.375,-75.4375,44.3905256112862,0.03692626953125,359.586669921875
"952",-53.375,-75.3125,54.8725255915993,0.24114990234375,462.294189453125
"953",-53.375,-75.1875,70.6351207688194,0.0675048828125,458.201965332031
"954",-53.375,-75.0625,54.1718282106679,0.31573486328125,336.714111328125
"955",-53.375,-74.9375,61.6815060272479,0.052642822265625,363.713043212891
"956",-53.375,-74.8125,73.9313473345628,0.005645751953125,417.211059570312
"957",-53.375,-74.6875,89.6648202398021,0.00634765625,418.942352294922
"958",-53.375,-74.5625,69.4985381344715,0.0172119140625,333.277374267578
"959",-53.375,-74.4375,72.3154039975613,0.19500732421875,418.880615234375
"960",-53.375,-74.3125,114.740314476985,0.09478759765625,422.014831542969
"961",-53.375,-74.1875,103.083352800553,0.043670654296875,415.224365234375
"962",-53.375,-74.0625,66.8553873697917,0.337646484375,245.191131591797
"963",-53.375,-73.9375,31.3634779188368,21.8382568359375,36.7762756347656
"964",-53.375,-73.4375,323.625462849935,13.2741088867188,392.080322265625
"965",-53.375,-73.3125,35.0730460030692,6.19815063476562,95.2780151367188
"966",-53.375,-73.1875,124.52961102654,48.0522766113281,390.606384277344
"967",-53.375,-73.0625,47.9014078776042,47.2390747070312,48.8623046875
"968",-53.375,-72.8125,42.1352844238281,42.1352844238281,42.1352844238281
"969",-53.375,-72.6875,112.268194580078,42.8080749511719,374.416809082031
"970",-53.125,-76.5625,82.3376986933689,0.374908447265625,318.100799560547
"971",-53.125,-76.4375,64.7535714455021,0.011444091796875,322.216217041016
"972",-53.125,-76.3125,56.9235296889666,0.0006103515625,452.131378173828
"973",-53.125,-76.1875,62.5849891812754,0.02490234375,465.584777832031
"974",-53.125,-76.0625,46.9589242855308,0.01361083984375,458.626922607422
"975",-53.125,-75.9375,48.7064367299819,0.045166015625,432.852600097656
"976",-53.125,-75.8125,50.8525397406684,0.16497802734375,419.643310546875
"977",-53.125,-75.6875,38.6398326161144,0.01397705078125,326.958831787109
"978",-53.125,-75.5625,61.4202527497944,0.1202392578125,331.687072753906
"979",-53.125,-75.4375,48.5491191196595,0.0347900390625,386.398132324219
"980",-53.125,-75.3125,50.8716257630152,0.27386474609375,410.246459960938
"981",-53.125,-75.1875,69.4162716542709,0.0958251953125,419.540924072266
"982",-53.125,-75.0625,56.0294925381123,0.006439208984375,234.591766357422
"983",-53.125,-74.9375,55.6559355283353,0.08013916015625,358.916595458984
"984",-53.125,-74.8125,69.5428673676337,0.012237548828125,361.849517822266
"985",-53.125,-74.6875,72.9782632411211,0.0374755859375,327.147338867188
"986",-53.125,-74.5625,74.7975798180355,0.000732421875,320.015563964844
"987",-53.125,-74.4375,73.0157919060694,0.679473876953125,409.881317138672
"988",-53.125,-74.3125,89.418794631958,0.035247802734375,406.94921875
"989",-53.125,-74.1875,161.532468228727,0.587127685546875,403.903747558594
"990",-53.125,-73.9375,30.0177307128906,30.0177307128906,30.0177307128906
"991",-53.125,-73.4375,390.937637329102,385.959320068359,395.530914306641
"992",-53.125,-73.3125,326.341735839844,29.3473205566406,401.816314697266
"993",-53.125,-73.1875,380.417639838325,366.707489013672,389.991638183594
"994",-53.125,-72.8125,40.6606628417969,38.6345825195312,43.1904602050781
"995",-52.875,-76.6875,86.7336706631425,0.4312744140625,221.818054199219
"996",-52.875,-76.5625,73.6214123287716,0.60528564453125,252.753692626953
"997",-52.875,-76.4375,52.2923799597699,0.070953369140625,169.676239013672
"998",-52.875,-76.3125,48.5907779300914,0.0723876953125,471.1630859375
"999",-52.875,-76.1875,56.0048377738351,0.01531982421875,462.323028564453
"1000",-52.875,-76.0625,32.7958347247197,0.0411376953125,413.037384033203
"1001",-52.875,-75.9375,30.2109145990369,0.03778076171875,400.206573486328
"1002",-52.875,-75.8125,40.9333739362444,0.0008544921875,349.678833007812
"1003",-52.875,-75.6875,50.1951983127448,0.05328369140625,340.567108154297
"1004",-52.875,-75.5625,47.1520510073061,0.02130126953125,184.940979003906
"1005",-52.875,-75.4375,53.9596534310861,0.1319580078125,385.164428710938
"1006",-52.875,-75.3125,50.5732096354167,0.019989013671875,217.046905517578
"1007",-52.875,-75.1875,74.1661269609318,0.325042724609375,426.996978759766
"1008",-52.875,-75.0625,55.8309421189975,0.156524658203125,258.334747314453
"1009",-52.875,-74.9375,60.6200514862327,0.046112060546875,344.146453857422
"1010",-52.875,-74.8125,63.612141310701,0.039581298828125,354.647369384766
"1011",-52.875,-74.6875,77.4133087551978,0.09735107421875,362.464599609375
"1012",-52.875,-74.5625,70.8937394068791,0.075775146484375,361.401977539062
"1013",-52.875,-74.4375,5.40015106201172,0.08648681640625,30.0113220214844
"1014",-52.875,-73.3125,407.035943603516,399.976440429688,413.410980224609
"1015",-52.875,-73.1875,378.592391967773,366.033020019531,382.970855712891
"1016",-52.875,-72.9375,35.9065322875977,33.8872375488281,37.343017578125
"1017",-52.875,-72.8125,38.6021118164062,37.6697998046875,39.534423828125
"1018",-52.625,-76.8125,106.770632425944,6.84490966796875,272.804351806641
"1019",-52.625,-76.6875,148.096799779821,1.6097412109375,276.761657714844
"1020",-52.625,-76.5625,72.4923478714143,0.29107666015625,241.749694824219
"1021",-52.625,-76.4375,45.659162107087,0.037261962890625,192.262847900391
"1022",-52.625,-76.3125,46.4750197340802,0.047332763671875,473.955841064453
"1023",-52.625,-76.1875,53.8867413133875,0.0146484375,462.178009033203
"1024",-52.625,-76.0625,33.8015840797518,0.08209228515625,457.193237304688
"1025",-52.625,-75.9375,24.0885808199144,0.05755615234375,447.291900634766
"1026",-52.625,-75.8125,26.1878017243885,0.00933837890625,345.639892578125
"1027",-52.625,-75.6875,53.8938560356528,0.00152587890625,410.541870117188
"1028",-52.625,-75.5625,56.9510271304122,0.03240966796875,411.248199462891
"1029",-52.625,-75.4375,37.3376122743655,0.00146484375,371.748168945312
"1030",-52.625,-75.3125,56.2669477360953,0.2677001953125,310.07958984375
"1031",-52.625,-75.1875,82.7010144614894,0.00311279296875,448.425140380859
"1032",-52.625,-75.0625,67.1445658179661,0.05950927734375,324.604858398438
"1033",-52.625,-74.9375,52.5185775371513,0.031158447265625,316.351257324219
"1034",-52.625,-74.8125,71.7675704413037,0.02301025390625,365.663940429688
"1035",-52.625,-74.6875,73.4865451467019,0.069580078125,375.893035888672
"1036",-52.625,-74.5625,67.0638912140377,0.047088623046875,370.487365722656
"1037",-52.625,-74.4375,2.8145751953125,1.05599975585938,5.36959838867188
"1038",-52.625,-72.9375,31.228520711263,29.3190002441406,33.10888671875
"1039",-52.375,-76.6875,114.421521105085,0.643768310546875,274.694396972656
"1040",-52.375,-76.5625,68.9620069776263,0.160186767578125,230.382507324219
"1041",-52.375,-76.4375,43.0121041243774,0.08355712890625,203.83903503418
"1042",-52.375,-76.3125,48.0118136668768,0.071197509765625,471.348571777344
"1043",-52.375,-76.1875,51.5804739706542,0.00543212890625,459.905059814453
"1044",-52.375,-76.0625,29.1673193945099,0.00042724609375,452.141693115234
"1045",-52.375,-75.9375,24.9897550610004,0.0250244140625,445.340240478516
"1046",-52.375,-75.8125,16.0671235481195,0.00439453125,416.955413818359
"1047",-52.375,-75.6875,36.1819507189033,0.0037841796875,425.166595458984
"1048",-52.375,-75.5625,70.6603523834407,0.6617431640625,417.640380859375
"1049",-52.375,-75.4375,33.9743871838188,0.09161376953125,382.877136230469
"1050",-52.375,-75.3125,61.5957897367932,0.15960693359375,469.885925292969
"1051",-52.375,-75.1875,95.7639291435719,0.60595703125,470.486999511719
"1052",-52.375,-75.0625,69.5150586993558,0.166595458984375,282.195129394531
"1053",-52.375,-74.9375,57.8259129936828,0.035003662109375,290.332977294922
"1054",-52.375,-74.8125,80.129672167497,0.040985107421875,316.312133789062
"1055",-52.375,-74.6875,87.3892587817278,0.056640625,377.67138671875
"1056",-52.375,-74.5625,117.053894317902,0.081329345703125,189.278427124023
"1057",-52.375,-74.4375,14.3974641498766,0.307403564453125,111.532073974609
"1058",-52.125,-76.8125,173.104295518663,35.2799682617188,222.053314208984
"1059",-52.125,-76.6875,100.812775861178,0.67779541015625,276.457244873047
"1060",-52.125,-76.5625,63.3650068333042,0.3748779296875,209.666564941406
"1061",-52.125,-76.4375,42.7296557048258,0.0308837890625,202.486129760742
"1062",-52.125,-76.3125,41.2573535945949,0.0069580078125,471.088104248047
"1063",-52.125,-76.1875,55.3281132402091,0.032470703125,471.145629882812
"1064",-52.125,-76.0625,33.2438414330576,0.03082275390625,464.151519775391
"1065",-52.125,-75.9375,19.1249394454355,0.0301513671875,462.107482910156
"1066",-52.125,-75.8125,13.7644305001178,0.0330810546875,405.701843261719
"1067",-52.125,-75.6875,25.622475643286,0.2635498046875,342.368103027344
"1068",-52.125,-75.5625,98.6370454890999,0.53912353515625,429.620086669922
"1069",-52.125,-75.4375,29.1032343431414,0.3201904296875,401.682373046875
"1070",-52.125,-75.3125,72.9261248039477,0.04705810546875,328.956970214844
"1071",-52.125,-75.1875,76.139946237636,0.428558349609375,253.601837158203
"1072",-52.125,-75.0625,63.2556735361655,0.087921142578125,280.829742431641
"1073",-52.125,-74.9375,61.2040568265048,0.0347900390625,328.825012207031
"1074",-52.125,-74.8125,83.0484674157729,0.06488037109375,327.878967285156
"1075",-52.125,-74.6875,93.5743649656122,0.30224609375,378.152618408203
"1076",-52.125,-74.5625,87.7433532714844,8.37374877929688,162.216583251953
"1077",-52.125,-74.4375,139.200888497489,130.622344970703,158.048553466797
"1078",-51.875,-76.8125,164.209478923253,1.32760620117188,239.371475219727
"1079",-51.875,-76.6875,100.260494490801,0.02728271484375,238.864334106445
"1080",-51.875,-76.5625,59.1720371399744,0.532318115234375,214.149230957031
"1081",-51.875,-76.4375,38.8724526577309,0.014404296875,182.752288818359
"1082",-51.875,-76.3125,36.8029649261735,0.019439697265625,461.541107177734
"1083",-51.875,-76.1875,60.8941107378319,0.03533935546875,476.515441894531
"1084",-51.875,-76.0625,39.0065135282629,0.026702880859375,473.850189208984
"1085",-51.875,-75.9375,35.9241986111273,0.0198974609375,462.626037597656
"1086",-51.875,-75.8125,13.8701040817916,0.00799560546875,272.222137451172
"1087",-51.875,-75.6875,23.7433609273392,0.0780029296875,330.052062988281
"1088",-51.875,-75.5625,94.8507748252467,0.39862060546875,433.816009521484
"1089",-51.875,-75.4375,35.7775247371119,0.2276611328125,397.257263183594
"1090",-51.875,-75.3125,82.7531597336612,4.0968017578125,318.326049804688
"1091",-51.875,-75.1875,73.18356935569,0.08795166015625,240.857727050781
"1092",-51.875,-75.0625,62.5963393735214,0.138641357421875,243.27229309082
"1093",-51.875,-74.9375,72.8899415861972,0.00836181640625,335.460571289062
"1094",-51.875,-74.8125,93.7200959897509,0.080047607421875,338.192352294922
"1095",-51.875,-74.6875,96.5150647980402,0.213409423828125,394.207489013672
"1096",-51.875,-74.5625,137.389293871428,11.103759765625,415.389221191406
"1097",-51.875,-74.4375,153.018814086914,153.018814086914,153.018814086914
"1098",-51.625,-76.8125,137.271408473744,0.526275634765625,264.921325683594
"1099",-51.625,-76.6875,99.9086027076776,0.772857666015625,247.960464477539
"1100",-51.625,-76.5625,55.9593031045815,0.18597412109375,210.737228393555
"1101",-51.625,-76.4375,33.3638356090104,0.043304443359375,175.389831542969
"1102",-51.625,-76.3125,36.1088639025418,0.02581787109375,454.575561523438
"1103",-51.625,-76.1875,56.7183710609264,0.001068115234375,474.950744628906
"1104",-51.625,-76.0625,39.9381568402564,0.0103759765625,475.970642089844
"1105",-51.625,-75.9375,41.6987677789504,0.0147705078125,461.509735107422
"1106",-51.625,-75.8125,17.7133599469762,0.0018310546875,432.341400146484
"1107",-51.625,-75.6875,11.3742341541109,0.03497314453125,103.836669921875
"1108",-51.625,-75.5625,140.017081451416,3.3543701171875,409.129150390625
"1109",-51.625,-75.4375,24.6956242517447,0.1563720703125,395.98388671875
"1110",-51.625,-75.3125,97.7799320077538,0.478240966796875,341.484619140625
"1111",-51.625,-75.1875,67.652870574212,0.09710693359375,243.35009765625
"1112",-51.625,-75.0625,71.8018983085201,0.628997802734375,215.0244140625
"1113",-51.625,-74.9375,96.5753222700478,0.11444091796875,344.616485595703
"1114",-51.625,-74.8125,92.968348809528,1.37765502929688,365.939880371094
"1115",-51.625,-74.6875,118.080454687377,0.157989501953125,370.2412109375
"1116",-51.625,-74.5625,105.538110351562,70.5895080566406,187.824584960938
"1117",-51.375,-76.9375,9.07710294903449,1.47723388671875,33.9255065917969
"1118",-51.375,-76.8125,141.113924462641,0.871185302734375,262.906829833984
"1119",-51.375,-76.6875,86.9703391552931,0.064239501953125,259.2470703125
"1120",-51.375,-76.5625,54.5540375665427,0.08807373046875,209.856460571289
"1121",-51.375,-76.4375,29.6563392896635,0.027130126953125,171.680526733398
"1122",-51.375,-76.3125,32.8687567353328,0.0078125,454.024200439453
"1123",-51.375,-76.1875,38.8030918504226,0.106903076171875,472.462341308594
"1124",-51.375,-76.0625,49.2241437088326,0.00469970703125,480.952880859375
"1125",-51.375,-75.9375,36.1411889502099,0.018463134765625,475.963684082031
"1126",-51.375,-75.8125,41.7136920687253,0.034912109375,475.234069824219
"1127",-51.375,-75.6875,37.6300523784799,0.067626953125,432.367492675781
"1128",-51.375,-75.5625,45.9961365919847,0.30853271484375,390.44873046875
"1129",-51.375,-75.4375,62.423178618809,0.865478515625,262.550903320312
"1130",-51.375,-75.3125,104.171300714666,0.2840576171875,346.677215576172
"1131",-51.375,-75.1875,61.4936029831035,0.30084228515625,245.450225830078
"1132",-51.375,-75.0625,82.9006067771279,1.28701782226562,305.883972167969
"1133",-51.375,-74.9375,107.656343653832,0.011322021484375,400.847900390625
"1134",-51.375,-74.8125,103.185941639166,0.417633056640625,385.504699707031
"1135",-51.375,-74.6875,100.66185583772,9.61367797851562,283.526550292969
"1136",-51.125,-76.9375,30.1931559244792,0.019683837890625,145.598968505859
"1137",-51.125,-76.8125,132.065520096925,0.2371826171875,264.487945556641
"1138",-51.125,-76.6875,83.3146480008176,0.72552490234375,250.153930664062
"1139",-51.125,-76.5625,48.0874505694343,0.029144287109375,213.228393554688
"1140",-51.125,-76.4375,27.5347295640007,0.050933837890625,144.577926635742
"1141",-51.125,-76.3125,33.6052426342447,0.00445556640625,450.906311035156
"1142",-51.125,-76.1875,33.5964499799952,0.01141357421875,452.676300048828
"1143",-51.125,-76.0625,40.35608629646,0.0164794921875,486.529907226562
"1144",-51.125,-75.9375,47.913409666425,0.023223876953125,489.365417480469
"1145",-51.125,-75.8125,38.3790366159887,0.0325927734375,474.685028076172
"1146",-51.125,-75.6875,37.4893484115601,0.0999755859375,442.253204345703
"1147",-51.125,-75.5625,35.783518645723,0.68829345703125,86.3976745605469
"1148",-51.125,-75.4375,47.6031292609449,0.21588134765625,148.069274902344
"1149",-51.125,-75.3125,126.327623002985,0.80816650390625,373.955688476562
"1150",-51.125,-75.1875,76.9272260332441,2.0694580078125,243.770050048828
"1151",-51.125,-75.0625,78.9810538586275,0.1815185546875,300.776550292969
"1152",-51.125,-74.9375,103.55693354061,6.30123901367188,405.683837890625
"1153",-51.125,-74.8125,90.2399838918663,8.67913818359375,272.758483886719
"1154",-51.125,-74.6875,89.711141289605,35.1802978515625,264.803253173828
"1155",-50.875,-76.9375,87.812996497521,0.309722900390625,255.404266357422
"1156",-50.875,-76.8125,101.707717713313,0.07330322265625,262.621398925781
"1157",-50.875,-76.6875,77.5735639882153,0.05853271484375,226.478103637695
"1158",-50.875,-76.5625,44.3629554193943,0.221527099609375,210.108108520508
"1159",-50.875,-76.4375,27.0441525009121,0.017791748046875,200.86344909668
"1160",-50.875,-76.3125,28.6113525999571,0.009368896484375,97.9625244140625
"1161",-50.875,-76.1875,31.1825229286615,0.02008056640625,448.642395019531
"1162",-50.875,-76.0625,38.6633755560318,0.0050048828125,471.252685546875
"1163",-50.875,-75.9375,55.9593477071883,0.04229736328125,490.077880859375
"1164",-50.875,-75.8125,43.3722146288645,0.09857177734375,478.199676513672
"1165",-50.875,-75.6875,81.1334791430538,0.7301025390625,502.620758056641
"1166",-50.875,-75.5625,96.5427682913986,0.1295166015625,493.017242431641
"1167",-50.875,-75.4375,58.2505846525493,1.52606201171875,195.743896484375
"1168",-50.875,-75.3125,155.466178998555,2.2913818359375,380.847534179688
"1169",-50.875,-75.1875,96.8282256353469,26.7085571289062,244.762176513672
"1170",-50.875,-75.0625,71.459297106104,1.02175903320312,225.716125488281
"1171",-50.875,-74.9375,101.794829516521,4.4581298828125,296.858917236328
"1172",-50.875,-74.8125,98.3731777191162,6.38067626953125,201.23356628418
"1173",-50.625,-76.9375,127.929412841797,0.117401123046875,254.663619995117
"1174",-50.625,-76.8125,104.206089850799,0.2596435546875,256.769226074219
"1175",-50.625,-76.6875,74.1834406731762,0.141510009765625,227.601928710938
"1176",-50.625,-76.5625,42.1341894337388,0.0068359375,206.500854492188
"1177",-50.625,-76.4375,25.4771865274133,0.0516357421875,193.812942504883
"1178",-50.625,-76.3125,21.9435792107395,0.019287109375,87.2505187988281
"1179",-50.625,-76.1875,28.3737529793735,0.016143798828125,450.561431884766
"1180",-50.625,-76.0625,26.8624559601213,0.00018310546875,477.753143310547
"1181",-50.625,-75.9375,61.7805854356171,0.007781982421875,489.672882080078
"1182",-50.625,-75.8125,45.1956453607021,0.0079345703125,493.867828369141
"1183",-50.625,-75.6875,81.6083779335022,0.08087158203125,508.032196044922
"1184",-50.625,-75.5625,82.1030062866211,0.4044189453125,502.097137451172
"1185",-50.625,-75.4375,70.0005347706447,5.038818359375,443.545288085938
"1186",-50.625,-75.3125,172.714111328125,1.2364501953125,494.210906982422
"1187",-50.625,-75.1875,100.19242477417,36.8268127441406,247.995727539062
"1188",-50.625,-75.0625,85.2002928977789,0.36041259765625,249.778900146484
"1189",-50.625,-74.9375,103.358008813606,0.0452880859375,317.924224853516
"1190",-50.625,-74.8125,160.720093978079,25.0450439453125,273.457275390625
"1191",-50.375,-76.9375,97.7142365773519,0.113006591796875,242.265090942383
"1192",-50.375,-76.8125,107.883187507579,0.125091552734375,260.403228759766
"1193",-50.375,-76.6875,73.622265982945,0.1624755859375,236.003814697266
"1194",-50.375,-76.5625,41.3327709843443,0.0535888671875,218.886047363281
"1195",-50.375,-76.4375,24.6213962908873,0.095489501953125,192.252197265625
"1196",-50.375,-76.3125,19.4070538590744,0.003173828125,103.268920898438
"1197",-50.375,-76.1875,27.4119398979826,0.027984619140625,120.0703125
"1198",-50.375,-76.0625,25.9048398828181,0.012908935546875,456.732452392578
"1199",-50.375,-75.9375,63.006883888047,0.0001220703125,481.149383544922
"1200",-50.375,-75.8125,41.7429168539703,0.017242431640625,495.882385253906
"1201",-50.375,-75.6875,70.1291426693101,0.03875732421875,464.034454345703
"1202",-50.375,-75.5625,93.1991518924111,0.23272705078125,503.262298583984
"1203",-50.375,-75.4375,151.884540485886,4.22320556640625,510.155944824219
"1204",-50.375,-75.3125,251.00432456412,8.33502197265625,496.995208740234
"1205",-50.375,-75.1875,107.520634242467,39.6568603515625,280.554870605469
"1206",-50.375,-75.0625,90.6068089182784,25.8317260742188,261.252014160156
"1207",-50.375,-74.9375,103.285616152754,5.58230590820312,280.172607421875
"1208",-50.375,-74.8125,156.143977772106,23.5533752441406,276.826232910156
"1209",-50.375,-74.6875,173.212219238281,153.390289306641,189.893615722656
"1210",-50.125,-76.9375,73.7764350363294,0.426239013671875,254.55891418457
"1211",-50.125,-76.8125,97.7591869124856,0.22222900390625,261.042053222656
"1212",-50.125,-76.6875,76.2884614816462,0.09027099609375,245.626892089844
"1213",-50.125,-76.5625,43.4122153908197,0.08978271484375,221.247192382812
"1214",-50.125,-76.4375,23.3194963504107,0.023406982421875,213.049270629883
"1215",-50.125,-76.3125,17.5140813309578,0.014739990234375,93.5008239746094
"1216",-50.125,-76.1875,23.2344536685119,0.023590087890625,120.936096191406
"1217",-50.125,-76.0625,25.3656911098266,0.00836181640625,457.395690917969
"1218",-50.125,-75.9375,50.8070290097583,0.0013427734375,480.646453857422
"1219",-50.125,-75.8125,52.9050194945516,0.016448974609375,475.794342041016
"1220",-50.125,-75.6875,88.2094592674106,0.069793701171875,472.467559814453
"1221",-50.125,-75.5625,128.482947116428,2.5592041015625,463.318176269531
"1222",-50.125,-75.4375,171.093279608365,2.2413330078125,396.36474609375
"1223",-50.125,-75.3125,154.413230096726,37.7966003417969,438.646697998047
"1224",-50.125,-75.1875,119.527467961897,46.1042785644531,264.341491699219
"1225",-50.125,-75.0625,91.2323718600803,8.43255615234375,264.776947021484
"1226",-50.125,-74.9375,79.3726061652688,6.37692260742188,271.311279296875
"1227",-50.125,-74.8125,117.30017231786,25.3753356933594,181.683837890625
"1228",-49.875,-76.9375,97.8091091579861,1.64263916015625,260.340698242188
"1229",-49.875,-76.8125,103.054473414566,0.014923095703125,280.451080322266
"1230",-49.875,-76.6875,75.7703358422745,0.00445556640625,237.510757446289
"1231",-49.875,-76.5625,46.7372854665675,0.02532958984375,224.806488037109
"1232",-49.875,-76.4375,26.0018713540334,0.013641357421875,214.648864746094
"1233",-49.875,-76.3125,16.1968929870691,0.009613037109375,84.0924072265625
"1234",-49.875,-76.1875,20.3754448633585,0.026947021484375,122.926605224609
"1235",-49.875,-76.0625,27.5994905758271,0.08404541015625,146.274780273438
"1236",-49.875,-75.9375,44.2609424430783,0.031005859375,463.035949707031
"1237",-49.875,-75.8125,62.3001299195012,0.00799560546875,473.025543212891
"1238",-49.875,-75.6875,91.4620278206317,1.29031372070312,476.323638916016
"1239",-49.875,-75.5625,258.948572229456,2.02520751953125,472.603912353516
"1240",-49.875,-75.4375,154.753387451172,82.3182067871094,296.979309082031
"1241",-49.875,-75.3125,156.989247166833,30.14892578125,332.506225585938
"1242",-49.875,-75.1875,125.724909112005,27.8073120117188,257.066589355469
"1243",-49.875,-75.0625,96.0608093826859,12.5778503417969,256.446472167969
"1244",-49.875,-74.9375,78.9673522949219,37.9375305175781,167.414489746094
"1245",-49.875,-74.8125,113.030860452091,51.4879760742188,177.574584960938
"1246",-49.625,-76.9375,127.666114596039,0.04296875,259.514587402344
"1247",-49.625,-76.8125,97.0957094063436,0.596588134765625,271.301208496094
"1248",-49.625,-76.6875,77.9373296711815,0.488189697265625,236.385498046875
"1249",-49.625,-76.5625,48.1355310017234,0.040771484375,219.61003112793
"1250",-49.625,-76.4375,26.6376241745794,0.050628662109375,198.604187011719
"1251",-49.625,-76.3125,15.6056143560093,0.007965087890625,94.8892517089844
"1252",-49.625,-76.1875,19.4110981853228,0.042877197265625,78.4794006347656
"1253",-49.625,-76.0625,27.0670185667812,0.049896240234375,149.780181884766
"1254",-49.625,-75.9375,46.3236118682443,0.043060302734375,456.916656494141
"1255",-49.625,-75.8125,65.1616398837663,0.01483154296875,464.539764404297
"1256",-49.625,-75.6875,114.933496795924,0.072662353515625,467.782104492188
"1257",-49.625,-75.5625,306.949742635091,137.465850830078,417.388153076172
"1258",-49.625,-75.4375,121.885162353516,93.6305541992188,202.032318115234
"1259",-49.625,-75.3125,129.039651489258,48.7759399414062,263.955413818359
"1260",-49.625,-75.1875,110.514874516701,16.148681640625,292.861877441406
"1261",-49.625,-75.0625,98.2987467447917,39.5078430175781,242.619842529297
"1262",-49.625,-74.9375,150.87021891276,71.6426391601562,170.260375976562
"1263",-49.375,-76.9375,125.740273745005,2.82672119140625,263.084594726562
"1264",-49.375,-76.8125,101.513327560557,0.172821044921875,265.902740478516
"1265",-49.375,-76.6875,77.3277582788418,0.043609619140625,248.260925292969
"1266",-49.375,-76.5625,46.5736532833467,0.17523193359375,249.602523803711
"1267",-49.375,-76.4375,28.3124788770489,0.01617431640625,194.91276550293
"1268",-49.375,-76.3125,14.9553811281722,0.015045166015625,94.4654235839844
"1269",-49.375,-76.1875,13.5400765049112,0.084320068359375,68.3802795410156
"1270",-49.375,-76.0625,33.5877339599853,0.025665283203125,153.681121826172
"1271",-49.375,-75.9375,56.0880784222294,0.136627197265625,164.153717041016
"1272",-49.375,-75.8125,54.6279731876942,0.206024169921875,180.673675537109
"1273",-49.375,-75.6875,98.3387698364258,0.36932373046875,464.626983642578
"1274",-49.375,-75.5625,282.717000325521,79.3186645507812,463.578521728516
"1275",-49.375,-75.4375,187.647274780273,111.656951904297,382.830688476562
"1276",-49.375,-75.3125,114.979258219401,113.098175048828,116.482147216797
"1277",-49.375,-75.1875,112.558868408203,112.558868408203,112.558868408203
"1278",-49.375,-72.0625,6.447509765625,6.447509765625,6.447509765625
"1279",-49.375,-71.4375,43.46923828125,41.42822265625,45.51025390625
"1280",-49.375,-71.3125,17.84814453125,17.84814453125,17.84814453125
"1281",-49.125,-76.9375,116.77981196724,1.77752685546875,261.274383544922
"1282",-49.125,-76.8125,101.493256897486,0.03753662109375,259.484344482422
"1283",-49.125,-76.6875,77.4873407596694,0.108184814453125,259.193634033203
"1284",-49.125,-76.5625,46.8150479681109,0.10687255859375,242.151947021484
"1285",-49.125,-76.4375,28.7051225881866,0.010711669921875,191.15559387207
"1286",-49.125,-76.3125,14.2624060959112,0.0191650390625,90.2521362304688
"1287",-49.125,-76.1875,12.5179801185291,0.003204345703125,40.5355529785156
"1288",-49.125,-76.0625,21.5115945930155,0.01025390625,145.327850341797
"1289",-49.125,-75.9375,69.2804223095197,0.08721923828125,173.35595703125
"1290",-49.125,-75.8125,67.2839185420553,5.25616455078125,191.298217773438
"1291",-49.125,-75.6875,112.352808726918,6.95965576171875,462.727203369141
"1292",-49.125,-75.5625,352.781748062525,82.8919372558594,472.523193359375
"1293",-49.125,-75.4375,411.571765136719,381.503112792969,444.454040527344
"1294",-49.125,-75.1875,103.04175567627,51.7203979492188,169.865570068359
"1295",-49.125,-72.0625,3.3359375,1.456298828125,5.215576171875
"1296",-49.125,-71.9375,1.9119873046875,1.9119873046875,1.9119873046875
"1297",-49.125,-71.6875,7.944091796875,7.944091796875,7.944091796875
"1298",-49.125,-71.5625,24.2358842329545,8.22119140625,65.510498046875
"1299",-49.125,-71.4375,33.2440592447917,31.750244140625,36.171875
"1300",-49.125,-71.3125,21.2261555989583,18.02392578125,23.17138671875
"1301",-48.875,-76.9375,113.393781733216,0.347503662109375,263.049407958984
"1302",-48.875,-76.8125,113.228345012665,0.75665283203125,259.759613037109
"1303",-48.875,-76.6875,87.1588732325388,0.07196044921875,270.662963867188
"1304",-48.875,-76.5625,49.6002637889703,0.1055908203125,246.271820068359
"1305",-48.875,-76.4375,27.5644392294827,0.019287109375,189.555877685547
"1306",-48.875,-76.3125,15.2245993560215,0.015777587890625,85.3615417480469
"1307",-48.875,-76.1875,11.3682847824772,0.0252685546875,37.351806640625
"1308",-48.875,-76.0625,22.7408810450026,0.2979736328125,76.6343688964844
"1309",-48.875,-75.9375,63.386603748347,0.055938720703125,155.280334472656
"1310",-48.875,-75.8125,74.6829044694403,2.29824829101562,173.009948730469
"1311",-48.875,-75.6875,242.082460600754,112.149322509766,461.614990234375
"1312",-48.875,-75.5625,324.45856552124,192.225921630859,478.727294921875
"1313",-48.875,-75.4375,406.784504940635,216.193328857422,483.249633789062
"1314",-48.875,-75.3125,395.53572845459,216.727203369141,479.402465820312
"1315",-48.875,-75.1875,292.6435163782,44.3183898925781,473.298675537109
"1316",-48.875,-75.0625,408.673016357422,326.322479248047,464.929718017578
"1317",-48.875,-72.0625,2.65262858072917,1.33349609375,3.6181640625
"1318",-48.875,-71.9375,0.524332682291667,0.2701416015625,0.66259765625
"1319",-48.875,-71.8125,17.2838745117188,15.7757568359375,18.7919921875
"1320",-48.875,-71.6875,14.8181559244792,14.0538330078125,15.796630859375
"1321",-48.875,-71.5625,28.6919642857143,9.56591796875,58.348876953125
"1322",-48.875,-71.4375,31.59716796875,29.016845703125,34.02490234375
"1323",-48.875,-71.3125,20.24619140625,15.4248046875,26.448974609375
"1324",-48.625,-76.9375,109.096406915215,0.087188720703125,272.657562255859
"1325",-48.625,-76.8125,112.065421362305,0.020233154296875,258.655700683594
"1326",-48.625,-76.6875,93.3128631191003,0.14007568359375,276.844818115234
"1327",-48.625,-76.5625,55.6004691187784,0.101043701171875,254.353637695312
"1328",-48.625,-76.4375,34.0097097833473,0.014495849609375,188.489700317383
"1329",-48.625,-76.3125,20.9662396530878,0.098052978515625,173.82063293457
"1330",-48.625,-76.1875,11.3746167351218,0.030487060546875,81.9701232910156
"1331",-48.625,-76.0625,11.4848513093805,0.006805419921875,75.020263671875
"1332",-48.625,-75.9375,56.6678044128418,0.801239013671875,136.124298095703
"1333",-48.625,-75.8125,81.3613952636719,24.9053039550781,122.438079833984
"1334",-48.625,-75.6875,299.129565284366,166.743591308594,459.047454833984
"1335",-48.625,-75.5625,324.166431971959,148.425384521484,462.929565429688
"1336",-48.625,-75.4375,385.382026672363,151.069183349609,481.595642089844
"1337",-48.625,-75.3125,349.566923483824,118.069183349609,483.054870605469
"1338",-48.625,-75.1875,329.839388640031,73.8649291992188,479.200378417969
"1339",-48.625,-75.0625,443.841979980469,356.031616210938,474.551147460938
"1340",-48.625,-74.9375,462.209503173828,458.419952392578,465.999053955078
"1341",-48.625,-72.1875,1.3665771484375,1.3665771484375,1.3665771484375
"1342",-48.625,-72.0625,3.95733642578125,3.6502685546875,4.264404296875
"1343",-48.625,-71.9375,3.15873209635417,0.43603515625,13.9420166015625
"1344",-48.625,-71.8125,12.4181640625,6.49658203125,20.7904052734375
"1345",-48.625,-71.6875,15.7141557173295,5.909912109375,27.3843994140625
"1346",-48.625,-71.5625,20.7872009277344,0.14697265625,57.1751708984375
"1347",-48.625,-71.4375,39.0437360491071,5.82421875,53.192138671875
"1348",-48.625,-71.3125,20.6023763020833,13.77978515625,27.704345703125
"1349",-48.375,-76.9375,113.101375011688,1.5343017578125,268.667816162109
"1350",-48.375,-76.8125,118.511364504921,0.0086669921875,259.191131591797
"1351",-48.375,-76.6875,95.4766753029689,0.00885009765625,272.423187255859
"1352",-48.375,-76.5625,60.2404735163066,0.048675537109375,272.498321533203
"1353",-48.375,-76.4375,39.8079317007492,0.05963134765625,276.384735107422
"1354",-48.375,-76.3125,21.8996849437751,0.021148681640625,169.399261474609
"1355",-48.375,-76.1875,12.4475629740748,0.05615234375,162.597763061523
"1356",-48.375,-76.0625,12.9233565763994,0.26397705078125,85.0133972167969
"1357",-48.375,-75.9375,70.297566545119,3.69827270507812,120.055999755859
"1358",-48.375,-75.8125,80.4202972412109,47.8876647949219,104.945892333984
"1359",-48.375,-75.6875,447.163024902344,447.163024902344,447.163024902344
"1360",-48.375,-75.5625,440.561620076497,433.057495117188,463.020263671875
"1361",-48.375,-75.4375,427.556928846571,386.154113769531,452.786926269531
"1362",-48.375,-75.3125,432.267868041992,389.954284667969,469.858764648438
"1363",-48.375,-75.1875,459.472419045188,386.996185302734,489.838806152344
"1364",-48.375,-75.0625,488.034637451172,488.034637451172,488.034637451172
"1365",-48.375,-74.9375,468.978511265346,463.229217529297,473.893981933594
"1366",-48.375,-72.1875,106.860107421875,0.27734375,142.642700195312
"1367",-48.375,-72.0625,2.82574462890625,0.240234375,5.7843017578125
"1368",-48.375,-71.9375,15.3049531824449,3.7412109375,51.7838134765625
"1369",-48.375,-71.8125,32.8499633789063,0.037109375,81.6695556640625
"1370",-48.375,-71.6875,23.4338272758152,2.220458984375,62.5484619140625
"1371",-48.375,-71.5625,16.2731774371603,1.08544921875,33.424072265625
"1372",-48.375,-71.4375,47.4774305555556,13.43603515625,59
"1373",-48.375,-71.3125,18.5775960286458,10.651611328125,25.89306640625
"1374",-48.125,-76.9375,111.651998534683,1.3546142578125,260.648742675781
"1375",-48.125,-76.8125,130.744808665115,0.06292724609375,276.466217041016
"1376",-48.125,-76.6875,102.459782138278,0.1976318359375,260.497039794922
"1377",-48.125,-76.5625,61.4163491005121,0.052825927734375,306.216613769531
"1378",-48.125,-76.4375,43.1171925906591,0.00738525390625,322.269348144531
"1379",-48.125,-76.3125,22.0701568640915,0.0313720703125,185.639587402344
"1380",-48.125,-76.1875,12.6212753581109,0.013519287109375,155.648986816406
"1381",-48.125,-76.0625,9.61149124948602,0.00531005859375,21.0890502929688
"1382",-48.125,-75.9375,8.39414469401042,7.39834594726562,9.20663452148438
"1383",-48.125,-75.8125,55.9741287231445,53.5052795410156,57.7278137207031
"1384",-48.125,-75.4375,454.531158447266,453.877258300781,455.291107177734
"1385",-48.125,-75.3125,422.430733816964,390.644134521484,446.51123046875
"1386",-48.125,-75.1875,432.855781956723,332.900573730469,480.261474609375
"1387",-48.125,-75.0625,447.77633327908,309.872772216797,485.710968017578
"1388",-48.125,-74.9375,471.282940673828,470.253356933594,471.832733154297
"1389",-48.125,-74.8125,466.654388427734,466.654388427734,466.654388427734
"1390",-48.125,-72.3125,8.53564453125,7.02655029296875,10.0447387695312
"1391",-48.125,-72.1875,156.413126627604,149.332885742188,162.836547851562
"1392",-48.125,-72.0625,0.975301106770833,0.125732421875,2.5963134765625
"1393",-48.125,-71.9375,31.5472564697266,0.1728515625,84.9423828125
"1394",-48.125,-71.8125,24.399857370477,0.58251953125,58.4161376953125
"1395",-48.125,-71.6875,20.2621244542739,0.618408203125,55.9722900390625
"1396",-48.125,-71.5625,21.5542103160511,0.23876953125,57.193603515625
"1397",-48.125,-71.4375,29.8301478794643,0.80322265625,53.254150390625
"1398",-48.125,-71.3125,26.658935546875,26.658935546875,26.658935546875
"1399",-47.875,-76.9375,120.256957810925,0.658721923828125,267.039337158203
"1400",-47.875,-76.8125,127.16700229749,0.22039794921875,279.640197753906
"1401",-47.875,-76.6875,99.3408262368151,0.098968505859375,256.512481689453
"1402",-47.875,-76.5625,65.6184335826835,0.114044189453125,302.054351806641
"1403",-47.875,-76.4375,50.655088782212,0.007904052734375,319.321746826172
"1404",-47.875,-76.3125,22.5580898559719,0.0159912109375,194.714950561523
"1405",-47.875,-76.1875,12.8336901907193,0.210052490234375,155.747314453125
"1406",-47.875,-76.0625,8.73966362237105,0.056854248046875,21.9213562011719
"1407",-47.875,-75.3125,447.507736206055,416.081451416016,459.068572998047
"1408",-47.875,-75.1875,416.063781738281,387.955810546875,444.813598632812
"1409",-47.875,-75.0625,429.091513497489,323.910369873047,478.820495605469
"1410",-47.875,-74.9375,465.852144029405,395.593109130859,475.321960449219
"1411",-47.875,-74.8125,467.329254150391,465.143371582031,468.550384521484
"1412",-47.875,-72.3125,6.6634521484375,4.0745849609375,8.30621337890625
"1413",-47.875,-72.1875,62.2660522460938,2.38037109375,160.820251464844
"1414",-47.875,-72.0625,38.4186859130859,0.139892578125,78.2152099609375
"1415",-47.875,-71.9375,16.47861328125,0.7587890625,77.979736328125
"1416",-47.875,-71.8125,23.2282262731481,0.233154296875,64.1248779296875
"1417",-47.875,-71.6875,18.6489592907475,0.072998046875,53.2197265625
"1418",-47.875,-71.5625,19.517286217731,0.288818359375,57.687744140625
"1419",-47.875,-71.4375,21.7913411458333,0.291748046875,54.15087890625
"1420",-47.875,-71.3125,0.467529296875,0.467529296875,0.467529296875
"1421",-47.625,-76.9375,109.771285312628,0.56536865234375,269.627777099609
"1422",-47.625,-76.8125,131.291345769709,0.155120849609375,279.416717529297
"1423",-47.625,-76.6875,103.161370392097,0.18450927734375,255.0615234375
"1424",-47.625,-76.5625,66.160930004968,0.095947265625,299.341217041016
"1425",-47.625,-76.4375,49.4062490857082,0.06561279296875,317.90625
"1426",-47.625,-76.3125,28.8450462994235,0.135833740234375,198.64387512207
"1427",-47.625,-76.1875,15.0538831575146,0.1357421875,156.656188964844
"1428",-47.625,-76.0625,9.43212534215328,0.065460205078125,20.6211853027344
"1429",-47.625,-75.3125,428.632827758789,428.049133300781,429.216522216797
"1430",-47.625,-75.1875,418.908238728841,409.241058349609,428.973297119141
"1431",-47.625,-75.0625,405.248265193059,309.940399169922,485.383361816406
"1432",-47.625,-74.9375,460.793365478516,410.959106445312,479.755859375
"1433",-47.625,-72.3125,7.98269653320312,7.89959716796875,8.0657958984375
"1434",-47.625,-72.1875,49.5182067871094,1.1546630859375,145.273071289062
"1435",-47.625,-72.0625,16.6687370749081,0.287841796875,81.4794921875
"1436",-47.625,-71.9375,20.6290256076389,0.0013427734375,70.6201171875
"1437",-47.625,-71.8125,16.4167829241071,0.10546875,57.7955322265625
"1438",-47.625,-71.6875,21.671703197338,2.84130859375,51.135009765625
"1439",-47.625,-71.5625,28.6768157441737,0.0859375,104.494873046875
"1440",-47.625,-71.4375,10.7165902944712,1.03564453125,20.336181640625
"1441",-47.625,-71.3125,2.0147705078125,1.544921875,2.484619140625
"1442",-47.375,-76.9375,125.791130436791,0.115386962890625,271.388275146484
"1443",-47.375,-76.8125,113.524805569214,0.12591552734375,283.481292724609
"1444",-47.375,-76.6875,93.9314966177841,0.25738525390625,287.628326416016
"1445",-47.375,-76.5625,71.14674079943,0.129302978515625,302.221588134766
"1446",-47.375,-76.4375,53.1113671356777,0.0701904296875,312.772644042969
"1447",-47.375,-76.3125,31.9687181268992,0.02520751953125,199.959030151367
"1448",-47.375,-76.1875,17.3337061975581,0.042083740234375,182.555435180664
"1449",-47.375,-76.0625,8.19009381248837,0.209197998046875,18.2783813476562
"1450",-47.375,-75.3125,437.268501281738,435.923492431641,438.841979980469
"1451",-47.375,-75.1875,446.261850291285,385.251617431641,468.506469726562
"1452",-47.375,-75.0625,402.448356628418,362.886291503906,449.459930419922
"1453",-47.375,-74.9375,414.125026702881,317.137573242188,439.814300537109
"1454",-47.375,-74.8125,428.686335972377,425.758850097656,431.855163574219
"1455",-47.375,-72.3125,28.688466389974,1.890625,136.074340820312
"1456",-47.375,-72.1875,32.786181640625,1.1453857421875,137.25
"1457",-47.375,-72.0625,30.9536301185345,0.0313720703125,73.44775390625
"1458",-47.375,-71.9375,21.1235700334821,0.3155517578125,72.755859375
"1459",-47.375,-71.8125,24.5022741866438,0.023681640625,97.253662109375
"1460",-47.375,-71.6875,21.2746455751616,1.426025390625,90.814208984375
"1461",-47.375,-71.5625,30.9859800947473,0.022705078125,106.63720703125
"1462",-47.375,-71.4375,9.24820963541667,0.429443359375,21.83544921875
"1463",-47.375,-71.3125,2.320556640625,0.43408203125,4.498291015625
"1464",-47.125,-76.9375,127.136908417815,1.69674682617188,281.430267333984
"1465",-47.125,-76.8125,121.293736547051,0.02752685546875,287.947265625
"1466",-47.125,-76.6875,98.1395074771001,0.276702880859375,289.03662109375
"1467",-47.125,-76.5625,75.6495767967662,0.148590087890625,305.719146728516
"1468",-47.125,-76.4375,69.1023609512185,0.012359619140625,320.546356201172
"1469",-47.125,-76.3125,33.383986126935,0.007080078125,204.857025146484
"1470",-47.125,-76.1875,18.7512289504767,0.11865234375,210.082275390625
"1471",-47.125,-76.0625,15.0953784741853,0.1407470703125,282.11376953125
"1472",-47.125,-75.9375,228.440808105469,226.658157348633,231.075897216797
"1473",-47.125,-75.1875,406.99048614502,392.167205810547,422.724914550781
"1474",-47.125,-75.0625,350.244517008464,282.11083984375,456.198883056641
"1475",-47.125,-74.9375,346.478352864583,277.540100097656,380.947479248047
"1476",-47.125,-74.8125,414.34775390625,395.453094482422,427.957458496094
"1477",-47.125,-74.6875,421.450347900391,420.258483886719,423.301239013672
"1478",-47.125,-74.5625,422.498641967773,422.341918945312,422.655364990234
"1479",-47.125,-74.4375,422.225387573242,421.959838867188,422.490936279297
"1480",-47.125,-72.4375,96.11083984375,96.0899047851562,96.1317749023438
"1481",-47.125,-72.3125,61.864673614502,2.673095703125,142.246276855469
"1482",-47.125,-72.1875,24.662121000744,5.1990966796875,74.0179443359375
"1483",-47.125,-72.0625,23.1932918003627,0.10302734375,85.2139892578125
"1484",-47.125,-71.9375,26.9032032587757,0.061767578125,88.58154296875
"1485",-47.125,-71.8125,28.1484646267361,0.1268310546875,127.5244140625
"1486",-47.125,-71.6875,29.5704911826313,1.14013671875,91.25537109375
"1487",-47.125,-71.5625,29.4994804186699,0.47216796875,105.31103515625
"1488",-47.125,-71.4375,4.75485568576389,0.637451171875,16.7119140625
"1489",-47.125,-71.3125,1.333740234375,0.200439453125,2.16552734375
"1490",-46.875,-76.9375,113.91287929911,0.444305419921875,288.241790771484
"1491",-46.875,-76.8125,121.325726162735,0.163665771484375,290.318145751953
"1492",-46.875,-76.6875,100.463931540305,0.07879638671875,290.477081298828
"1493",-46.875,-76.5625,74.6835507113208,0.168426513671875,303.448577880859
"1494",-46.875,-76.4375,65.7725625424402,0.052337646484375,317.87841796875
"1495",-46.875,-76.3125,31.8157660499415,0.009979248046875,316.600952148438
"1496",-46.875,-76.1875,24.7831699146944,0.03143310546875,263.145324707031
"1497",-46.875,-76.0625,60.4602090662176,0.05096435546875,336.600280761719
"1498",-46.875,-75.9375,133.547985985166,3.664794921875,228.0673828125
"1499",-46.875,-75.0625,295.300775527954,255.116302490234,455.563598632812
"1500",-46.875,-74.9375,395.214332580566,364.535949707031,456.681640625
"1501",-46.875,-74.8125,434.209798177083,392.357421875,455.808502197266
"1502",-46.875,-74.6875,422.028747558594,422.028747558594,422.028747558594
"1503",-46.875,-74.5625,422.730255126953,422.730255126953,422.730255126953
"1504",-46.875,-74.4375,424.344833374023,422.824798583984,425.864868164062
"1505",-46.875,-72.6875,261.526916503906,261.526916503906,261.526916503906
"1506",-46.875,-72.5625,167.524993896484,85.4663696289062,249.583618164062
"1507",-46.875,-72.4375,77.3369471958705,26.7568359375,150.061401367188
"1508",-46.875,-72.3125,39.6514450599407,0.4796142578125,128.244018554688
"1509",-46.875,-72.1875,32.3350372314453,1.9547119140625,89.80078125
"1510",-46.875,-72.0625,26.928651936849,0.021728515625,87.5638427734375
"1511",-46.875,-71.9375,28.9143236243207,0.2294921875,111.989624023438
"1512",-46.875,-71.8125,27.1425682005843,0.103271484375,121.689208984375
"1513",-46.875,-71.6875,32.0140101841518,0.54443359375,90.989990234375
"1514",-46.875,-71.5625,23.521979437934,0.244140625,99.437744140625
"1515",-46.875,-71.4375,5.3880615234375,0.057373046875,11.714599609375
"1516",-46.875,-71.1875,2.5765380859375,2.461181640625,2.69189453125
"1517",-46.625,-76.9375,109.515478981866,0.13299560546875,292.627899169922
"1518",-46.625,-76.8125,119.321494246328,0.27276611328125,293.263610839844
"1519",-46.625,-76.6875,102.726562722989,0.1995849609375,294.836761474609
"1520",-46.625,-76.5625,73.8871507329881,0.1041259765625,305.717224121094
"1521",-46.625,-76.4375,66.634666587211,0.0323486328125,312.663635253906
"1522",-46.625,-76.3125,38.7357654740325,0.01922607421875,321.339996337891
"1523",-46.625,-76.1875,22.0777990462932,0.1051025390625,260.666442871094
"1524",-46.625,-76.0625,29.4599572021484,0.039703369140625,342.465301513672
"1525",-46.625,-75.9375,98.1763779489618,1.76889038085938,202.669570922852
"1526",-46.625,-75.0625,312.834106445312,312.834106445312,312.834106445312
"1527",-46.625,-74.9375,365.962145996094,291.579223632812,427.289886474609
"1528",-46.625,-74.8125,443.651070731027,373.669158935547,464.425720214844
"1529",-46.625,-74.6875,317.239608764648,303.997680664062,332.108703613281
"1530",-46.625,-74.4375,421.037612915039,416.438629150391,425.636596679688
"1531",-46.625,-74.3125,10.1415812174479,8.57699584960938,11.3997802734375
"1532",-46.625,-73.5625,10.6322283063616,7.23056030273438,13.7071838378906
"1533",-46.625,-72.6875,212.142639160156,185.555847167969,252.821716308594
"1534",-46.625,-72.5625,88.0553635817308,20.0822143554688,146.155456542969
"1535",-46.625,-72.4375,53.1989237467448,3.3980712890625,146.658386230469
"1536",-46.625,-72.3125,27.7398307955995,0.3458251953125,84.25439453125
"1537",-46.625,-72.1875,43.806630859375,0.1837158203125,88.930419921875
"1538",-46.625,-72.0625,30.7742966871995,0.1328125,91.9993896484375
"1539",-46.625,-71.9375,29.2694697996386,0.0830078125,113.687255859375
"1540",-46.625,-71.8125,27.9595547762784,0.423583984375,83.791748046875
"1541",-46.625,-71.6875,37.145168138587,0.03076171875,105.012451171875
"1542",-46.625,-71.5625,18.8183263830236,0.2255859375,89.814208984375
"1543",-46.625,-71.4375,7.81583658854167,5.005126953125,14.207275390625
"1544",-46.625,-71.3125,1.06013997395833,0.345947265625,2.187255859375
"1545",-46.375,-76.9375,108.204740543955,0.966827392578125,297.127563476562
"1546",-46.375,-76.8125,117.120334764806,0.042755126953125,297.778564453125
"1547",-46.375,-76.6875,95.9708585345728,0.051361083984375,299.679016113281
"1548",-46.375,-76.5625,75.7669652088268,0.053863525390625,308.158660888672
"1549",-46.375,-76.4375,61.8996242902403,0.071441650390625,316.029907226562
"1550",-46.375,-76.3125,40.6410093521232,0.067962646484375,327.051330566406
"1551",-46.375,-76.1875,29.2886570292308,0.166412353515625,327.234191894531
"1552",-46.375,-76.0625,36.7346745348241,0.055023193359375,340.287872314453
"1553",-46.375,-75.9375,57.4193749427795,1.0137939453125,279.918975830078
"1554",-46.375,-74.9375,287.27978515625,287.27978515625,287.27978515625
"1555",-46.375,-74.8125,372.530041503906,297.875183105469,440.911834716797
"1556",-46.375,-74.6875,268.921207004123,0.744842529296875,353.288757324219
"1557",-46.375,-74.4375,413.318725585938,413.318725585938,413.318725585938
"1558",-46.375,-74.3125,4.42172241210938,4.42172241210938,4.42172241210938
"1559",-46.375,-74.1875,2.09262847900391,0.97259521484375,2.845947265625
"1560",-46.375,-73.5625,5.39096069335938,4.89047241210938,5.89144897460938
"1561",-46.375,-72.8125,330.204027448382,169.109375,417.532470703125
"1562",-46.375,-72.6875,46.9615376790365,4.5145263671875,180.356994628906
"1563",-46.375,-72.5625,82.4770282247792,6.3106689453125,153.261596679688
"1564",-46.375,-72.4375,46.5134213765462,2.4830322265625,128.526245117188
"1565",-46.375,-72.3125,38.3566046246028,0.6500244140625,202.503173828125
"1566",-46.375,-72.1875,35.3289896647135,0.0537109375,85.5399169921875
"1567",-46.375,-72.0625,27.3228538623755,0.141845703125,111.914794921875
"1568",-46.375,-71.9375,25.0980357904544,0.0546875,109.20263671875
"1569",-46.375,-71.8125,24.6799415048927,0.106689453125,82.2354736328125
"1570",-46.375,-71.6875,30.304926945613,0.439697265625,98.533203125
"1571",-46.375,-71.5625,9.95025275735294,0.3642578125,91.830078125
"1572",-46.375,-71.4375,8.12956891741071,1.223388671875,14.78271484375
"1573",-46.375,-71.3125,15.3639322916667,0.741455078125,41.968994140625
"1574",-46.125,-76.9375,108.557624264767,0.660003662109375,302.527435302734
"1575",-46.125,-76.8125,118.429821199734,0.508331298828125,303.478668212891
"1576",-46.125,-76.6875,91.0213324582135,0.06622314453125,305.231842041016
"1577",-46.125,-76.5625,68.5771152641575,0.010528564453125,311.611694335938
"1578",-46.125,-76.4375,64.3046736005003,0.021484375,323.633056640625
"1579",-46.125,-76.3125,45.5041378109775,0.032257080078125,325.773742675781
"1580",-46.125,-76.1875,27.1695612415693,0.020294189453125,325.251434326172
"1581",-46.125,-76.0625,30.7695298680719,0.06573486328125,340.029174804688
"1582",-46.125,-75.9375,90.1532204182943,0.231689453125,291.436065673828
"1583",-46.125,-74.8125,370.493579101562,322.242156982422,444.798278808594
"1584",-46.125,-74.6875,155.296678331163,0.07965087890625,350.300537109375
"1585",-46.125,-74.5625,57.6104431152344,0.890350341796875,278.294982910156
"1586",-46.125,-74.3125,8.57403564453125,8.30780029296875,8.84027099609375
"1587",-46.125,-74.1875,3.20883178710938,0.5697021484375,5.79119873046875
"1588",-46.125,-74.0625,8.02838134765625,7.56436157226562,8.49240112304688
"1589",-46.125,-73.5625,4.0442374093192,1.7186279296875,7.69830322265625
"1590",-46.125,-73.1875,3.7080078125,3.7080078125,3.7080078125
"1591",-46.125,-73.0625,8.81778971354167,7.0194091796875,12.1787719726562
"1592",-46.125,-72.9375,4.90340169270833,3.6246337890625,6.86737060546875
"1593",-46.125,-72.8125,137.418334960938,0.40423583984375,424.442260742188
"1594",-46.125,-72.6875,50.6275458702674,0.0439453125,98.713623046875
"1595",-46.125,-72.5625,65.5438497291421,0.168212890625,160.501403808594
"1596",-46.125,-72.4375,43.8991675967262,0.4908447265625,131.703735351562
"1597",-46.125,-72.3125,51.7617701480263,0.2994384765625,201.222290039062
"1598",-46.125,-72.1875,22.5427490234375,0.1414794921875,73.2451171875
"1599",-46.125,-72.0625,26.7019470524667,0.1103515625,115.531860351562
"1600",-46.125,-71.9375,24.3171255145958,0.110107421875,110.039794921875
"1601",-46.125,-71.8125,30.1827566964286,0.048828125,102.041259765625
"1602",-46.125,-71.6875,16.8817767518939,0.3330078125,97.67041015625
"1603",-46.125,-71.5625,12.7950032552083,2.3095703125,42.39794921875
"1604",-46.125,-71.4375,33.764404296875,16.634521484375,45.867431640625
"1605",-45.875,-76.9375,115.145196780643,2.3734130859375,309.149475097656
"1606",-45.875,-76.8125,120.545025609706,0.040008544921875,311.710083007812
"1607",-45.875,-76.6875,83.9457874551614,0.100311279296875,312.198547363281
"1608",-45.875,-76.5625,63.6305160399207,0.01043701171875,321.164672851562
"1609",-45.875,-76.4375,61.9664639228687,0.008270263671875,324.637756347656
"1610",-45.875,-76.3125,62.812541977986,0.01922607421875,327.200744628906
"1611",-45.875,-76.1875,40.6324599436268,0.02813720703125,322.954528808594
"1612",-45.875,-76.0625,41.8074050619316,0.0418701171875,339.208862304688
"1613",-45.875,-75.9375,79.2754190909762,0.7835693359375,307.365020751953
"1614",-45.875,-75.8125,285.410634358724,243.544036865234,307.569519042969
"1615",-45.875,-74.8125,121.151031494141,0.41058349609375,418.395965576172
"1616",-45.875,-74.6875,1.58567301432292,0.171173095703125,4.58560180664062
"1617",-45.875,-74.5625,192.155848693848,0.11456298828125,393.920928955078
"1618",-45.875,-74.4375,4.46998596191406,3.87713623046875,5.06283569335938
"1619",-45.875,-74.3125,7.88686116536458,6.15676879882812,10.6667785644531
"1620",-45.875,-74.1875,3.2961680094401,1.52658081054688,4.8734130859375
"1621",-45.875,-74.0625,2.66049194335938,0.4407958984375,7.44970703125
"1622",-45.875,-73.9375,0.696121215820312,0.0189208984375,1.37332153320312
"1623",-45.875,-73.5625,4.97254943847656,3.3245849609375,5.57046508789062
"1624",-45.875,-73.1875,5.23717041015625,2.32220458984375,9.1722412109375
"1625",-45.875,-73.0625,8.96493530273438,8.74468994140625,9.1851806640625
"1626",-45.875,-72.9375,109.288433837891,8.71636962890625,260.382995605469
"1627",-45.875,-72.8125,118.553250940835,0.83837890625,368.491027832031
"1628",-45.875,-72.6875,90.2062664609967,0.6019287109375,258.346496582031
"1629",-45.875,-72.5625,63.429210132321,0.0103759765625,281.936645507812
"1630",-45.875,-72.4375,48.8228210449219,0.3104248046875,186.611328125
"1631",-45.875,-72.3125,43.0472250884434,0.1658935546875,203.411010742188
"1632",-45.875,-72.1875,32.7538024902344,0.0235595703125,114.350463867188
"1633",-45.875,-72.0625,30.694575904781,0.02197265625,237.779174804688
"1634",-45.875,-71.9375,25.9795048154634,0.05908203125,100.07080078125
"1635",-45.875,-71.8125,33.5697042900219,1.982177734375,127.681396484375
"1636",-45.875,-71.6875,14.9991787997159,0.98388671875,61.07958984375
"1637",-45.875,-71.5625,19.7184600830078,0.00439453125,54.4384765625
"1638",-45.625,-76.9375,127.911046991116,1.59121704101562,320.005126953125
"1639",-45.625,-76.8125,129.531290062383,0.09600830078125,315.027648925781
"1640",-45.625,-76.6875,84.7342253269747,0.072662353515625,320.364196777344
"1641",-45.625,-76.5625,70.387345204281,0.02130126953125,321.990051269531
"1642",-45.625,-76.4375,68.1971891039572,0.0128173828125,328.501312255859
"1643",-45.625,-76.3125,70.3289092862141,0.007232666015625,332.698608398438
"1644",-45.625,-76.1875,68.8125145171711,0.13818359375,338.430480957031
"1645",-45.625,-76.0625,43.6737398485798,0.132415771484375,341.391906738281
"1646",-45.625,-75.9375,91.6285918959998,0.085540771484375,307.552978515625
"1647",-45.625,-75.8125,298.891466413225,296.497924804688,301.185882568359
"1648",-45.625,-74.8125,90.5728271484375,5.45925903320312,420.193756103516
"1649",-45.625,-74.6875,119.653298117898,0.323638916015625,421.251159667969
"1650",-45.625,-74.5625,53.0385131835938,0.14691162109375,413.17578125
"1651",-45.625,-74.4375,7.41797152432528,0.612030029296875,16.3168334960938
"1652",-45.625,-74.3125,11.7768314906529,2.32077026367188,19.0277404785156
"1653",-45.625,-74.1875,3.74811706542969,0.113861083984375,7.72439575195312
"1654",-45.625,-74.0625,5.99514770507812,0.7078857421875,14.612060546875
"1655",-45.625,-73.9375,2.96079254150391,0.313507080078125,5.96865844726562
"1656",-45.625,-73.8125,3.1445068359375,0.002227783203125,6.65365600585938
"1657",-45.625,-73.6875,3.24942016601562,3.24942016601562,3.24942016601562
"1658",-45.625,-73.5625,2.07562637329102,0.175750732421875,4.69827270507812
"1659",-45.625,-73.1875,2.13534545898438,2.01507568359375,2.255615234375
"1660",-45.625,-73.0625,1.03325544084821,0.14141845703125,2.74578857421875
"1661",-45.625,-72.9375,143.481304462139,0.98358154296875,257.607360839844
"1662",-45.625,-72.8125,77.0238996233259,0.0126953125,209.882507324219
"1663",-45.625,-72.6875,94.1924957626167,0.0201416015625,302.231018066406
"1664",-45.625,-72.5625,59.6209799608394,0.126220703125,298.962341308594
"1665",-45.625,-72.4375,56.1568200152853,4.421630859375,193.164306640625
"1666",-45.625,-72.3125,37.6296166591957,0.0823974609375,194.83203125
"1667",-45.625,-72.1875,32.4854676416315,0.080078125,115.857421875
"1668",-45.625,-72.0625,25.4469207279266,0.0771484375,222.9931640625
"1669",-45.625,-71.9375,32.7979681669776,0.137939453125,121.724609375
"1670",-45.625,-71.8125,23.3782755533854,2.77490234375,96.167236328125
"1671",-45.625,-71.6875,10.4328143780048,0.033203125,61.255615234375
"1672",-45.625,-71.5625,6.40812174479167,5.907958984375,6.7529296875
"1673",-45.375,-76.9375,134.533662530204,0.17547607421875,327.539611816406
"1674",-45.375,-76.8125,122.053595905796,0.329193115234375,323.914428710938
"1675",-45.375,-76.6875,84.6418742701459,0.060150146484375,326.891174316406
"1676",-45.375,-76.5625,75.9555497085182,0.238433837890625,319.859588623047
"1677",-45.375,-76.4375,66.5692808923164,0.002227783203125,330.837646484375
"1678",-45.375,-76.3125,66.555449695122,0.0391845703125,331.954925537109
"1679",-45.375,-76.1875,58.7022190910369,0.19512939453125,329.470001220703
"1680",-45.375,-76.0625,64.531730695956,0.0821533203125,335.221466064453
"1681",-45.375,-75.9375,46.4222049465427,0.022705078125,132.198822021484
"1682",-45.375,-74.8125,40.4316813151042,38.3823547363281,42.6745910644531
"1683",-45.375,-74.5625,4.16107177734375,0.480865478515625,16.4931640625
"1684",-45.375,-74.4375,6.0510746882512,0.1146240234375,14.76171875
"1685",-45.375,-74.3125,8.85247802734375,0.704742431640625,16.8025512695312
"1686",-45.375,-74.1875,10.3327823215061,0.553131103515625,17.4352111816406
"1687",-45.375,-74.0625,7.81148020426432,0.225067138671875,22.944091796875
"1688",-45.375,-73.9375,1.14187622070312,0.282989501953125,2.8280029296875
"1689",-45.375,-73.8125,1.87612915039062,1.87612915039062,1.87612915039062
"1690",-45.375,-73.6875,9.4223378499349,4.69802856445312,14.2868957519531
"1691",-45.375,-73.5625,7.34944152832031,5.39990234375,9.76611328125
"1692",-45.375,-73.4375,11.6558634440104,4.254638671875,17.5162353515625
"1693",-45.375,-73.3125,56.9982666015625,9.8038330078125,125.027526855469
"1694",-45.375,-73.1875,27.4740478515625,1.24249267578125,122.729187011719
"1695",-45.375,-73.0625,2.82640075683594,0.4747314453125,5.08905029296875
"1696",-45.375,-72.9375,100.542438964844,2.928955078125,163.974304199219
"1697",-45.375,-72.8125,93.2429695129395,1.15118408203125,340.347351074219
"1698",-45.375,-72.6875,80.586396839697,0.0465087890625,267.443603515625
"1699",-45.375,-72.5625,54.780760550613,0.47802734375,195.8359375
"1700",-45.375,-72.4375,46.400623139881,0.08203125,189.389038085938
"1701",-45.375,-72.3125,36.3575140340439,0.091552734375,116.697998046875
"1702",-45.375,-72.1875,29.1076923952264,0.150390625,111.892822265625
"1703",-45.375,-72.0625,32.5222741699219,0.025390625,209.619750976562
"1704",-45.375,-71.9375,31.944541422526,0.064208984375,116.747314453125
"1705",-45.375,-71.8125,17.8896046173878,0.420166015625,91.248046875
"1706",-45.375,-71.6875,6.9730224609375,1.259033203125,13.047607421875
"1707",-45.375,-71.5625,8.3583984375,8.3583984375,8.3583984375
"1708",-45.125,-76.9375,128.734096382967,2.73046875,332.210418701172
"1709",-45.125,-76.8125,119.294419721065,0.0167236328125,325.273284912109
"1710",-45.125,-76.6875,86.4269626871745,0.112457275390625,319.255676269531
"1711",-45.125,-76.5625,86.2853817722146,0.179351806640625,327.374328613281
"1712",-45.125,-76.4375,71.0933019504046,0.007171630859375,333.921264648438
"1713",-45.125,-76.3125,65.3859647015885,0.118072509765625,333.860687255859
"1714",-45.125,-76.1875,57.3822964932056,0.01031494140625,329.865112304688
"1715",-45.125,-76.0625,42.8357699735665,0.294952392578125,316.462463378906
"1716",-45.125,-75.9375,133.064946925386,0.3092041015625,235.041229248047
"1717",-45.125,-74.6875,44.0272725423177,42.3324890136719,46.0342407226562
"1718",-45.125,-74.5625,21.8588692801339,2.115234375,50.3746032714844
"1719",-45.125,-74.4375,8.40752156575521,1.82485961914062,17.4420471191406
"1720",-45.125,-74.3125,6.12667507595486,0.415802001953125,21.42529296875
"1721",-45.125,-74.1875,6.6683115641276,0.01171875,16.5806274414062
"1722",-45.125,-74.0625,8.15057373046875,0.04559326171875,20.4830017089844
"1723",-45.125,-73.9375,3.31571960449219,0.6275634765625,5.0814208984375
"1724",-45.125,-73.6875,6.45433044433594,0.0777587890625,18.4746398925781
"1725",-45.125,-73.4375,11.1465352376302,3.543212890625,17.7891845703125
"1726",-45.125,-73.3125,59.9159995631168,6.48370361328125,139.33056640625
"1727",-45.125,-73.1875,152.634034590288,1.44775390625,304.634002685547
"1728",-45.125,-73.0625,5.1563720703125,5.1563720703125,5.1563720703125
"1729",-45.125,-72.9375,62.0986959166446,0.67510986328125,289.95458984375
"1730",-45.125,-72.8125,83.0955569180575,0.436279296875,335.173095703125
"1731",-45.125,-72.6875,83.2249329842177,0.4661865234375,314.244934082031
"1732",-45.125,-72.5625,53.5386519980642,0.1405029296875,200.539672851562
"1733",-45.125,-72.4375,40.4222351744935,0.0240478515625,179.723388671875
"1734",-45.125,-72.3125,25.2797707297585,0.1368408203125,107.305541992188
"1735",-45.125,-72.1875,32.1385444335938,0.1068115234375,203.076049804688
"1736",-45.125,-72.0625,30.6185923670069,0.08349609375,152.415283203125
"1737",-45.125,-71.9375,29.4701045109675,0.352294921875,114.19140625
"1738",-45.125,-71.8125,15.2684909986413,0.468994140625,58.5234375
"1739",-45.125,-71.6875,3.22470703125,0.0029296875,10.37646484375
"1740",-45.125,-71.5625,12.6517333984375,11.931640625,13.371826171875
"1741",-44.875,-76.9375,126.180873723128,0.66278076171875,341.1181640625
"1742",-44.875,-76.8125,116.293645885545,0.013519287109375,319.768524169922
"1743",-44.875,-76.6875,91.9054394491212,0.067718505859375,335.799499511719
"1744",-44.875,-76.5625,90.3952324637051,0.026580810546875,336.342529296875
"1745",-44.875,-76.4375,73.8091497622038,0.136627197265625,336.117889404297
"1746",-44.875,-76.3125,59.0253304813685,0.041961669921875,335.534851074219
"1747",-44.875,-76.1875,52.4475330856611,0.162841796875,320.583740234375
"1748",-44.875,-76.0625,41.3890251258751,0.047088623046875,190.747695922852
"1749",-44.875,-75.9375,106.772050200916,0.279266357421875,219.935104370117
"1750",-44.875,-74.6875,4.14683151245117,0.35223388671875,7.86459350585938
"1751",-44.875,-74.5625,9.40805053710938,0.48895263671875,51.4591064453125
"1752",-44.875,-74.4375,3.69448557207661,0.057769775390625,19.0152893066406
"1753",-44.875,-74.3125,4.20823974609375,0.050048828125,13.5858154296875
"1754",-44.875,-74.1875,5.57423029719172,0.069854736328125,15.2008666992188
"1755",-44.875,-74.0625,5.85542170206706,0.4757080078125,19.0715637207031
"1756",-44.875,-73.9375,4.5358403523763,0.3360595703125,10.4008483886719
"1757",-44.875,-73.8125,12.978999546596,0.25048828125,31.3274841308594
"1758",-44.875,-73.6875,12.6866494883662,2.8658447265625,21.7848815917969
"1759",-44.875,-73.5625,3.09038967556424,0.403045654296875,11.1715698242188
"1760",-44.875,-73.4375,26.9247212727865,0.7734375,147.872039794922
"1761",-44.875,-73.3125,104.323527018229,0.3790283203125,303.920257568359
"1762",-44.875,-73.1875,135.12683557581,0.3822021484375,298.520904541016
"1763",-44.875,-73.0625,20.9585559321385,0.40875244140625,58.5390014648438
"1764",-44.875,-72.9375,88.1169308179045,0.03643798828125,444.276428222656
"1765",-44.875,-72.8125,84.1582733907817,0.2156982421875,340.456665039062
"1766",-44.875,-72.6875,84.6864793458572,0.1123046875,318.219848632812
"1767",-44.875,-72.5625,55.2591724061129,0.3060302734375,209.041625976562
"1768",-44.875,-72.4375,34.5412192509092,0.176513671875,116.012573242188
"1769",-44.875,-72.3125,29.2642492006903,0.05419921875,177.380859375
"1770",-44.875,-72.1875,34.36486479992,0.6485595703125,195.873413085938
"1771",-44.875,-72.0625,30.3732541310701,0.2001953125,118.71044921875
"1772",-44.875,-71.9375,25.6884878305288,0.118896484375,105.848876953125
"1773",-44.875,-71.8125,12.0357666015625,1.66455078125,26.3994140625
"1774",-44.875,-71.6875,11.9229642427885,3.933837890625,20.69482421875
"1775",-44.875,-71.5625,8.812255859375,2.08837890625,15.5361328125
"1776",-44.625,-76.9375,139.324308636928,0.73272705078125,347.703125
"1777",-44.625,-76.8125,98.2478016718922,0.041015625,321.510345458984
"1778",-44.625,-76.6875,91.4210548551896,0.12689208984375,341.373260498047
"1779",-44.625,-76.5625,91.2193658438074,0.31732177734375,341.985046386719
"1780",-44.625,-76.4375,72.3492558095275,0.102569580078125,337.751983642578
"1781",-44.625,-76.3125,61.35288631842,0.0250244140625,337.344635009766
"1782",-44.625,-76.1875,52.1017037483111,0.00726318359375,332.696350097656
"1783",-44.625,-76.0625,31.0594158113556,0.071380615234375,200.431701660156
"1784",-44.625,-75.9375,90.9239728450775,0.05755615234375,208.482009887695
"1785",-44.625,-74.6875,3.01117324829102,0.9771728515625,5.99673461914062
"1786",-44.625,-74.5625,23.498329856179,0.244384765625,103.634124755859
"1787",-44.625,-74.4375,8.61557250976563,0.010467529296875,106.167785644531
"1788",-44.625,-74.3125,6.470791015625,0.25341796875,67.6597595214844
"1789",-44.625,-74.1875,11.4621437920464,0.2464599609375,41.3377990722656
"1790",-44.625,-74.0625,4.34506790726273,0.083984375,16.3271484375
"1791",-44.625,-73.9375,3.76560719807943,0.01129150390625,11.3500671386719
"1792",-44.625,-73.8125,25.2238744099935,8.60101318359375,36.228759765625
"1793",-44.625,-73.6875,3.1474609375,1.08843994140625,5.28607177734375
"1794",-44.625,-73.5625,11.7151019756611,3.2454833984375,17.3687744140625
"1795",-44.625,-73.4375,249.689118561921,0.7667236328125,467.478179931641
"1796",-44.625,-73.3125,96.3871939054099,0.11566162109375,295.360260009766
"1797",-44.625,-73.1875,66.4717001843808,0.93255615234375,335.489105224609
"1798",-44.625,-73.0625,70.098882642843,0.65386962890625,444.229919433594
"1799",-44.625,-72.9375,118.246641159058,0.23785400390625,454.329650878906
"1800",-44.625,-72.8125,86.3500010731456,0.095458984375,341.839172363281
"1801",-44.625,-72.6875,68.5327964544972,0.00390625,317.328857421875
"1802",-44.625,-72.5625,48.7102828382173,0.09912109375,219.055786132812
"1803",-44.625,-72.4375,32.2393476284616,0.0008544921875,146.521118164062
"1804",-44.625,-72.3125,43.4720320638021,0.0755615234375,182.710205078125
"1805",-44.625,-72.1875,30.8962701535692,0.016357421875,183.708251953125
"1806",-44.625,-72.0625,30.9073739681604,0.37548828125,100.13134765625
"1807",-44.625,-71.9375,19.8556580835459,0.574951171875,86.480712890625
"1808",-44.625,-71.8125,21.6723314368207,13.128662109375,27.62548828125
"1809",-44.625,-71.6875,12.806982421875,11.46533203125,13.5087890625
"1810",-44.625,-71.5625,1.1380615234375,0.45166015625,2.97216796875
"1811",-44.375,-76.9375,134.409387035584,0.094329833984375,352.675384521484
"1812",-44.375,-76.8125,88.3819613681457,0.06085205078125,326.906005859375
"1813",-44.375,-76.6875,83.975144414416,0.133026123046875,346.303985595703
"1814",-44.375,-76.5625,105.897084234685,0.0347900390625,341.711608886719
"1815",-44.375,-76.4375,75.8944592644187,0.0677490234375,339.236145019531
"1816",-44.375,-76.3125,57.3961888765896,0.0218505859375,338.020782470703
"1817",-44.375,-76.1875,57.8235984794931,0.1033935546875,325.966613769531
"1818",-44.375,-76.0625,52.2208897029284,0.053253173828125,292.967590332031
"1819",-44.375,-75.9375,98.8445434570312,0.813323974609375,196.957260131836
"1820",-44.375,-74.5625,29.3259286063058,0.064483642578125,69.0759887695312
"1821",-44.375,-74.4375,25.0240121023996,0.92327880859375,107.163970947266
"1822",-44.375,-74.3125,26.8219802588747,0.784088134765625,120.346496582031
"1823",-44.375,-74.1875,33.4707492260223,0.265625,120.435516357422
"1824",-44.375,-74.0625,6.75060878655849,0.36810302734375,22.4265747070312
"1825",-44.375,-73.9375,6.46834513346354,0.205810546875,17.4380493164062
"1826",-44.375,-73.8125,18.8425919382196,9.00567626953125,27.6066284179688
"1827",-44.375,-73.6875,4.74755859375,3.98736572265625,6.12554931640625
"1828",-44.375,-73.5625,4.00599016462054,0.0513916015625,7.02325439453125
"1829",-44.375,-73.4375,69.2127862745716,0.11590576171875,441.039733886719
"1830",-44.375,-73.3125,98.7342780967812,0.0279541015625,298.502014160156
"1831",-44.375,-73.1875,81.802003648546,0.33837890625,335.6435546875
"1832",-44.375,-73.0625,93.8641270498742,0.0125732421875,421.07373046875
"1833",-44.375,-72.9375,89.4082851452774,0.2786865234375,354.13671875
"1834",-44.375,-72.8125,84.5357708630261,0.126708984375,309.31982421875
"1835",-44.375,-72.6875,54.567004684408,0.101318359375,230.375244140625
"1836",-44.375,-72.5625,53.4675626228192,0.0069580078125,198.21875
"1837",-44.375,-72.4375,37.9234027409958,0.0579833984375,171.610229492188
"1838",-44.375,-72.3125,39.0685240381913,0.061279296875,190.251953125
"1839",-44.375,-72.1875,27.7307972072326,0.09130859375,124.38818359375
"1840",-44.375,-72.0625,26.904777107658,0.0234375,101.277099609375
"1841",-44.375,-71.9375,21.220947265625,3.934814453125,86.06103515625
"1842",-44.375,-71.8125,24.175048828125,19.398681640625,27.681640625
"1843",-44.375,-71.6875,11.1923014322917,9.79150390625,12.60888671875
"1844",-44.375,-71.5625,1.7742919921875,1.50146484375,2.047119140625
"1845",-44.125,-76.9375,110.842242417832,2.45623779296875,362.325439453125
"1846",-44.125,-76.8125,86.8376540856686,0.029541015625,343.141754150391
"1847",-44.125,-76.6875,104.296053429509,0.02532958984375,344.954986572266
"1848",-44.125,-76.5625,102.583412257488,0.113433837890625,343.598052978516
"1849",-44.125,-76.4375,79.3245279277029,0.04937744140625,341.033905029297
"1850",-44.125,-76.3125,65.3160680413333,0.100799560546875,337.757690429688
"1851",-44.125,-76.1875,54.0792495083756,0.004302978515625,317.598083496094
"1852",-44.125,-76.0625,39.130774981355,0.052581787109375,268.393859863281
"1853",-44.125,-75.9375,45.609415759779,0.201141357421875,129.764602661133
"1854",-44.125,-75.8125,116.351600646973,74.9515991210938,131.955978393555
"1855",-44.125,-74.5625,31.0420959472656,0.550506591796875,58.0848693847656
"1856",-44.125,-74.4375,29.2214187921262,0.389678955078125,112.295013427734
"1857",-44.125,-74.3125,25.972655413902,0.203125,228.646545410156
"1858",-44.125,-74.1875,40.3351567586263,0.16424560546875,207.920501708984
"1859",-44.125,-74.0625,32.0738194352489,0.26031494140625,163.02978515625
"1860",-44.125,-73.9375,6.27423220264668,0.19097900390625,14.938232421875
"1861",-44.125,-73.8125,6.22601092303241,0.095703125,15.9700927734375
"1862",-44.125,-73.6875,7.60029954176683,0.2257080078125,12.9940795898438
"1863",-44.125,-73.5625,76.2101489917652,0.65899658203125,180.113616943359
"1864",-44.125,-73.4375,89.9030404663086,0.02362060546875,430.836181640625
"1865",-44.125,-73.3125,105.681758026579,0.09588623046875,376.752044677734
"1866",-44.125,-73.1875,89.8516742136683,0.0428466796875,375.055450439453
"1867",-44.125,-73.0625,104.193219474192,0.019775390625,382.2783203125
"1868",-44.125,-72.9375,88.0815069834391,0.13037109375,342.66748046875
"1869",-44.125,-72.8125,77.9165900464328,0.0361328125,313.197204589844
"1870",-44.125,-72.6875,59.5324167650799,0.001220703125,230.349609375
"1871",-44.125,-72.5625,45.5471407686984,0.003662109375,192.116088867188
"1872",-44.125,-72.4375,38.1944424243684,0.0384521484375,158.470703125
"1873",-44.125,-72.3125,36.6257778990502,0.238037109375,196.932373046875
"1874",-44.125,-72.1875,32.4653480931332,0.009521484375,132.722290039062
"1875",-44.125,-72.0625,23.9875459892805,0.242919921875,93.854736328125
"1876",-44.125,-71.9375,19.9209408967391,0.103271484375,87.181396484375
"1877",-44.125,-71.8125,17.29248046875,17.29248046875,17.29248046875
"1878",-44.125,-71.6875,10.1923828125,5.336669921875,15.94580078125
"1879",-43.875,-76.9375,106.133579244637,0.7862548828125,372.15869140625
"1880",-43.875,-76.8125,87.5251310374381,0.08355712890625,361.178192138672
"1881",-43.875,-76.6875,120.686822991622,0.0579833984375,346.314666748047
"1882",-43.875,-76.5625,102.876690569594,0.110595703125,345.622375488281
"1883",-43.875,-76.4375,82.038822580602,0.039703369140625,345.009124755859
"1884",-43.875,-76.3125,56.4345124720213,0.1134033203125,344.621337890625
"1885",-43.875,-76.1875,56.7118981749147,0.050689697265625,336.825653076172
"1886",-43.875,-76.0625,58.1283775542561,0.360931396484375,339.077758789062
"1887",-43.875,-75.9375,81.5769219862676,0.02288818359375,197.495712280273
"1888",-43.875,-75.8125,82.1071172441755,3.56005859375,130.731353759766
"1889",-43.875,-74.5625,3.70597267150879,0.101287841796875,9.40457153320312
"1890",-43.875,-74.4375,8.01210276285807,0.629852294921875,13.8742065429688
"1891",-43.875,-74.3125,6.46864895290799,0.03271484375,101.95166015625
"1892",-43.875,-74.1875,70.2279795328776,0.17315673828125,235.804534912109
"1893",-43.875,-74.0625,55.3766107639345,0.1893310546875,343.135559082031
"1894",-43.875,-73.9375,10.3900206030869,1.85577392578125,21.7772827148438
"1895",-43.875,-73.8125,25.0070997873942,0.51702880859375,483.594512939453
"1896",-43.875,-73.6875,110.564323344984,0.03765869140625,480.937622070312
"1897",-43.875,-73.5625,98.7647895143743,0.0220947265625,406.131774902344
"1898",-43.875,-73.4375,88.3349960892289,0.130859375,422.382873535156
"1899",-43.875,-73.3125,105.437947425739,0.00762939453125,415.068481445312
"1900",-43.875,-73.1875,91.7143421399264,0.0279541015625,416.293792724609
"1901",-43.875,-73.0625,98.7412673059843,0.0135498046875,357.183776855469
"1902",-43.875,-72.9375,86.3709906359988,0.034423828125,290.257446289062
"1903",-43.875,-72.8125,65.7825943979474,0.02392578125,301.543823242188
"1904",-43.875,-72.6875,52.4951613020189,0.197998046875,207.14599609375
"1905",-43.875,-72.5625,40.695309109158,0.14453125,156.354125976562
"1906",-43.875,-72.4375,41.562842861918,0.0123291015625,202.555053710938
"1907",-43.875,-72.3125,31.3492741114657,0.0947265625,141.197143554688
"1908",-43.875,-72.1875,32.3411645107582,0.81884765625,134.42724609375
"1909",-43.875,-72.0625,28.6835386214718,0.290771484375,99.475341796875
"1910",-43.875,-71.9375,5.72698974609375,4.567138671875,7.01513671875
"1911",-43.875,-71.8125,11.4507446289062,7.400634765625,16.157470703125
"1912",-43.875,-71.6875,6.528076171875,6.21923828125,6.8369140625
"1913",-43.625,-76.9375,105.04753863838,0.235443115234375,368.220916748047
"1914",-43.625,-76.8125,111.76934685559,0.340118408203125,371.543090820312
"1915",-43.625,-76.6875,127.211124215075,0.100860595703125,358.978485107422
"1916",-43.625,-76.5625,106.929653178782,0.21575927734375,350.332885742188
"1917",-43.625,-76.4375,86.2107102156172,0.07537841796875,351.105682373047
"1918",-43.625,-76.3125,77.3105421419973,0.044952392578125,353.651397705078
"1919",-43.625,-76.1875,47.2568683289645,0.017425537109375,353.397216796875
"1920",-43.625,-76.0625,41.4374866626881,0.058197021484375,351.078521728516
"1921",-43.625,-75.9375,69.871605497418,0.533905029296875,201.047760009766
"1922",-43.625,-75.8125,88.9436187744141,4.25759887695312,133.705215454102
"1923",-43.625,-74.6875,7.6802978515625,7.6802978515625,7.6802978515625
"1924",-43.625,-74.5625,5.85811920166016,0.149078369140625,13.6885681152344
"1925",-43.625,-74.4375,6.58311920166016,0.038299560546875,38.8418884277344
"1926",-43.625,-74.3125,13.8680891557173,0.094207763671875,45.4989929199219
"1927",-43.625,-74.1875,85.173291015625,1.2513427734375,243.708648681641
"1928",-43.625,-74.0625,67.7717072663484,0.1165771484375,281.507110595703
"1929",-43.625,-73.9375,54.4196889449139,0.003662109375,365.720184326172
"1930",-43.625,-73.8125,98.6649804776603,0.2049560546875,483.907257080078
"1931",-43.625,-73.6875,95.745238410102,0.0308837890625,466.007934570312
"1932",-43.625,-73.5625,110.337405637014,0.01959228515625,463.093231201172
"1933",-43.625,-73.4375,113.15861993087,0.18011474609375,420.727111816406
"1934",-43.625,-73.3125,107.948808555857,0.0018310546875,362.60546875
"1935",-43.625,-73.1875,88.120020785073,0.0538330078125,355.115051269531
"1936",-43.625,-73.0625,88.3411812943019,0.0596923828125,324.594299316406
"1937",-43.625,-72.9375,75.3208193149779,0.0009765625,284.346313476562
"1938",-43.625,-72.8125,58.4145191527536,0.0242919921875,250.792236328125
"1939",-43.625,-72.6875,52.2072226475501,0.0546875,187.515380859375
"1940",-43.625,-72.5625,42.565159566896,0.00830078125,161.431884765625
"1941",-43.625,-72.4375,38.5423219468858,0.057373046875,192.76318359375
"1942",-43.625,-72.3125,30.1509583175823,0.36279296875,136.076538085938
"1943",-43.625,-72.1875,31.1255139802632,0.410400390625,93.197998046875
"1944",-43.625,-72.0625,6.01624716481855,0.119873046875,48.02978515625
"1945",-43.625,-71.9375,6.17011176215278,1.646728515625,11.976318359375
"1946",-43.625,-71.8125,5.24871826171875,3.066162109375,7.2578125
"1947",-43.375,-76.9375,106.157371315905,0.47406005859375,360.424652099609
"1948",-43.375,-76.8125,117.128165182088,0.056427001953125,378.578186035156
"1949",-43.375,-76.6875,120.123612073003,0.058502197265625,367.972076416016
"1950",-43.375,-76.5625,107.798627368092,0.190521240234375,362.288604736328
"1951",-43.375,-76.4375,88.2867647864266,0.0340576171875,363.952575683594
"1952",-43.375,-76.3125,59.2133604301201,0.022979736328125,359.143768310547
"1953",-43.375,-76.1875,50.6956836390616,0.0107421875,356.987823486328
"1954",-43.375,-76.0625,47.5866824077315,0.009063720703125,355.781036376953
"1955",-43.375,-75.9375,52.3387069702148,0.216827392578125,152.483444213867
"1956",-43.375,-75.8125,76.9589906172319,3.9063720703125,135.838180541992
"1957",-43.375,-75.6875,89.5749694824219,42.4700927734375,122.434753417969
"1958",-43.375,-74.5625,5.4520206451416,0.440338134765625,13.1487731933594
"1959",-43.375,-74.4375,32.5217069738051,0.361846923828125,77.2260437011719
"1960",-43.375,-74.3125,6.74627855088976,0.1107177734375,26.3659362792969
"1961",-43.375,-74.1875,60.7306806456368,1.0655517578125,245.926544189453
"1962",-43.375,-74.0625,75.2233909896657,0.5152587890625,327.524169921875
"1963",-43.375,-73.9375,75.9734677045773,0.33563232421875,364.810760498047
"1964",-43.375,-73.8125,85.6215417159231,0.32464599609375,421.958312988281
"1965",-43.375,-73.6875,113.69607405229,0.02813720703125,409.896179199219
"1966",-43.375,-73.5625,104.555388213895,0.03363037109375,276.20361328125
"1967",-43.375,-73.4375,120.979683635391,0.08587646484375,364.902008056641
"1968",-43.375,-73.3125,94.8479506174723,0.026611328125,357.855285644531
"1969",-43.375,-73.1875,85.210322712743,0.0113525390625,355.925231933594
"1970",-43.375,-73.0625,73.439389641684,0.03369140625,289.743896484375
"1971",-43.375,-72.9375,63.5432427892819,0.0557861328125,310.815307617188
"1972",-43.375,-72.8125,53.2502317637146,0.0723876953125,238.11328125
"1973",-43.375,-72.6875,49.6897141324832,0.003662109375,205.083129882812
"1974",-43.375,-72.5625,44.7966181216033,0.129638671875,173.629516601562
"1975",-43.375,-72.4375,36.9448892562116,0.092041015625,187.913208007812
"1976",-43.375,-72.3125,27.0907138082005,0.095703125,131.133544921875
"1977",-43.375,-72.1875,15.06005859375,0.03076171875,76.167724609375
"1978",-43.375,-72.0625,4.4168701171875,0.38916015625,12.62060546875
"1979",-43.375,-71.9375,6.89712524414062,4.727294921875,12.28955078125
"1980",-43.125,-76.9375,114.629565773672,0.34686279296875,367.682067871094
"1981",-43.125,-76.8125,123.004183812444,0.076904296875,389.063659667969
"1982",-43.125,-76.6875,117.826826246395,0.100921630859375,362.326507568359
"1983",-43.125,-76.5625,118.606409737806,0.284271240234375,364.969879150391
"1984",-43.125,-76.4375,95.972242363261,0.058685302734375,367.113586425781
"1985",-43.125,-76.3125,49.3232077804266,0.01123046875,356.083709716797
"1986",-43.125,-76.1875,51.6321726264023,0.00482177734375,362.252716064453
"1987",-43.125,-76.0625,37.3412171946276,0.066986083984375,307.282958984375
"1988",-43.125,-75.9375,51.2176429562452,0.001983642578125,137.519256591797
"1989",-43.125,-75.8125,69.5380821853388,0.934844970703125,135.876922607422
"1990",-43.125,-75.6875,78.7529016113281,36.974365234375,127.973861694336
"1991",-43.125,-74.4375,19.5393140388258,0.5831298828125,70.3187866210938
"1992",-43.125,-74.3125,30.7547445858226,1.91195678710938,66.6170959472656
"1993",-43.125,-74.1875,54.6912066485431,0.0279541015625,242.489074707031
"1994",-43.125,-74.0625,79.4933018785842,0.12298583984375,285.815490722656
"1995",-43.125,-73.9375,73.4394208122702,0.02685546875,320.387847900391
"1996",-43.125,-73.8125,91.9038222229596,0.06646728515625,439.644165039062
"1997",-43.125,-73.6875,98.2406311035156,0.0650634765625,437.132751464844
"1998",-43.125,-73.5625,110.769803494383,0.05682373046875,317.096130371094
"1999",-43.125,-73.4375,93.037088646079,0.0001220703125,346.904907226562
"2000",-43.125,-73.3125,84.8562477563401,0.00390625,348.014465332031
"2001",-43.125,-73.1875,88.7178467093522,0.003662109375,359.068359375
"2002",-43.125,-73.0625,66.8125284729761,0.0174560546875,306.752807617188
"2003",-43.125,-72.9375,51.703154177782,0.0059814453125,234.069580078125
"2004",-43.125,-72.8125,62.3193782977204,0.135986328125,222.166137695312
"2005",-43.125,-72.6875,48.2554908389137,0.0504150390625,202.738525390625
"2006",-43.125,-72.5625,39.4347316474672,0.1182861328125,179.91650390625
"2007",-43.125,-72.4375,31.8576408680928,0.06787109375,185.116943359375
"2008",-43.125,-72.3125,27.5578033447266,0.10009765625,117.502197265625
"2009",-43.125,-72.1875,6.27367054332386,0.10888671875,47.42431640625
"2010",-43.125,-72.0625,1.05814615885417,0.005859375,2.820556640625
"2011",-43.125,-71.9375,2.458984375,2.458984375,2.458984375
"2012",-42.875,-76.9375,129.920021298565,0.097869873046875,388.341888427734
"2013",-42.875,-76.8125,133.581785867381,0.17730712890625,390.799957275391
"2014",-42.875,-76.6875,131.191869456297,0.06866455078125,364.285980224609
"2015",-42.875,-76.5625,116.827283277164,0.22174072265625,352.942932128906
"2016",-42.875,-76.4375,87.4194695941472,0.021392822265625,358.003234863281
"2017",-42.875,-76.3125,61.983643520473,0.0091552734375,343.001495361328
"2018",-42.875,-76.1875,60.2630131803367,0.010955810546875,367.542572021484
"2019",-42.875,-76.0625,43.1813963022582,0.009735107421875,245.137054443359
"2020",-42.875,-75.9375,55.4468392112038,0.05218505859375,137.915130615234
"2021",-42.875,-75.8125,87.2333163825833,0.63232421875,135.313140869141
"2022",-42.875,-75.6875,76.165389251709,42.7908630371094,99.7937316894531
"2023",-42.875,-74.5625,7.57322474888393,0.055908203125,18.1993713378906
"2024",-42.875,-74.4375,34.9540504006779,0.45306396484375,85.8929290771484
"2025",-42.875,-74.3125,11.8858385587993,0.154052734375,22.4863891601562
"2026",-42.875,-74.1875,56.2452121310764,0.45611572265625,177.477935791016
"2027",-42.875,-74.0625,63.8192167104401,0.03369140625,233.205871582031
"2028",-42.875,-73.9375,83.6426663102775,0.234130859375,358.481170654297
"2029",-42.875,-73.8125,98.4596206521539,0.05877685546875,342.562957763672
"2030",-42.875,-73.6875,84.6817069741624,0.00067138671875,253.45849609375
"2031",-42.875,-73.5625,90.1966837342754,0.01849365234375,313.822143554688
"2032",-42.875,-73.4375,92.0245178332235,0.06982421875,331.236145019531
"2033",-42.875,-73.3125,85.0562693526105,0.0479736328125,347.975463867188
"2034",-42.875,-73.1875,74.0218646540648,0.0419921875,344.667358398438
"2035",-42.875,-73.0625,59.3179584079319,0.076416015625,304.129516601562
"2036",-42.875,-72.9375,55.3737020492554,0.0146484375,219.77099609375
"2037",-42.875,-72.8125,56.4643569513854,0.017578125,255.820190429688
"2038",-42.875,-72.6875,43.5322804552443,0.131103515625,147.238159179688
"2039",-42.875,-72.5625,36.6437292994033,0.4342041015625,182.358032226562
"2040",-42.875,-72.4375,29.1228610482185,0.206787109375,136.384399414062
"2041",-42.875,-72.3125,17.5318140490302,0.558837890625,80.196044921875
"2042",-42.875,-72.1875,15.3883911132812,1.523193359375,29.15673828125
"2043",-42.875,-72.0625,1.8424072265625,1.608154296875,2.07666015625
"2044",-42.875,-71.9375,3.8887939453125,2.73828125,5.039306640625
"2045",-42.625,-76.9375,132.033518394328,0.054412841796875,383.078796386719
"2046",-42.625,-76.8125,133.040111536669,0.34063720703125,372.986267089844
"2047",-42.625,-76.6875,130.025289758661,0.008392333984375,363.834259033203
"2048",-42.625,-76.5625,114.341737934673,0.084197998046875,342.374969482422
"2049",-42.625,-76.4375,95.5942103452628,0.0855712890625,365.586761474609
"2050",-42.625,-76.3125,53.7487175982931,0.064910888671875,288.783996582031
"2051",-42.625,-76.1875,62.9193214145828,0.005218505859375,320.801940917969
"2052",-42.625,-76.0625,41.3871097915129,0.020660400390625,296.136871337891
"2053",-42.625,-75.9375,48.38015850893,0.00909423828125,161.697631835938
"2054",-42.625,-75.8125,56.808715457008,0.094970703125,110.303619384766
"2055",-42.625,-75.6875,83.7523910522461,64.8292236328125,103.038513183594
"2056",-42.625,-74.5625,11.1650187174479,0.208404541015625,20.2384643554688
"2057",-42.625,-74.4375,50.8991851806641,1.55859375,99.3962860107422
"2058",-42.625,-74.3125,6.34060668945312,0.5418701171875,17.9586486816406
"2059",-42.625,-74.1875,9.42178955078125,1.102783203125,23.3710327148438
"2060",-42.625,-74.0625,38.3952386671497,0.617950439453125,191.452667236328
"2061",-42.625,-73.9375,78.0995250940323,0.02130126953125,225.926452636719
"2062",-42.625,-73.8125,90.2102996826172,0.02789306640625,368.119689941406
"2063",-42.625,-73.6875,80.3336115910457,0.00079345703125,241.961242675781
"2064",-42.625,-73.5625,80.9804654188559,0.0389404296875,310.389465332031
"2065",-42.625,-73.4375,92.651332392655,0.0504150390625,324.495056152344
"2066",-42.625,-73.3125,82.5796685213744,0.037109375,340.059692382812
"2067",-42.625,-73.1875,69.7669026784456,0.2938232421875,343.50048828125
"2068",-42.625,-73.0625,52.9126370235289,0.03857421875,222.78857421875
"2069",-42.625,-72.9375,58.0204952436379,0.0640869140625,244.826293945312
"2070",-42.625,-72.8125,51.4419046153193,0.0543212890625,253.94775390625
"2071",-42.625,-72.6875,35.8964749571124,0.027099609375,201.035278320312
"2072",-42.625,-72.5625,34.7844937362335,0.094970703125,178.256103515625
"2073",-42.625,-72.4375,24.6020573796453,0.444580078125,84.80078125
"2074",-42.625,-72.3125,14.7068834806743,0.010009765625,63.329345703125
"2075",-42.625,-72.1875,8.435107421875,1.611328125,23.84130859375
"2076",-42.625,-72.0625,2.4814453125,2.4814453125,2.4814453125
"2077",-42.375,-76.9375,149.286510363492,0.49853515625,424.819610595703
"2078",-42.375,-76.8125,129.63236618042,0.160797119140625,340.3916015625
"2079",-42.375,-76.6875,125.503684316486,0.09588623046875,355.095611572266
"2080",-42.375,-76.5625,111.278015913725,0.12493896484375,356.119415283203
"2081",-42.375,-76.4375,90.2117892498951,0.02630615234375,357.071624755859
"2082",-42.375,-76.3125,65.7777404508729,0.102783203125,344.005737304688
"2083",-42.375,-76.1875,61.6753971237341,0.022918701171875,318.539581298828
"2084",-42.375,-76.0625,55.781664430262,0.014739990234375,315.724548339844
"2085",-42.375,-75.9375,49.5014918274675,0.04327392578125,157.310363769531
"2086",-42.375,-75.8125,50.8184014354963,0.7171630859375,147.114669799805
"2087",-42.375,-75.6875,94.7494835486779,66.5278625488281,109.208129882812
"2088",-42.375,-74.6875,2.39361572265625,0.16925048828125,6.83782958984375
"2089",-42.375,-74.5625,8.80236434936523,2.87582397460938,14.758056640625
"2090",-42.375,-74.4375,14.7893295288086,13.3338317871094,16.5527648925781
"2091",-42.375,-74.3125,7.51065673828125,0.345489501953125,15.7653198242188
"2092",-42.375,-74.1875,6.77687488902699,0.3775634765625,14.4704895019531
"2093",-42.375,-74.0625,63.2748928550913,0.224761962890625,177.175415039062
"2094",-42.375,-73.9375,68.5007255554199,0.06787109375,211.445617675781
"2095",-42.375,-73.8125,92.5060281150514,0.23486328125,342.745391845703
"2096",-42.375,-73.6875,79.2509224895289,0.0093994140625,293.608154296875
"2097",-42.375,-73.5625,84.6934923923964,0.02874755859375,302.297546386719
"2098",-42.375,-73.4375,93.7745066230804,0.2762451171875,327.204223632812
"2099",-42.375,-73.3125,82.177582302174,0.184814453125,312.70703125
"2100",-42.375,-73.1875,68.4757758246528,0.031982421875,344.307739257812
"2101",-42.375,-73.0625,57.9308653874184,0.0205078125,220.269165039062
"2102",-42.375,-72.9375,55.5264996784489,0.010986328125,246.774658203125
"2103",-42.375,-72.8125,46.3596642782522,0.0283203125,207.15380859375
"2104",-42.375,-72.6875,30.7386962890625,0.018798828125,198.730834960938
"2105",-42.375,-72.5625,27.4927220562704,0.115234375,122.7138671875
"2106",-42.375,-72.4375,15.5507269965278,0.085205078125,69.135498046875
"2107",-42.375,-72.3125,12.3125348772321,0.810546875,50.42578125
"2108",-42.375,-72.1875,6.572265625,6.572265625,6.572265625
"2109",-42.375,-72.0625,3.92618815104167,2.311767578125,6.236328125
"2110",-42.125,-76.9375,132.363845086867,0.0216064453125,441.378723144531
"2111",-42.125,-76.8125,119.495377110405,0.1337890625,444.301361083984
"2112",-42.125,-76.6875,118.989161534198,0.23712158203125,373.719604492188
"2113",-42.125,-76.5625,108.063495811375,0.299346923828125,353.764801025391
"2114",-42.125,-76.4375,100.276747654506,0.400543212890625,354.936126708984
"2115",-42.125,-76.3125,85.8245760078729,0.095947265625,352.734924316406
"2116",-42.125,-76.1875,61.3070060083422,0.107635498046875,321.480133056641
"2117",-42.125,-76.0625,48.9269124703814,0.061737060546875,319.645172119141
"2118",-42.125,-75.9375,46.3506762785674,0.03253173828125,210.351135253906
"2119",-42.125,-75.8125,41.8181246867222,0.29449462890625,145.73454284668
"2120",-42.125,-75.6875,67.4873392205489,6.00421142578125,102.197418212891
"2121",-42.125,-75.5625,120.540003458659,120.091857910156,120.955963134766
"2122",-42.125,-75.4375,78.6633850097656,73.9109802246094,83.7467346191406
"2123",-42.125,-75.3125,167.38468170166,167.075836181641,167.69352722168
"2124",-42.125,-75.1875,166.287439346313,160.59602355957,167.975479125977
"2125",-42.125,-74.8125,3.61978149414062,2.49282836914062,5.32977294921875
"2126",-42.125,-74.6875,6.14857163540153,0.486053466796875,14.8978576660156
"2127",-42.125,-74.5625,3.73248291015625,0.902191162109375,6.75082397460938
"2128",-42.125,-74.4375,7.57813371930804,4.0791015625,12.6153564453125
"2129",-42.125,-74.3125,10.9213839444247,1.94305419921875,21.4814147949219
"2130",-42.125,-74.1875,6.74185398646763,0.167022705078125,24.2957458496094
"2131",-42.125,-74.0625,49.3294989224138,0.112701416015625,238.597015380859
"2132",-42.125,-73.9375,79.4140210563754,0.2891845703125,291.088592529297
"2133",-42.125,-73.8125,79.8556797071435,0.12786865234375,325.457305908203
"2134",-42.125,-73.6875,82.5300508955835,0.0330810546875,266.784973144531
"2135",-42.125,-73.5625,89.8159523963928,0.0460205078125,288.84423828125
"2136",-42.125,-73.4375,90.8435526627761,0.0120849609375,346.089721679688
"2137",-42.125,-73.3125,83.0261054477809,0.2176513671875,329.576049804688
"2138",-42.125,-73.1875,61.1610070708999,0.0006103515625,334.687377929688
"2139",-42.125,-73.0625,57.4080631864244,0.0447998046875,252.840454101562
"2140",-42.125,-72.9375,53.8588681051917,0.0059814453125,245.392333984375
"2141",-42.125,-72.8125,35.2923622668629,0.4564208984375,238.9638671875
"2142",-42.125,-72.6875,35.0710726006086,0.188720703125,137.993896484375
"2143",-42.125,-72.5625,22.9079245542869,0.2001953125,77.07080078125
"2144",-42.125,-72.4375,17.1788446335565,0.683349609375,61.0791015625
"2145",-42.125,-72.3125,21.7157854352679,1.376708984375,47.033935546875
"2146",-42.125,-72.1875,6.57731119791667,4.88330078125,8.073486328125
"2147",-41.875,-76.9375,189.812314565203,1.01715087890625,442.263122558594
"2148",-41.875,-76.8125,117.473100330519,0.00079345703125,445.060211181641
"2149",-41.875,-76.6875,108.805853202603,0.06524658203125,375.528503417969
"2150",-41.875,-76.5625,98.0948160711324,0.10516357421875,355.840545654297
"2151",-41.875,-76.4375,92.8712784926097,0.16510009765625,357.386474609375
"2152",-41.875,-76.3125,88.4658513494665,0.116668701171875,361.554504394531
"2153",-41.875,-76.1875,57.7371192181364,0.079071044921875,320.37890625
"2154",-41.875,-76.0625,53.6058833095888,0.07330322265625,313.306182861328
"2155",-41.875,-75.9375,45.9774378746089,0.013336181640625,210.378036499023
"2156",-41.875,-75.8125,39.1779443258072,0.060028076171875,139.528549194336
"2157",-41.875,-75.6875,66.7999018618935,45.4300537109375,103.453674316406
"2158",-41.875,-75.5625,98.4046137383644,62.1539306640625,134.571136474609
"2159",-41.875,-75.4375,76.1542805989583,68.1839599609375,83.2460632324219
"2160",-41.875,-75.3125,133.731477525499,81.6485900878906,169.890411376953
"2161",-41.875,-74.8125,6.0401496887207,0.487213134765625,11.8649597167969
"2162",-41.875,-74.6875,9.25931549072266,6.76922607421875,13.8732299804688
"2163",-41.875,-74.5625,3.18564860026042,0.753753662109375,6.13449096679688
"2164",-41.875,-74.4375,3.60248413085938,0.303131103515625,5.44186401367188
"2165",-41.875,-74.3125,18.2898254394531,7.5,24.9427795410156
"2166",-41.875,-74.1875,14.1378893171038,0.503021240234375,24.7088317871094
"2167",-41.875,-74.0625,65.5224867387251,0.087158203125,175.867431640625
"2168",-41.875,-73.9375,86.7022099450646,0.3028564453125,287.351318359375
"2169",-41.875,-73.8125,74.3538624634023,0.157958984375,279.932250976562
"2170",-41.875,-73.6875,85.2926282695695,0.026123046875,296.834045410156
"2171",-41.875,-73.5625,91.5497451846071,0.1690673828125,452.673645019531
"2172",-41.875,-73.4375,85.550208131757,0.0819091796875,421.947143554688
"2173",-41.875,-73.3125,75.6445871320943,0.0126953125,325.087524414062
"2174",-41.875,-73.1875,56.4731857657034,0.0457763671875,208.911865234375
"2175",-41.875,-73.0625,60.3947094548358,0.0028076171875,404.05078125
"2176",-41.875,-72.9375,50.7001529386674,0.1025390625,406.671752929688
"2177",-41.875,-72.8125,37.6556353328204,0.427734375,231.732055664062
"2178",-41.875,-72.6875,33.6837340009973,0.008544921875,103.8818359375
"2179",-41.875,-72.5625,27.6933282081117,0.587158203125,62.2431640625
"2180",-41.875,-72.4375,17.6360107421875,0.209716796875,61.266845703125
"2181",-41.875,-72.3125,20.6565856933594,2.04248046875,47.343017578125
"2182",-41.625,-76.9375,194.785561039137,0.1612548828125,447.739532470703
"2183",-41.625,-76.8125,119.244037356793,0.043487548828125,439.432647705078
"2184",-41.625,-76.6875,109.60773657792,0.00885009765625,435.045501708984
"2185",-41.625,-76.5625,99.9995681565262,0.0643310546875,401.600189208984
"2186",-41.625,-76.4375,120.498581298462,0.68426513671875,365.304656982422
"2187",-41.625,-76.3125,81.1342453388531,0.135284423828125,364.215515136719
"2188",-41.625,-76.1875,62.3323729088144,0.073333740234375,367.398132324219
"2189",-41.625,-76.0625,50.1875126914101,0.0152587890625,369.527069091797
"2190",-41.625,-75.9375,47.9090411862555,0.0281982421875,198.585113525391
"2191",-41.625,-75.8125,40.6686952351757,0.941558837890625,139.457656860352
"2192",-41.625,-75.6875,58.9038624482996,35.1542358398438,85.4736328125
"2193",-41.625,-75.5625,94.5139217376709,87.1566772460938,98.8529052734375
"2194",-41.625,-75.4375,107.019029889788,83.9348754882812,161.594177246094
"2195",-41.625,-75.3125,162.479316711426,153.902679443359,170.154312133789
"2196",-41.625,-75.1875,3.06871337890625,1.1416015625,4.254638671875
"2197",-41.625,-75.0625,6.47900390625,4.93304443359375,8.02496337890625
"2198",-41.625,-74.9375,1.70172119140625,1.26113891601562,2.14230346679688
"2199",-41.625,-74.8125,4.71370103624132,0.085174560546875,9.55419921875
"2200",-41.625,-74.6875,296.058851762251,0.0955810546875,358.826934814453
"2201",-41.625,-74.5625,358.692108154297,358.692108154297,358.692108154297
"2202",-41.625,-74.4375,10.0283508300781,0.609039306640625,24.7608337402344
"2203",-41.625,-74.3125,40.1141081310454,0.02313232421875,172.121765136719
"2204",-41.625,-74.1875,27.6895217895508,0.07098388671875,102.957336425781
"2205",-41.625,-74.0625,69.0614166259766,0.1243896484375,320.246520996094
"2206",-41.625,-73.9375,86.9960003142661,0.148193359375,284.710815429688
"2207",-41.625,-73.8125,75.5851265468943,0.0714111328125,273.979370117188
"2208",-41.625,-73.6875,98.095696784914,0.4039306640625,748.285888671875
"2209",-41.625,-73.5625,90.4452076787534,0.03173828125,447.424499511719
"2210",-41.625,-73.4375,80.4695587549789,0.00244140625,331.589721679688
"2211",-41.625,-73.3125,65.7946509413832,0.08984375,330.212890625
"2212",-41.625,-73.1875,53.2516509249306,0.0028076171875,199.005859375
"2213",-41.625,-73.0625,60.829317724686,0.084716796875,397.212036132812
"2214",-41.625,-72.9375,47.1818168640137,0.2529296875,279.168334960938
"2215",-41.625,-72.8125,31.8196633078835,0.48583984375,109.029296875
"2216",-41.625,-72.6875,32.9627892127404,0.00390625,68.728759765625
"2217",-41.625,-72.5625,31.1083416606105,0.61376953125,68.582763671875
"2218",-41.625,-72.4375,14.5121694711538,0.298095703125,50.291748046875
"2219",-41.625,-72.3125,3.796875,2.18017578125,5.41357421875
"2220",-41.375,-76.9375,210.65620680538,1.72018432617188,449.253936767578
"2221",-41.375,-76.8125,112.220144588389,0.091461181640625,423.751190185547
"2222",-41.375,-76.6875,96.0271972590337,0.0098876953125,441.295715332031
"2223",-41.375,-76.5625,97.947111107144,0.03216552734375,425.469207763672
"2224",-41.375,-76.4375,109.000546152819,0.02459716796875,379.604583740234
"2225",-41.375,-76.3125,86.1718779731718,0.03662109375,372.792846679688
"2226",-41.375,-76.1875,65.6743436764692,0.01373291015625,372.902862548828
"2227",-41.375,-76.0625,50.4817678949974,0.003875732421875,313.592315673828
"2228",-41.375,-75.9375,53.8954454111987,0.015594482421875,186.413909912109
"2229",-41.375,-75.8125,46.3673766445673,0.020355224609375,161.029327392578
"2230",-41.375,-75.6875,51.2632073296441,24.4098510742188,69.0555114746094
"2231",-41.375,-75.5625,77.2992493765695,62.4734191894531,93.6156921386719
"2232",-41.375,-75.4375,104.434048820944,58.5865173339844,156.749404907227
"2233",-41.375,-75.3125,131.548537118094,80.5622863769531,156.702621459961
"2234",-41.375,-75.1875,4.67919921875,3.9739990234375,5.3843994140625
"2235",-41.375,-75.0625,1.66017659505208,0.760986328125,2.1937255859375
"2236",-41.375,-74.9375,0.50115966796875,0.50115966796875,0.50115966796875
"2237",-41.375,-74.8125,0.391886393229167,0.000518798828125,1.06329345703125
"2238",-41.375,-74.6875,160.347819010417,0.198211669921875,411.655700683594
"2239",-41.375,-74.5625,142.87509987571,0.2354736328125,359.557434082031
"2240",-41.375,-74.4375,43.7946610561637,2.50387573242188,140.289535522461
"2241",-41.375,-74.3125,54.6229650179545,0.185760498046875,172.229141235352
"2242",-41.375,-74.1875,55.1287597020467,0.49951171875,157.364837646484
"2243",-41.375,-74.0625,96.8312404735668,0.154296875,322.380035400391
"2244",-41.375,-73.9375,79.633890494539,0.033203125,369.892822265625
"2245",-41.375,-73.8125,89.5796725638404,0.1689453125,707.979370117188
"2246",-41.375,-73.6875,89.7120329580319,0.1556396484375,751.949523925781
"2247",-41.375,-73.5625,80.3116987954721,0.003173828125,427.798950195312
"2248",-41.375,-73.4375,73.9304432816469,0.090576171875,342.018798828125
"2249",-41.375,-73.3125,60.7588467068142,0.032470703125,271.105712890625
"2250",-41.375,-73.1875,55.4249923029557,0.0438232421875,383.571533203125
"2251",-41.375,-73.0625,57.908858099805,0.233154296875,387.86962890625
"2252",-41.375,-72.9375,37.6561661080568,0.222412109375,201.677368164062
"2253",-41.375,-72.8125,34.3135096232096,0.097412109375,114.904052734375
"2254",-41.375,-72.6875,26.4042136452415,0.159912109375,73.9609375
"2255",-41.375,-72.5625,41.4272135416667,15.8056640625,67.93701171875
"2256",-41.375,-72.4375,48.375,47.756591796875,49.38525390625
"2257",-41.125,-76.9375,224.694331395864,1.345947265625,491.294250488281
"2258",-41.125,-76.8125,96.4339984093756,0.026947021484375,457.554016113281
"2259",-41.125,-76.6875,90.549727200984,0.0247802734375,427.67919921875
"2260",-41.125,-76.5625,97.8092743935184,0.031982421875,427.959045410156
"2261",-41.125,-76.4375,93.9516426261145,0.0316162109375,399.245697021484
"2262",-41.125,-76.3125,80.9344673710438,0.194183349609375,379.280303955078
"2263",-41.125,-76.1875,64.6772910471075,0.03704833984375,379.984832763672
"2264",-41.125,-76.0625,41.6567028199119,0.122161865234375,312.079040527344
"2265",-41.125,-75.9375,58.4734182720535,0.022491455078125,223.069305419922
"2266",-41.125,-75.8125,49.6621943473816,0.16864013671875,174.931793212891
"2267",-41.125,-75.6875,84.2826591590782,5.43212890625,216.257446289062
"2268",-41.125,-75.5625,110.590721679687,32.4029846191406,215.713150024414
"2269",-41.125,-75.4375,84.3297316028226,32.2448425292969,143.827835083008
"2270",-41.125,-75.3125,117.605909347534,0.299102783203125,192.832015991211
"2271",-41.125,-75.1875,157.38533996582,0.296142578125,216.587844848633
"2272",-41.125,-75.0625,2.78329467773438,2.78329467773438,2.78329467773438
"2273",-41.125,-74.9375,3.02117919921875,1.70455932617188,4.33779907226562
"2274",-41.125,-74.8125,3.65599568684896,1.75204467773438,4.68563842773438
"2275",-41.125,-74.6875,87.8543531629774,0.274383544921875,418.951080322266
"2276",-41.125,-74.5625,5.23406982421875,1.25045776367188,13.0056457519531
"2277",-41.125,-74.4375,10.2390899658203,0.198516845703125,19.37646484375
"2278",-41.125,-74.3125,67.5574041872608,0.274566650390625,136.733001708984
"2279",-41.125,-74.1875,48.965828188004,0.035400390625,137.321685791016
"2280",-41.125,-74.0625,112.059733434928,0.1900634765625,315.778930664062
"2281",-41.125,-73.9375,89.5168846158733,0.0064697265625,364.59130859375
"2282",-41.125,-73.8125,94.4583983943656,0.0302734375,692.025024414062
"2283",-41.125,-73.6875,82.6739478975184,0.0145263671875,367.917785644531
"2284",-41.125,-73.5625,77.6464516871639,0.0146484375,374.861938476562
"2285",-41.125,-73.4375,70.1753965720152,0.01708984375,343.609741210938
"2286",-41.125,-73.3125,57.6380323825922,0.0184326171875,271.198974609375
"2287",-41.125,-73.1875,58.6996892096152,0.0401611328125,379.742919921875
"2288",-41.125,-73.0625,50.9988718646064,0.0107421875,258.489868164062
"2289",-41.125,-72.9375,30.9984066271908,0.0419921875,196.529541015625
"2290",-41.125,-72.8125,32.593798828125,0.607177734375,85.7265625
"2291",-41.125,-72.6875,30.3636177681588,0.1630859375,74.7900390625
"2292",-41.125,-72.5625,44.61923828125,20.450439453125,70.015380859375
"2293",-40.875,-76.9375,152.456603134047,0.98565673828125,481.618408203125
"2294",-40.875,-76.8125,111.37172769969,0.18511962890625,473.58447265625
"2295",-40.875,-76.6875,72.3889736041308,0.36370849609375,466.314178466797
"2296",-40.875,-76.5625,92.9479832586841,0.142974853515625,424.681182861328
"2297",-40.875,-76.4375,91.1478223019442,0.076202392578125,391.227691650391
"2298",-40.875,-76.3125,73.8094040134629,0.02593994140625,382.015838623047
"2299",-40.875,-76.1875,60.689037450865,0.005462646484375,382.244354248047
"2300",-40.875,-76.0625,54.5542721203021,0.00152587890625,309.014099121094
"2301",-40.875,-75.9375,51.9935057724684,0.029998779296875,214.063232421875
"2302",-40.875,-75.8125,60.0187045518539,0.0235595703125,201.202331542969
"2303",-40.875,-75.6875,71.4451020255921,0.85009765625,157.131011962891
"2304",-40.875,-75.5625,93.3179587430732,26.7011413574219,213.224304199219
"2305",-40.875,-75.4375,85.025146484375,41.3158264160156,158.882843017578
"2306",-40.875,-75.3125,101.193478902181,60.4038696289062,131.603668212891
"2307",-40.875,-75.1875,68.571905201879,0.004425048828125,206.34880065918
"2308",-40.875,-74.9375,4.1657969156901,2.02084350585938,6.55120849609375
"2309",-40.875,-74.8125,8.58359662224265,0.054534912109375,23.1451721191406
"2310",-40.875,-74.6875,5.75588226318359,0.133819580078125,20.0354614257812
"2311",-40.875,-74.5625,6.60538155691964,0.631378173828125,13.7733459472656
"2312",-40.875,-74.4375,5.111376953125,0.173797607421875,10.1357116699219
"2313",-40.875,-74.3125,8.46011075106534,0.210235595703125,14.6461791992188
"2314",-40.875,-74.1875,70.469089673913,0.667236328125,174.090087890625
"2315",-40.875,-74.0625,95.9464399689814,1.974853515625,287.884796142578
"2316",-40.875,-73.9375,88.1556515277632,1.18438720703125,351.165496826172
"2317",-40.875,-73.8125,98.9837184622766,0.207763671875,667.255493164062
"2318",-40.875,-73.6875,87.3669509976101,0.0052490234375,410.104919433594
"2319",-40.875,-73.5625,78.0034001245847,0.0888671875,373.15478515625
"2320",-40.875,-73.4375,64.6045988844871,0.001708984375,264.281372070312
"2321",-40.875,-73.3125,54.3314540929962,0.0235595703125,323.424194335938
"2322",-40.875,-73.1875,56.5231002281452,0.031005859375,369.9482421875
"2323",-40.875,-73.0625,46.1023305384001,0.033203125,249.3046875
"2324",-40.875,-72.9375,31.3529812642281,0.082763671875,158.950561523438
"2325",-40.875,-72.8125,35.1809876907704,1.482421875,71.179931640625
"2326",-40.875,-72.6875,32.2069781759511,2.47900390625,72.291748046875
"2327",-40.875,-72.4375,14.8416137695312,13.933349609375,16.533203125
"2328",-40.625,-76.9375,117.612555767982,1.05059814453125,469.898406982422
"2329",-40.625,-76.8125,99.2674989419431,0.0478515625,476.530792236328
"2330",-40.625,-76.6875,79.6950370798099,0.271575927734375,461.898864746094
"2331",-40.625,-76.5625,79.8557127220196,0.310211181640625,426.554504394531
"2332",-40.625,-76.4375,74.2748874906406,0.025970458984375,384.377838134766
"2333",-40.625,-76.3125,60.86741373114,0.101043701171875,328.399291992188
"2334",-40.625,-76.1875,48.5565872260685,0.101318359375,306.586059570312
"2335",-40.625,-76.0625,36.3911496063964,0.104248046875,173.284439086914
"2336",-40.625,-75.9375,45.8311954416742,0.17364501953125,206.439498901367
"2337",-40.625,-75.8125,54.3296022730947,0.012969970703125,210.11930847168
"2338",-40.625,-75.6875,63.7230000533457,0.0338134765625,211.882415771484
"2339",-40.625,-75.5625,78.0260309679755,0.7154541015625,214.683624267578
"2340",-40.625,-75.4375,93.5673308195891,45.0888061523438,132.458953857422
"2341",-40.625,-75.3125,142.392039998372,129.912872314453,153.760177612305
"2342",-40.625,-75.1875,157.121053451147,1.04507446289062,182.925827026367
"2343",-40.625,-75.0625,1.77363891601563,0.503814697265625,3.984130859375
"2344",-40.625,-74.9375,8.03592886575838,0.02130126953125,18.0484313964844
"2345",-40.625,-74.8125,4.23698286576705,0.075164794921875,9.76275634765625
"2346",-40.625,-74.6875,13.2823268345424,5.59408569335938,16.2381286621094
"2347",-40.625,-74.5625,7.50290171305339,0.543365478515625,19.2626342773438
"2348",-40.625,-74.4375,5.53643911856192,0.0712890625,16.9548034667969
"2349",-40.625,-74.3125,7.96481801949295,0.94921875,14.8800659179688
"2350",-40.625,-74.1875,56.6459998106345,0.021148681640625,170.629943847656
"2351",-40.625,-74.0625,98.4372386365834,0.4444580078125,284.391815185547
"2352",-40.625,-73.9375,94.4151057300952,0.1121826171875,337.3681640625
"2353",-40.625,-73.8125,106.661028823534,0.028076171875,668.615234375
"2354",-40.625,-73.6875,86.7710106382979,0.0704345703125,427.571411132812
"2355",-40.625,-73.5625,72.5351072355081,0.0322265625,373.020141601562
"2356",-40.625,-73.4375,59.3208371515143,0.2552490234375,250.574340820312
"2357",-40.625,-73.3125,57.7969929971878,0.03662109375,356.617553710938
"2358",-40.625,-73.1875,57.0215885914913,0.005859375,352.95263671875
"2359",-40.625,-73.0625,40.8264070923565,0.079833984375,263.330810546875
"2360",-40.625,-72.9375,27.0338558799342,0.339599609375,96.17822265625
"2361",-40.625,-72.8125,33.3300075954861,2.32373046875,98.039306640625
"2362",-40.625,-72.6875,1.48860677083333,1.110595703125,2.2236328125
"2363",-40.625,-72.5625,16.20947265625,16.20947265625,16.20947265625
"2364",-40.625,-72.4375,14.95703125,14.95703125,14.95703125
"2365",-40.375,-76.9375,99.846065808368,0.0369873046875,401.345642089844
"2366",-40.375,-76.8125,72.0461860957899,0.187255859375,459.391784667969
"2367",-40.375,-76.6875,69.2275118705554,0.26788330078125,430.976806640625
"2368",-40.375,-76.5625,77.5907162508465,0.427459716796875,357.1826171875
"2369",-40.375,-76.4375,63.250007649041,0.050384521484375,331.333740234375
"2370",-40.375,-76.3125,57.6990843951658,0.15679931640625,313.004272460938
"2371",-40.375,-76.1875,43.9715698190594,0.047119140625,301.777160644531
"2372",-40.375,-76.0625,42.9021580047027,0.460479736328125,191.793212890625
"2373",-40.375,-75.9375,47.7706148711293,0.110198974609375,201.311706542969
"2374",-40.375,-75.8125,49.4790694953246,0.165618896484375,207.180221557617
"2375",-40.375,-75.6875,64.6850915139551,0.043701171875,145.789291381836
"2376",-40.375,-75.5625,86.052938866803,0.28533935546875,212.57048034668
"2377",-40.375,-75.4375,102.028528122675,85.5986633300781,122.284545898438
"2378",-40.375,-75.1875,145.487375895182,144.508605957031,146.177352905273
"2379",-40.375,-75.0625,2.35344696044922,1.25326538085938,3.38607788085938
"2380",-40.375,-74.9375,5.86199246920072,0.8719482421875,13.893798828125
"2381",-40.375,-74.8125,11.2298055013021,3.75686645507812,16.6471252441406
"2382",-40.375,-74.6875,12.0101819719587,4.28564453125,19.0447082519531
"2383",-40.375,-74.5625,8.17679387872869,0.539337158203125,27.2864074707031
"2384",-40.375,-74.4375,13.4779179270675,0.142852783203125,26.0811767578125
"2385",-40.375,-74.3125,11.4458802541097,0.03955078125,40.1992492675781
"2386",-40.375,-74.1875,56.3036785059274,0.078125,200.743103027344
"2387",-40.375,-74.0625,93.0676723303689,0.6246337890625,286.070739746094
"2388",-40.375,-73.9375,100.173128375475,0.14208984375,332.74267578125
"2389",-40.375,-73.8125,104.720860327366,0.0965576171875,636.6630859375
"2390",-40.375,-73.6875,81.51192015421,0.014404296875,377.071960449219
"2391",-40.375,-73.5625,70.1650782224314,0.03076171875,295.103393554688
"2392",-40.375,-73.4375,56.166196798646,0.014404296875,313.095092773438
"2393",-40.375,-73.3125,55.0562006980861,0.019287109375,338.69091796875
"2394",-40.375,-73.1875,55.6878245745518,0.016845703125,344.720458984375
"2395",-40.375,-73.0625,35.8262671968376,0.276123046875,165.31396484375
"2396",-40.375,-72.9375,36.2280482700893,0.5107421875,99.25390625
"2397",-40.375,-72.8125,13.9396701388889,2.33544921875,50.087646484375
"2398",-40.375,-72.6875,10.5689697265625,9.544189453125,11.59375
"2399",-40.375,-72.5625,15.0775553385417,12.804443359375,16.587158203125
"2400",-40.125,-76.9375,114.896586820439,0.1214599609375,420.404724121094
"2401",-40.125,-76.8125,89.3417357365694,0.015625,410.073425292969
"2402",-40.125,-76.6875,62.5022980545023,0.08172607421875,421.672607421875
"2403",-40.125,-76.5625,66.2045005142763,0.036407470703125,424.84228515625
"2404",-40.125,-76.4375,57.278555347939,0.47979736328125,420.947570800781
"2405",-40.125,-76.3125,54.3485097191714,0.097564697265625,299.227905273438
"2406",-40.125,-76.1875,42.8617398385398,0.128082275390625,206.041320800781
"2407",-40.125,-76.0625,32.9055502251295,0.030120849609375,179.830825805664
"2408",-40.125,-75.9375,44.2553756624783,0.017181396484375,213.044692993164
"2409",-40.125,-75.8125,54.4855707640289,0.01068115234375,214.164123535156
"2410",-40.125,-75.6875,71.6881166909628,0.052398681640625,211.288635253906
"2411",-40.125,-75.5625,84.7388649798454,0.291717529296875,210.734680175781
"2412",-40.125,-75.0625,1.21798706054688,1.21798706054688,1.21798706054688
"2413",-40.125,-74.9375,4.23388264973958,0.69427490234375,10.1585083007812
"2414",-40.125,-74.8125,4.18152965198864,0.1798095703125,8.54550170898438
"2415",-40.125,-74.6875,4.56900024414062,0.469207763671875,12.5233154296875
"2416",-40.125,-74.5625,8.53431955973307,0.444061279296875,22.8672485351562
"2417",-40.125,-74.4375,17.8632551552593,0.016845703125,55.4729919433594
"2418",-40.125,-74.3125,35.1182665143694,0.3701171875,127.501007080078
"2419",-40.125,-74.1875,58.3925929376256,1.413330078125,242.37548828125
"2420",-40.125,-74.0625,89.9208345313521,0.113037109375,273.585296630859
"2421",-40.125,-73.9375,96.0957412831431,0.119384765625,551.953979492188
"2422",-40.125,-73.8125,98.5626824711542,0.0142822265625,568.123657226562
"2423",-40.125,-73.6875,81.6106890754765,0.1517333984375,372.70361328125
"2424",-40.125,-73.5625,69.3889525108731,0.000732421875,292.314208984375
"2425",-40.125,-73.4375,54.1527673568596,0.0147705078125,311.89599609375
"2426",-40.125,-73.3125,58.0183659306279,0.047607421875,330.831420898438
"2427",-40.125,-73.1875,47.3435679142117,0.384521484375,232.551513671875
"2428",-40.125,-73.0625,37.6621595408819,0.191650390625,154.54052734375
"2429",-40.125,-72.9375,22.371588291266,0.7353515625,67.047607421875
"2430",-40.125,-72.8125,5.137939453125,5.0283203125,5.24755859375
"2431",-40.125,-72.6875,7.806396484375,7.5224609375,8.09033203125
"2432",-40.125,-72.5625,1.48583984375,1.48583984375,1.48583984375
"2433",-39.875,-76.9375,55.6258172200521,0.10394287109375,410.571899414062
"2434",-39.875,-76.8125,70.3529901998452,0.090087890625,409.948791503906
"2435",-39.875,-76.6875,54.6615263355722,0.078369140625,386.787048339844
"2436",-39.875,-76.5625,61.8907676310365,0.2113037109375,372.974914550781
"2437",-39.875,-76.4375,54.5405457677315,0.23980712890625,270.877746582031
"2438",-39.875,-76.3125,52.2696665433737,0.04693603515625,284.421325683594
"2439",-39.875,-76.1875,37.4286259362073,0.058013916015625,202.823257446289
"2440",-39.875,-76.0625,35.8161014055714,0.020050048828125,182.704681396484
"2441",-39.875,-75.9375,43.8428736147673,0.017822265625,201.16227722168
"2442",-39.875,-75.8125,56.6386387029551,0.075592041015625,211.354751586914
"2443",-39.875,-75.6875,75.6223287598926,0.059906005859375,220.432861328125
"2444",-39.875,-75.5625,71.8859086213289,0.205078125,199.657241821289
"2445",-39.875,-75.1875,5.74369303385417,3.39492797851562,8.27212524414062
"2446",-39.875,-75.0625,2.96122233072917,1.27261352539062,4.79132080078125
"2447",-39.875,-74.9375,4.01544189453125,1.18328857421875,6.84759521484375
"2448",-39.875,-74.8125,3.15741475423177,0.04278564453125,11.1498413085938
"2449",-39.875,-74.6875,6.58626708984375,0.047393798828125,21.1935119628906
"2450",-39.875,-74.5625,8.55907694498698,0.08306884765625,18.2921142578125
"2451",-39.875,-74.4375,6.39830988103693,0.187225341796875,50.4458618164062
"2452",-39.875,-74.3125,19.9524998020481,0.05645751953125,65.6651000976562
"2453",-39.875,-74.1875,88.8305240460296,1.7427978515625,364.39111328125
"2454",-39.875,-74.0625,103.685623830159,0.5399169921875,359.829315185547
"2455",-39.875,-73.9375,98.3643674786287,0.0015869140625,314.64453125
"2456",-39.875,-73.8125,101.186322509483,0.0751953125,536.632751464844
"2457",-39.875,-73.6875,82.2939444903149,0.0416259765625,455.96337890625
"2458",-39.875,-73.5625,63.6334279071854,0.3095703125,282.22216796875
"2459",-39.875,-73.4375,55.5255092042645,0.038330078125,331.633422851562
"2460",-39.875,-73.3125,52.1455826543609,0.02197265625,302.508056640625
"2461",-39.875,-73.1875,44.8879156686515,0.012939453125,206.7177734375
"2462",-39.875,-73.0625,36.0371527777778,0.0439453125,151.245849609375
"2463",-39.875,-72.9375,18.3270786830357,4.180908203125,33.7470703125
"2464",-39.875,-72.8125,3.91717529296875,1.574462890625,8.141357421875
"2465",-39.875,-72.6875,1.845458984375,1.269775390625,2.195068359375
"2466",-39.625,-76.9375,54.956676692553,0.1964111328125,389.289581298828
"2467",-39.625,-76.8125,61.6382155708645,0.1951904296875,374.712738037109
"2468",-39.625,-76.6875,45.8352004132952,0.02313232421875,296.984222412109
"2469",-39.625,-76.5625,56.1639062851703,0.18743896484375,301.576141357422
"2470",-39.625,-76.4375,49.6924877126929,0.1126708984375,278.965423583984
"2471",-39.625,-76.3125,50.8089165349925,0.144561767578125,252.688095092773
"2472",-39.625,-76.1875,40.0432503362884,0.03314208984375,157.394287109375
"2473",-39.625,-76.0625,34.0494195657183,0.043853759765625,278.931793212891
"2474",-39.625,-75.9375,35.5046440423882,0.027740478515625,166.047332763672
"2475",-39.625,-75.8125,54.3122172050288,0.50555419921875,181.423492431641
"2476",-39.625,-75.6875,67.5828519243624,0.09759521484375,269.656768798828
"2477",-39.625,-75.5625,62.6380458559309,1.80426025390625,253.181518554688
"2478",-39.625,-75.4375,15.4049987792969,1.13040161132812,32.45361328125
"2479",-39.625,-75.1875,0.995551215277778,0.19049072265625,2.32437133789062
"2480",-39.625,-75.0625,7.52679036458333,0.11468505859375,21.9775390625
"2481",-39.625,-74.9375,12.4102545844184,2.945068359375,19.4563598632812
"2482",-39.625,-74.8125,7.10358755929129,0.444793701171875,18.2673645019531
"2483",-39.625,-74.6875,14.9188971268503,0.4117431640625,25.8023071289062
"2484",-39.625,-74.5625,10.9413064213122,0.424102783203125,27.0842895507812
"2485",-39.625,-74.4375,73.5209250614561,0.0062255859375,243.556015014648
"2486",-39.625,-74.3125,50.678532721588,0.283477783203125,309.137969970703
"2487",-39.625,-74.1875,89.6753318766057,0.02093505859375,354.084075927734
"2488",-39.625,-74.0625,104.388341833044,0.2681884765625,355.370178222656
"2489",-39.625,-73.9375,102.526509474747,0.0106201171875,307.779235839844
"2490",-39.625,-73.8125,96.2038855370055,0.242431640625,512.152587890625
"2491",-39.625,-73.6875,81.0731532217771,0.0426025390625,379.025146484375
"2492",-39.625,-73.5625,59.6919801584684,0.005615234375,245.981811523438
"2493",-39.625,-73.4375,55.1548695821248,0.001220703125,336.64453125
"2494",-39.625,-73.3125,49.6681176262933,0.004150390625,288.8544921875
"2495",-39.625,-73.1875,35.5176134756787,0.016845703125,205.521484375
"2496",-39.625,-73.0625,24.4443861033818,0.486083984375,151.64501953125
"2497",-39.625,-72.9375,17.7269694010417,1.066162109375,32.808837890625
"2498",-39.625,-72.8125,12.5819905598958,1.14697265625,16.605712890625
"2499",-39.625,-72.6875,6.4613037109375,3.86083984375,9.061767578125
"2500",-39.375,-76.9375,68.7473985290527,0.08892822265625,379.359039306641
"2501",-39.375,-76.8125,64.9604100107357,0.179443359375,388.571258544922
"2502",-39.375,-76.6875,51.3718504224505,0.01373291015625,321.333679199219
"2503",-39.375,-76.5625,49.2212541232016,0.08099365234375,317.773651123047
"2504",-39.375,-76.4375,49.2896856182284,0.00933837890625,279.269775390625
"2505",-39.375,-76.3125,47.294537216358,0.0093994140625,197.132019042969
"2506",-39.375,-76.1875,39.8785199976679,0.18096923828125,183.948120117188
"2507",-39.375,-76.0625,45.3839368456551,0.000701904296875,271.165100097656
"2508",-39.375,-75.9375,32.153849475112,0.0457763671875,358.791168212891
"2509",-39.375,-75.8125,53.9020441228693,0.179412841796875,181.086761474609
"2510",-39.375,-75.6875,66.5739976317439,0.473785400390625,273.898559570312
"2511",-39.375,-75.5625,83.1845084412457,5.4185791015625,274.506225585938
"2512",-39.375,-75.4375,27.9730377197266,0.575775146484375,206.703460693359
"2513",-39.375,-75.3125,1.50337219238281,0.25799560546875,4.09661865234375
"2514",-39.375,-75.1875,1.74393717447917,0.07568359375,3.27621459960938
"2515",-39.375,-75.0625,3.43544311523438,0.51593017578125,7.96987915039062
"2516",-39.375,-74.9375,4.47420120239258,0.05963134765625,8.41534423828125
"2517",-39.375,-74.8125,2.5706787109375,0.11444091796875,5.02691650390625
"2518",-39.375,-74.6875,8.63973650251116,0.33941650390625,25.4300231933594
"2519",-39.375,-74.5625,2.65691612506735,0.009185791015625,8.84628295898438
"2520",-39.375,-74.4375,78.3392033652654,0.3778076171875,241.325378417969
"2521",-39.375,-74.3125,91.7413082638302,0.15313720703125,351.243896484375
"2522",-39.375,-74.1875,91.6699821643091,0.27178955078125,264.420837402344
"2523",-39.375,-74.0625,113.728672695931,0.36572265625,345.561218261719
"2524",-39.375,-73.9375,86.6441184761598,0.0172119140625,363.160034179688
"2525",-39.375,-73.8125,87.2722145645979,0.002685546875,412.393310546875
"2526",-39.375,-73.6875,68.5237647024908,0.003662109375,301.72705078125
"2527",-39.375,-73.5625,56.1355730610509,0.052978515625,250.041625976562
"2528",-39.375,-73.4375,55.4760792370568,0.031982421875,337.770263671875
"2529",-39.375,-73.3125,45.773535348109,0.01953125,293.338012695312
"2530",-39.375,-73.1875,34.0838918249592,0.32421875,205.498046875
"2531",-39.375,-73.0625,24.8091292842742,2.736572265625,55.191650390625
"2532",-39.375,-72.9375,18.3643188476562,2.396240234375,54.59228515625
"2533",-39.125,-76.9375,54.3092867412264,0.19708251953125,360.050506591797
"2534",-39.125,-76.8125,50.0298309739689,0.09063720703125,387.040100097656
"2535",-39.125,-76.6875,50.4119397488697,0.04833984375,265.770233154297
"2536",-39.125,-76.5625,37.7938537597656,6.103515625e-05,204.227478027344
"2537",-39.125,-76.4375,42.3252071349457,0.24822998046875,235.531768798828
"2538",-39.125,-76.3125,43.1573257357678,0.2662353515625,225.472015380859
"2539",-39.125,-76.1875,35.2045217994752,0.015380859375,179.412109375
"2540",-39.125,-76.0625,36.1871878582498,0.00146484375,356.78125
"2541",-39.125,-75.9375,38.1534027165665,0.084075927734375,358.005798339844
"2542",-39.125,-75.8125,47.8321975708008,0.0286865234375,173.545562744141
"2543",-39.125,-75.6875,61.9343614727047,0.16845703125,173.854507446289
"2544",-39.125,-75.5625,64.67754723044,0.05828857421875,193.534606933594
"2545",-39.125,-75.4375,63.6258101924773,0.125274658203125,200.026657104492
"2546",-39.125,-75.3125,4.83182983398437,0.316192626953125,9.14285278320312
"2547",-39.125,-74.8125,1.49021845278533,0.058807373046875,3.28030395507812
"2548",-39.125,-74.6875,3.11609985351563,0.096527099609375,8.74554443359375
"2549",-39.125,-74.5625,5.3585195233745,0.28411865234375,12.229736328125
"2550",-39.125,-74.4375,42.9276620616084,0.063140869140625,240.960250854492
"2551",-39.125,-74.3125,121.508453598022,0.00665283203125,372.457397460938
"2552",-39.125,-74.1875,117.057134355818,0.09942626953125,360.753875732422
"2553",-39.125,-74.0625,118.191686048432,1.050048828125,370.25927734375
"2554",-39.125,-73.9375,97.7142532330403,0.3385009765625,406.851745605469
"2555",-39.125,-73.8125,86.3509796633917,0.03369140625,429.270568847656
"2556",-39.125,-73.6875,61.6743503195385,0.009765625,270.219360351562
"2557",-39.125,-73.5625,55.9691409276537,0.0106201171875,310.289916992188
"2558",-39.125,-73.4375,55.6424836606946,0.0064697265625,324.754272460938
"2559",-39.125,-73.3125,43.5717584264209,0.025390625,204.099853515625
"2560",-39.125,-73.1875,30.2028933155293,0.1337890625,146.589111328125
"2561",-39.125,-73.0625,28.4708740234375,4.281982421875,58.779052734375
"2562",-39.125,-72.9375,45.3693033854167,23.945556640625,83.6162109375
"2563",-38.875,-76.9375,95.7520617266607,0.1014404296875,380.341735839844
"2564",-38.875,-76.8125,40.249901952499,0.051025390625,384.589172363281
"2565",-38.875,-76.6875,44.8906681791265,0.11993408203125,246.661834716797
"2566",-38.875,-76.5625,36.226926950308,0.08026123046875,202.636413574219
"2567",-38.875,-76.4375,37.1759405208539,0.0662841796875,214.393493652344
"2568",-38.875,-76.3125,41.1169030643204,0.01580810546875,240.490478515625
"2569",-38.875,-76.1875,41.9625705617328,0.013214111328125,341.798522949219
"2570",-38.875,-76.0625,43.3463088677854,0.014251708984375,356.331726074219
"2571",-38.875,-75.9375,44.1896629217782,0.01470947265625,362.626403808594
"2572",-38.875,-75.8125,51.8374022927173,0.084136962890625,371.31640625
"2573",-38.875,-75.6875,71.0691047437263,0.048187255859375,232.690383911133
"2574",-38.875,-75.5625,105.470626774119,2.31832885742188,204.00553894043
"2575",-38.875,-75.4375,85.8644491342398,0.7889404296875,192.99250793457
"2576",-38.875,-75.3125,8.6636962890625,0.060791015625,52.8768615722656
"2577",-38.875,-74.9375,2.3955332438151,0.099945068359375,4.75790405273438
"2578",-38.875,-74.8125,6.92641009706439,0.175506591796875,23.8569030761719
"2579",-38.875,-74.6875,2.77323303222656,0.04071044921875,7.84091186523438
"2580",-38.875,-74.5625,5.48076847621373,0.32415771484375,11.8597106933594
"2581",-38.875,-74.4375,7.9328603108724,0.19744873046875,18.9308776855469
"2582",-38.875,-74.3125,71.7785243822181,0.07928466796875,220.183471679688
"2583",-38.875,-74.1875,104.572273500504,0.24298095703125,358.180755615234
"2584",-38.875,-74.0625,126.121986159178,0.0162353515625,577.419738769531
"2585",-38.875,-73.9375,96.7073046988818,0.490966796875,431.022033691406
"2586",-38.875,-73.8125,81.170042036394,0.1688232421875,438.167907714844
"2587",-38.875,-73.6875,56.5788452496216,0.052001953125,316.361938476562
"2588",-38.875,-73.5625,55.5857270810362,0.0303955078125,317.4482421875
"2589",-38.875,-73.4375,50.5086698686603,0.175537109375,253.551025390625
"2590",-38.875,-73.3125,37.9992704984674,0.079345703125,212.208862304688
"2591",-38.875,-73.1875,21.5960056470788,0.390869140625,54.971923828125
"2592",-38.875,-73.0625,13.8182373046875,2.20263671875,26.72998046875
"2593",-38.875,-72.9375,86.7567138671875,85.103759765625,89.633544921875
"2594",-38.625,-76.9375,46.5729482771608,0.0467529296875,314.140472412109
"2595",-38.625,-76.8125,35.4426324000277,0.0107421875,222.798736572266
"2596",-38.625,-76.6875,43.270515349417,0.118896484375,223.421966552734
"2597",-38.625,-76.5625,29.9150286789257,0.0352783203125,160.566528320312
"2598",-38.625,-76.4375,36.1081174425259,0.12982177734375,211.693176269531
"2599",-38.625,-76.3125,37.1810829003065,0.01300048828125,204.570068359375
"2600",-38.625,-76.1875,45.8792384904006,0.0413818359375,338.458801269531
"2601",-38.625,-76.0625,39.0738479526057,0.0802001953125,340.012573242188
"2602",-38.625,-75.9375,49.5440483566336,0.161468505859375,347.440795898438
"2603",-38.625,-75.8125,49.361270919739,0.460479736328125,241.281463623047
"2604",-38.625,-75.6875,56.1519760612969,0.63922119140625,241.555221557617
"2605",-38.625,-75.5625,85.3829713240914,1.26873779296875,193.148147583008
"2606",-38.625,-75.4375,71.6801059864186,1.73153686523438,176.39387512207
"2607",-38.625,-75.3125,25.9613622029622,1.41351318359375,56.0209655761719
"2608",-38.625,-75.1875,4.6948479546441,2.9920654296875,6.591064453125
"2609",-38.625,-75.0625,2.43006591796875,0.714508056640625,3.9310302734375
"2610",-38.625,-74.9375,6.5743369362571,0.281951904296875,18.648681640625
"2611",-38.625,-74.8125,20.8373240048123,0.07080078125,282.522521972656
"2612",-38.625,-74.6875,194.359843534582,0.29022216796875,269.212219238281
"2613",-38.625,-74.5625,9.26526270157252,0.271453857421875,158.50830078125
"2614",-38.625,-74.4375,4.08844353170956,0.5794677734375,11.0515441894531
"2615",-38.625,-74.3125,90.2534354446281,0.241851806640625,372.741760253906
"2616",-38.625,-74.1875,126.842039668271,0.0811767578125,538.606872558594
"2617",-38.625,-74.0625,109.602186461789,0.34576416015625,544.398620605469
"2618",-38.625,-73.9375,96.4763661368949,0.0341796875,422.9521484375
"2619",-38.625,-73.8125,66.6109897696712,0.010986328125,304.787353515625
"2620",-38.625,-73.6875,53.859876245239,0.00146484375,320.40380859375
"2621",-38.625,-73.5625,59.0526574200749,0.0302734375,315.473022460938
"2622",-38.625,-73.4375,42.951877281314,0.039306640625,198.837158203125
"2623",-38.625,-73.3125,28.975312204072,0.51416015625,141.244140625
"2624",-38.625,-73.1875,26.5320405505952,0.893798828125,50.243408203125
"2625",-38.625,-73.0625,66.9632568359375,23.281494140625,95.198974609375
"2626",-38.375,-76.9375,53.7132726411846,0.35430908203125,328.133850097656
"2627",-38.375,-76.8125,30.4693177453038,0.01226806640625,201.99169921875
"2628",-38.375,-76.6875,46.1227987495957,0.23541259765625,208.955505371094
"2629",-38.375,-76.5625,29.2662962904488,0.02203369140625,155.381591796875
"2630",-38.375,-76.4375,28.5638059262876,0.0892333984375,131.491638183594
"2631",-38.375,-76.3125,39.2585959323617,0.05108642578125,224.770080566406
"2632",-38.375,-76.1875,36.0075097847984,0.078857421875,307.611694335938
"2633",-38.375,-76.0625,38.6200410118399,0.0428466796875,301.305603027344
"2634",-38.375,-75.9375,42.5233779907227,0.418609619140625,153.585205078125
"2635",-38.375,-75.8125,53.6336006478643,0.525848388671875,214.134872436523
"2636",-38.375,-75.6875,59.6703650689894,1.73703002929688,247.02360534668
"2637",-38.375,-75.5625,52.8807821420523,2.80801391601562,118.856475830078
"2638",-38.375,-75.4375,37.0514159202576,0.93853759765625,72.0566101074219
"2639",-38.375,-75.3125,1.98949584960938,0.0408935546875,6.21981811523438
"2640",-38.375,-75.1875,3.93549601236979,0.19183349609375,7.46197509765625
"2641",-38.375,-75.0625,5.46235096605518,0.12353515625,14.3063659667969
"2642",-38.375,-74.9375,4.85605854890784,0.000457763671875,12.7830810546875
"2643",-38.375,-74.8125,108.555011325412,0.035736083984375,360.310211181641
"2644",-38.375,-74.6875,164.399996747027,0.775482177734375,340.331329345703
"2645",-38.375,-74.5625,31.3303922327553,0.83477783203125,170.656723022461
"2646",-38.375,-74.4375,14.8412675999883,0.05279541015625,264.098785400391
"2647",-38.375,-74.3125,102.809717752847,0.015533447265625,438.595123291016
"2648",-38.375,-74.1875,139.169422234429,0.00848388671875,537.612854003906
"2649",-38.375,-74.0625,98.2648998059724,0.0240478515625,414.529296875
"2650",-38.375,-73.9375,93.7162820618985,0.0147705078125,431.108520507812
"2651",-38.375,-73.8125,62.4031229957316,0.0247802734375,332.958862304688
"2652",-38.375,-73.6875,55.3996768883244,0.01318359375,325.565185546875
"2653",-38.375,-73.5625,53.5038981899794,0.005859375,307.94970703125
"2654",-38.375,-73.4375,35.3567770565257,0.18408203125,190.431396484375
"2655",-38.375,-73.3125,25.4230328184186,0.324951171875,125.917724609375
"2656",-38.375,-73.1875,22.4428304036458,0.3359375,35.6259765625
"2657",-38.375,-73.0625,95.8491908482143,92.709228515625,100.328369140625
"2658",-38.125,-76.9375,43.3598460804332,0.02081298828125,232.634704589844
"2659",-38.125,-76.8125,38.9062620667205,0.14959716796875,180.697326660156
"2660",-38.125,-76.6875,44.3071262314025,0.011474609375,192.984558105469
"2661",-38.125,-76.5625,26.4357304035894,0.030517578125,158.235290527344
"2662",-38.125,-76.4375,25.1030108229558,0.0399169921875,135.784606933594
"2663",-38.125,-76.3125,35.9084499963973,0.30859375,186.035675048828
"2664",-38.125,-76.1875,33.4213628301557,0.1197509765625,236.971832275391
"2665",-38.125,-76.0625,40.2335381378093,0.0394287109375,303.39453125
"2666",-38.125,-75.9375,41.7901017893916,0.014129638671875,177.809692382812
"2667",-38.125,-75.8125,49.6196764396899,0.101226806640625,176.148620605469
"2668",-38.125,-75.6875,55.206143477501,0.0587158203125,237.431838989258
"2669",-38.125,-75.5625,41.4631121746905,1.68206787109375,124.581848144531
"2670",-38.125,-75.4375,42.9888160342262,4.40350341796875,56.9673461914062
"2671",-38.125,-75.3125,3.19948032924107,0.082000732421875,6.56539916992188
"2672",-38.125,-75.1875,50.1340590256911,0.033721923828125,306.415008544922
"2673",-38.125,-75.0625,4.31186240059989,0.24432373046875,10.7261047363281
"2674",-38.125,-74.9375,3.64184061686198,0.16131591796875,7.52734375
"2675",-38.125,-74.8125,132.200115922569,0.282562255859375,361.09912109375
"2676",-38.125,-74.6875,111.750507714613,0.40777587890625,365.665405273438
"2677",-38.125,-74.5625,84.8160940190797,0.7220458984375,277.663635253906
"2678",-38.125,-74.4375,130.219735210192,0.2506103515625,398.265563964844
"2679",-38.125,-74.3125,115.449179292929,0.32904052734375,417.789733886719
"2680",-38.125,-74.1875,118.651002274292,0.0029296875,505.486328125
"2681",-38.125,-74.0625,91.3812738504766,0.11962890625,567.186950683594
"2682",-38.125,-73.9375,81.3711650589473,0.0391845703125,348.621337890625
"2683",-38.125,-73.8125,57.2575022279237,0.036865234375,335.682739257812
"2684",-38.125,-73.6875,55.0776104439842,0.02294921875,298.591430664062
"2685",-38.125,-73.5625,45.4882709722927,0.037841796875,238.588623046875
"2686",-38.125,-73.4375,29.4259753104968,0.13037109375,142.353515625
"2687",-38.125,-73.3125,40.777001953125,0.4453125,212.862548828125
"2688",-38.125,-73.1875,57.308740234375,31.05712890625,94.53369140625
"2689",-38.125,-73.0625,87.0853271484375,84.4130859375,95.3212890625
"2690",-37.875,-76.9375,47.5625315803793,0.0238037109375,183.227111816406
"2691",-37.875,-76.8125,44.2417846421611,0.02093505859375,175.4814453125
"2692",-37.875,-76.6875,33.2299440369125,0.00787353515625,181.100830078125
"2693",-37.875,-76.5625,27.0948795066269,0.05731201171875,142.41552734375
"2694",-37.875,-76.4375,24.6282368090329,0.0224609375,131.435241699219
"2695",-37.875,-76.3125,30.8106656638525,0.0325927734375,166.868225097656
"2696",-37.875,-76.1875,30.5916457538457,0.04345703125,225.711151123047
"2697",-37.875,-76.0625,42.7678483459292,0.091552734375,375.973327636719
"2698",-37.875,-75.9375,43.1016797899366,0.0623779296875,260.855773925781
"2699",-37.875,-75.8125,41.9261902623207,0.07757568359375,191.529388427734
"2700",-37.875,-75.6875,50.2716453662817,0.02764892578125,229.775802612305
"2701",-37.875,-75.5625,34.1141175436317,0.1649169921875,145.816314697266
"2702",-37.875,-75.4375,41.8717068758878,2.78744506835938,53.4408264160156
"2703",-37.875,-75.1875,115.996382795061,0.514068603515625,307.073516845703
"2704",-37.875,-75.0625,67.4519629227488,0.21240234375,306.452880859375
"2705",-37.875,-74.9375,41.1659454345703,0.1036376953125,315.786102294922
"2706",-37.875,-74.8125,105.495251032311,0.133819580078125,362.144317626953
"2707",-37.875,-74.6875,132.11601551552,0.334259033203125,362.93017578125
"2708",-37.875,-74.5625,100.426189229946,0.107757568359375,323.193511962891
"2709",-37.875,-74.4375,170.935482817336,0.06610107421875,481.465698242188
"2710",-37.875,-74.3125,133.333240715233,0.05474853515625,475.928466796875
"2711",-37.875,-74.1875,113.835561878931,0.142578125,474.4453125
"2712",-37.875,-74.0625,88.883775975154,0.22607421875,555.828491210938
"2713",-37.875,-73.9375,65.3379703002241,0.15869140625,287.2255859375
"2714",-37.875,-73.8125,54.2032102772887,0.030029296875,340.378784179688
"2715",-37.875,-73.6875,56.7006082970219,0.031494140625,347.166381835938
"2716",-37.875,-73.5625,40.0992333148686,0.039306640625,192.544189453125
"2717",-37.875,-73.4375,29.608392578125,0.127197265625,220.756591796875
"2718",-37.875,-73.3125,84.2422214084201,4.929443359375,211.035888671875
"2719",-37.875,-73.1875,78.3852945963542,57.35595703125,84.782470703125
"2720",-37.875,-73.0625,77.976123046875,76.07275390625,81.158203125
"2721",-37.625,-76.9375,41.9347616511283,0.2196044921875,127.682861328125
"2722",-37.625,-76.8125,38.6901151899858,0.00091552734375,168.370666503906
"2723",-37.625,-76.6875,28.2235890038112,0.12274169921875,163.868713378906
"2724",-37.625,-76.5625,21.9482133948285,0.005126953125,111.611633300781
"2725",-37.625,-76.4375,23.6670176188151,0.01556396484375,234.435394287109
"2726",-37.625,-76.3125,25.1782096347463,0.07415771484375,134.523254394531
"2727",-37.625,-76.1875,32.9666835494906,0.04046630859375,223.573028564453
"2728",-37.625,-76.0625,27.4527075266387,0.011962890625,379.119201660156
"2729",-37.625,-75.9375,54.8069069122908,0.000518798828125,390.8349609375
"2730",-37.625,-75.8125,44.0757515307019,0.091033935546875,216.414398193359
"2731",-37.625,-75.6875,52.1309516906738,0.888092041015625,212.074905395508
"2732",-37.625,-75.5625,73.9239116270849,0.5914306640625,296.817596435547
"2733",-37.625,-75.4375,40.6247863769531,29.9329223632812,51.2077941894531
"2734",-37.625,-75.3125,2.20683070591518,0.4652099609375,5.45004272460938
"2735",-37.625,-75.1875,148.573625647503,0.22308349609375,314.565307617188
"2736",-37.625,-75.0625,25.4816131591797,0.035430908203125,298.728332519531
"2737",-37.625,-74.9375,66.4083346280185,0.002777099609375,310.432708740234
"2738",-37.625,-74.8125,111.37212043261,0.02130126953125,353.162933349609
"2739",-37.625,-74.6875,177.810474814949,0.614715576171875,377.018920898438
"2740",-37.625,-74.5625,176.304512154343,0.048095703125,344.157684326172
"2741",-37.625,-74.4375,141.91459710603,0.17022705078125,486.881683349609
"2742",-37.625,-74.3125,115.87760845712,0.14617919921875,486.22265625
"2743",-37.625,-74.1875,104.535267896737,0.303466796875,485.488616943359
"2744",-37.625,-74.0625,85.8183774468619,0.01025390625,526.996215820312
"2745",-37.625,-73.9375,57.4845148379591,0.023681640625,343.587158203125
"2746",-37.625,-73.8125,56.7181967954282,0.00634765625,341.785278320312
"2747",-37.625,-73.6875,51.2082086895417,0.0166015625,344.500244140625
"2748",-37.625,-73.5625,28.4157551402327,0.46923828125,125.57421875
"2749",-37.625,-73.4375,38.5204947335379,2.2314453125,221.618896484375
"2750",-37.625,-73.3125,78.2622302827381,0.197265625,131.5361328125
"2751",-37.625,-73.1875,69.6786237444196,52.42041015625,85.4970703125
"2752",-37.625,-73.0625,72.7201102120536,70.680908203125,74.35302734375
"2753",-37.375,-76.9375,34.5055406491742,0.40447998046875,138.336059570312
"2754",-37.375,-76.8125,34.3166529023598,0.19525146484375,155.499572753906
"2755",-37.375,-76.6875,23.2528973747702,0.07171630859375,166.722534179688
"2756",-37.375,-76.5625,25.3691920710918,0.00048828125,211.742797851562
"2757",-37.375,-76.4375,25.5971208460191,0.0897216796875,234.177124023438
"2758",-37.375,-76.3125,26.3895778922148,0.001220703125,218.500122070312
"2759",-37.375,-76.1875,30.1949438656078,0.01251220703125,350.66552734375
"2760",-37.375,-76.0625,29.6245900731887,0.00848388671875,359.724243164062
"2761",-37.375,-75.9375,68.1157004075673,0.18731689453125,394.540588378906
"2762",-37.375,-75.8125,50.4206519390047,0.074951171875,204.979125976562
"2763",-37.375,-75.6875,59.6750429350754,0.591156005859375,265.943389892578
"2764",-37.375,-75.5625,61.6487617492676,0.9134521484375,274.776123046875
"2765",-37.375,-75.4375,29.0771789550781,0.317230224609375,49.4621887207031
"2766",-37.375,-75.3125,3.11711774553571,0.10968017578125,6.86233520507812
"2767",-37.375,-75.1875,164.634555271694,0.589996337890625,320.325836181641
"2768",-37.375,-75.0625,225.083837890625,1.85922241210938,306.075256347656
"2769",-37.375,-74.9375,170.690432341202,0.233062744140625,316.287200927734
"2770",-37.375,-74.8125,146.304829524114,0.043975830078125,314.972045898438
"2771",-37.375,-74.6875,217.894800549019,0.175628662109375,378.456451416016
"2772",-37.375,-74.5625,164.921130486254,0.063262939453125,441.072448730469
"2773",-37.375,-74.4375,138.156247324935,0.00677490234375,494.936126708984
"2774",-37.375,-74.3125,103.98525036268,0.090576171875,475.142974853516
"2775",-37.375,-74.1875,82.5625541964833,0.09912109375,484.81982421875
"2776",-37.375,-74.0625,67.5791365405334,0.011474609375,315.384155273438
"2777",-37.375,-73.9375,62.0250929956851,0.076416015625,366.990600585938
"2778",-37.375,-73.8125,51.5193696399498,0.072509765625,305.370239257812
"2779",-37.375,-73.6875,42.1992308895891,0.26171875,179.753662109375
"2780",-37.375,-73.5625,32.8211600167411,0.229736328125,233.18359375
"2781",-37.375,-73.4375,46.277158203125,6.48876953125,226.394775390625
"2782",-37.375,-73.3125,33.73779296875,3.79345703125,109.23828125
"2783",-37.375,-73.1875,69.4709777832031,24.744140625,113.87646484375
"2784",-37.375,-73.0625,73.8040364583333,72.294189453125,74.725341796875
"2785",-37.125,-76.9375,30.6252548881199,0.01043701171875,143.929809570312
"2786",-37.125,-76.8125,26.6542377014825,0.09918212890625,152.592590332031
"2787",-37.125,-76.6875,25.2595894553445,0.043212890625,175.887390136719
"2788",-37.125,-76.5625,21.9356009347098,0.0364990234375,175.857666015625
"2789",-37.125,-76.4375,17.4335844177353,0.0201416015625,116.465087890625
"2790",-37.125,-76.3125,21.4133799112886,0.08038330078125,151.123229980469
"2791",-37.125,-76.1875,29.0527175495561,0.14373779296875,297.007843017578
"2792",-37.125,-76.0625,29.1465075651385,0.07440185546875,357.00830078125
"2793",-37.125,-75.9375,51.6395076673503,0.00579833984375,366.173065185547
"2794",-37.125,-75.8125,63.6544327314874,0.024444580078125,380.806549072266
"2795",-37.125,-75.6875,58.6446024157337,0.128814697265625,264.80908203125
"2796",-37.125,-75.5625,68.4439586590288,0.174102783203125,258.198059082031
"2797",-37.125,-75.4375,64.7817795276642,1.348876953125,237.356842041016
"2798",-37.125,-75.3125,9.925048828125,1.27816772460938,36.4999084472656
"2799",-37.125,-75.1875,142.006944829767,2.71527099609375,318.963928222656
"2800",-37.125,-75.0625,162.207019042969,0.023193359375,312.584899902344
"2801",-37.125,-74.9375,178.954454252991,0.2906494140625,302.019714355469
"2802",-37.125,-74.8125,141.959958522809,0.4056396484375,312.541442871094
"2803",-37.125,-74.6875,145.495580421304,0.415191650390625,378.52587890625
"2804",-37.125,-74.5625,163.54825757074,0.529815673828125,519.533081054688
"2805",-37.125,-74.4375,134.419142365293,0.569091796875,533.855834960938
"2806",-37.125,-74.3125,98.8255066727147,0.019775390625,483.899169921875
"2807",-37.125,-74.1875,65.6324134323474,0.0052490234375,399.23291015625
"2808",-37.125,-74.0625,57.0361350746726,0.0025634765625,328.13525390625
"2809",-37.125,-73.9375,52.598701171875,0.0218505859375,346.700561523438
"2810",-37.125,-73.8125,45.7948624413493,0.001708984375,291.655151367188
"2811",-37.125,-73.6875,36.8367826021635,0.363525390625,182.510986328125
"2812",-37.125,-73.5625,37.4424351283482,1.66796875,236.90966796875
"2813",-37.125,-73.4375,25.158154296875,19.869140625,30.200439453125
"2814",-37.125,-73.3125,6.64931640625,5.724365234375,7.225341796875
"2815",-37.125,-73.1875,56.6518665660511,20.16064453125,95.218505859375
"2816",-37.125,-73.0625,61.5950317382812,20.712890625,75.978271484375
"2817",-36.875,-76.9375,24.8972325275854,0.04888916015625,130.118957519531
"2818",-36.875,-76.8125,18.084521365088,0.0020751953125,74.2244873046875
"2819",-36.875,-76.6875,21.5405429937901,0.03607177734375,166.417297363281
"2820",-36.875,-76.5625,20.2450174578069,0.09759521484375,159.055969238281
"2821",-36.875,-76.4375,18.0174197465946,0.0445556640625,130.165466308594
"2822",-36.875,-76.3125,25.2721334297359,0.01336669921875,227.775695800781
"2823",-36.875,-76.1875,35.0036192123499,0.2327880859375,272.728942871094
"2824",-36.875,-76.0625,46.7242639054468,0.0067138671875,262.4462890625
"2825",-36.875,-75.9375,48.9471098822106,0.01190185546875,264.914306640625
"2826",-36.875,-75.8125,66.0119524098406,0.0205078125,405.193908691406
"2827",-36.875,-75.6875,55.925472382111,0.029541015625,408.130950927734
"2828",-36.875,-75.5625,67.3856282249929,0.5147705078125,399.026794433594
"2829",-36.875,-75.4375,53.0101203918457,0.024749755859375,160.844696044922
"2830",-36.875,-75.3125,34.2485758463542,1.2918701171875,120.303009033203
"2831",-36.875,-75.1875,0.0450439453125,0.0345458984375,0.0555419921875
"2832",-36.875,-75.0625,118.242746910682,1.28030395507812,318.211975097656
"2833",-36.875,-74.9375,103.131288316515,2.42929077148438,282.361297607422
"2834",-36.875,-74.8125,138.911139170329,0.914093017578125,319.217956542969
"2835",-36.875,-74.6875,83.3987517474449,0.167999267578125,351.9609375
"2836",-36.875,-74.5625,153.2855582101,0.008575439453125,538.158508300781
"2837",-36.875,-74.4375,140.00796926152,0.25335693359375,541.766662597656
"2838",-36.875,-74.3125,86.8750389040881,0.04931640625,493.927795410156
"2839",-36.875,-74.1875,57.9215229300868,0.02294921875,251.904174804688
"2840",-36.875,-74.0625,51.3365593462471,0.023681640625,328.161743164062
"2841",-36.875,-73.9375,45.5538145396102,0.033203125,274.239501953125
"2842",-36.875,-73.8125,44.3239252785151,0.13525390625,221.648681640625
"2843",-36.875,-73.6875,36.5347501203347,0.041748046875,160.4951171875
"2844",-36.875,-73.5625,48.1709850680444,0.294189453125,224.54150390625
"2845",-36.875,-73.4375,16.1383666992188,14.57666015625,17.326904296875
"2846",-36.875,-73.3125,79.9852973090278,8.494384765625,213.2587890625
"2847",-36.875,-73.1875,45.5074916294643,5.446533203125,89.39501953125
"2848",-36.875,-73.0625,70.904541015625,66.58740234375,76.618408203125
"2849",-36.625,-76.9375,22.6798594485047,0.3056640625,124.244506835938
"2850",-36.625,-76.8125,10.6333481969912,0.2886962890625,71.3790893554688
"2851",-36.625,-76.6875,18.8645222398818,0.0087890625,155.522888183594
"2852",-36.625,-76.5625,19.5521535743955,0.0269775390625,156.837097167969
"2853",-36.625,-76.4375,23.0401874461862,0.00946044921875,204.645263671875
"2854",-36.625,-76.3125,31.571950050044,0.02191162109375,249.621459960938
"2855",-36.625,-76.1875,37.8667895130275,0.04510498046875,250.748382568359
"2856",-36.625,-76.0625,39.7597302400613,0.0653076171875,224.353179931641
"2857",-36.625,-75.9375,56.9730812128443,0.06884765625,272.976776123047
"2858",-36.625,-75.8125,63.2086689610635,0.09521484375,403.590942382812
"2859",-36.625,-75.6875,63.4153604902459,0.337158203125,298.152526855469
"2860",-36.625,-75.5625,61.1431522264006,0.09307861328125,206.494506835938
"2861",-36.625,-75.4375,80.8664837821585,0.2449951171875,379.324157714844
"2862",-36.625,-75.3125,60.1386075932929,0.0753173828125,172.573669433594
"2863",-36.625,-75.1875,52.4652918765419,0.233123779296875,110.776306152344
"2864",-36.625,-75.0625,118.637294862329,0.1561279296875,321.780914306641
"2865",-36.625,-74.9375,202.682023102382,32.8180236816406,323.782135009766
"2866",-36.625,-74.8125,137.660237993513,0.48907470703125,311.326782226562
"2867",-36.625,-74.6875,102.759771752081,0.15911865234375,334.703216552734
"2868",-36.625,-74.5625,141.581721933003,0.00567626953125,534.531494140625
"2869",-36.625,-74.4375,122.038359812364,0.0750732421875,523.901977539062
"2870",-36.625,-74.3125,80.7312810975984,0.05029296875,387.616333007812
"2871",-36.625,-74.1875,61.9272886829332,0.0484619140625,279.557495117188
"2872",-36.625,-74.0625,52.9749523730988,0.005615234375,363.78369140625
"2873",-36.625,-73.9375,45.8037180670999,0.01611328125,267.078125
"2874",-36.625,-73.8125,40.9635830511412,0.0185546875,172.26513671875
"2875",-36.625,-73.6875,33.7206862347681,0.235595703125,161.256591796875
"2876",-36.625,-73.5625,113.817023026316,12.27685546875,226.35400390625
"2877",-36.625,-73.4375,78.433837890625,3.462158203125,211.193603515625
"2878",-36.625,-73.3125,29.819101969401,3.135498046875,77.010498046875
"2879",-36.625,-73.1875,42.4330549568966,6.88037109375,86.9716796875
"2880",-36.625,-73.0625,44.1767985026042,26.27783203125,70.168212890625
"2881",-36.375,-76.9375,20.4417765721138,0.04669189453125,116.041198730469
"2882",-36.375,-76.8125,8.46556379608295,0.01116943359375,58.9877319335938
"2883",-36.375,-76.6875,15.1668988843808,0.01116943359375,153.309753417969
"2884",-36.375,-76.5625,19.9346761067708,0.10394287109375,142.087890625
"2885",-36.375,-76.4375,26.3419476221478,0.06475830078125,225.114318847656
"2886",-36.375,-76.3125,34.6281472522314,0.06744384765625,233.990661621094
"2887",-36.375,-76.1875,53.1354503669361,0.07183837890625,246.742279052734
"2888",-36.375,-76.0625,73.3654494285583,0.0048828125,285.552581787109
"2889",-36.375,-75.9375,62.5626622912953,0.04412841796875,284.894470214844
"2890",-36.375,-75.8125,60.700331799505,0.25531005859375,398.158142089844
"2891",-36.375,-75.6875,66.8798071443094,0.0889892578125,412.925933837891
"2892",-36.375,-75.5625,65.001791170328,0.24957275390625,271.097351074219
"2893",-36.375,-75.4375,100.759527225818,0.09735107421875,382.033508300781
"2894",-36.375,-75.3125,67.192994594574,0.152618408203125,299.729431152344
"2895",-36.375,-75.1875,60.3935478853892,0.048126220703125,264.827178955078
"2896",-36.375,-75.0625,60.7822045220269,0.125701904296875,374.264038085938
"2897",-36.375,-74.9375,84.0057720184326,0.1995849609375,324.896362304688
"2898",-36.375,-74.8125,128.143317328559,0.157318115234375,281.446563720703
"2899",-36.375,-74.6875,76.6687997323495,0.651153564453125,335.027770996094
"2900",-36.375,-74.5625,153.909915666819,0.24249267578125,544.963684082031
"2901",-36.375,-74.4375,111.335547122859,0.0435791015625,561.918090820312
"2902",-36.375,-74.3125,76.9392417118467,0.0555419921875,384.25732421875
"2903",-36.375,-74.1875,62.2770505036203,0.1578369140625,383.485107421875
"2904",-36.375,-74.0625,58.0425205636532,0.076904296875,377.963256835938
"2905",-36.375,-73.9375,47.5111367380629,0.1123046875,274.64208984375
"2906",-36.375,-73.8125,41.2247936003799,0.0322265625,176.265625
"2907",-36.375,-73.6875,36.5435224260603,0.01025390625,174.116943359375
"2908",-36.375,-73.5625,104.1755859375,12.555908203125,214.12841796875
"2909",-36.375,-73.4375,82.2030715942383,3.2587890625,215.09765625
"2910",-36.375,-73.3125,41.831620649858,1.938720703125,117.380615234375
"2911",-36.375,-73.1875,52.7977376302083,7.26513671875,115.09423828125
"2912",-36.375,-73.0625,73.21787109375,70.32080078125,75.556884765625
"2913",-36.125,-76.9375,18.6152856799139,0.1337890625,109.939819335938
"2914",-36.125,-76.8125,8.76820479010657,0.1087646484375,49.373291015625
"2915",-36.125,-76.6875,16.0984040065784,0.02801513671875,206.322143554688
"2916",-36.125,-76.5625,22.1323886386824,0.03857421875,211.004638671875
"2917",-36.125,-76.4375,30.6513083630659,0.0523681640625,217.057983398438
"2918",-36.125,-76.3125,38.7093723234266,0.032470703125,210.963195800781
"2919",-36.125,-76.1875,51.2808665155848,0.02801513671875,210.852111816406
"2920",-36.125,-76.0625,49.4648976391669,0.03021240234375,262.043304443359
"2921",-36.125,-75.9375,48.6930797894796,0.000244140625,288.130981445312
"2922",-36.125,-75.8125,46.7887021784197,0.05718994140625,285.555267333984
"2923",-36.125,-75.6875,69.9827162142522,0.30010986328125,416.620361328125
"2924",-36.125,-75.5625,84.2693384564112,0.06939697265625,423.406646728516
"2925",-36.125,-75.4375,94.7825347345526,0.471099853515625,387.301818847656
"2926",-36.125,-75.3125,74.8781862258911,0.05816650390625,396.150817871094
"2927",-36.125,-75.1875,92.7183252970378,0.0064697265625,253.218933105469
"2928",-36.125,-75.0625,107.755964376159,0.1142578125,378.690185546875
"2929",-36.125,-74.9375,22.6945112179487,0.22314453125,52.6099548339844
"2930",-36.125,-74.8125,50.8992875955873,0.146942138671875,279.233764648438
"2931",-36.125,-74.6875,41.0570398724268,0.120330810546875,325.329772949219
"2932",-36.125,-74.5625,159.829953798106,0.60260009765625,572.60791015625
"2933",-36.125,-74.4375,112.132105327963,0.0013427734375,572.438537597656
"2934",-36.125,-74.3125,70.4609799098888,0.006591796875,350.714477539062
"2935",-36.125,-74.1875,57.9677170079878,0.0601806640625,363.724731445312
"2936",-36.125,-74.0625,60.6297838017049,0.242919921875,422.017944335938
"2937",-36.125,-73.9375,49.6254638671875,0.030517578125,291.747924804688
"2938",-36.125,-73.8125,41.4780239623009,0.046630859375,172.837646484375
"2939",-36.125,-73.6875,39.274046618529,1.241943359375,171.4384765625
"2940",-36.125,-73.5625,65.3104996219758,9.101318359375,191.31396484375
"2941",-36.125,-73.4375,124.8466796875,0.07275390625,218.91552734375
"2942",-36.125,-73.3125,31.6499938964844,2.962890625,72.09423828125
"2943",-36.125,-73.1875,38.3507486979167,3.82421875,107.305908203125
"2944",-36.125,-73.0625,78.2809448242188,67.138427734375,104.230712890625
"2945",-35.875,-76.9375,16.9831312163537,0.346435546875,113.58642578125
"2946",-35.875,-76.8125,8.01394205729167,0.007080078125,45.4987182617188
"2947",-35.875,-76.6875,15.8062965429225,0.04608154296875,192.800048828125
"2948",-35.875,-76.5625,22.8995529963583,0.00726318359375,185.733154296875
"2949",-35.875,-76.4375,31.2117001303025,0.02581787109375,203.463928222656
"2950",-35.875,-76.3125,46.6001273201896,0.22161865234375,212.600463867188
"2951",-35.875,-76.1875,38.7225885260595,0.02252197265625,190.526428222656
"2952",-35.875,-76.0625,59.8568393849564,0.13568115234375,231.207733154297
"2953",-35.875,-75.9375,39.2144691416081,0.0291748046875,287.108245849609
"2954",-35.875,-75.8125,36.8152922531654,0.35162353515625,160.874786376953
"2955",-35.875,-75.6875,57.6423752243454,0.103271484375,319.427062988281
"2956",-35.875,-75.5625,68.6042057569374,0.28759765625,418.3818359375
"2957",-35.875,-75.4375,93.3181745256696,0.198822021484375,433.809814453125
"2958",-35.875,-75.3125,78.1446108610734,0.170318603515625,434.062774658203
"2959",-35.875,-75.1875,126.811923055938,3.10125732421875,404.014312744141
"2960",-35.875,-75.0625,136.379763793945,0.056732177734375,375.417175292969
"2961",-35.875,-74.9375,31.0164726658871,1.00509643554688,158.682174682617
"2962",-35.875,-74.8125,23.5454559326172,0.189666748046875,148.367874145508
"2963",-35.875,-74.6875,42.1491920002346,0.126251220703125,322.016815185547
"2964",-35.875,-74.5625,147.544298943053,0.41729736328125,542.994812011719
"2965",-35.875,-74.4375,106.926259697808,0.177734375,547.405883789062
"2966",-35.875,-74.3125,70.0696046706819,0.1641845703125,329.550659179688
"2967",-35.875,-74.1875,57.6230557675393,0.0101318359375,403.277465820312
"2968",-35.875,-74.0625,54.6409468966135,0.04052734375,322.539916992188
"2969",-35.875,-73.9375,49.7080885743177,0.09619140625,293.322875976562
"2970",-35.875,-73.8125,39.5140294894366,0.024658203125,158.322021484375
"2971",-35.875,-73.6875,41.0330287388393,0.579833984375,175.625
"2972",-35.875,-73.5625,35.1051161024306,0.99560546875,93.633056640625
"2973",-35.875,-73.4375,151.136891084559,0.117431640625,208.097900390625
"2974",-35.875,-73.3125,44.32548828125,1.278076171875,152.15966796875
"2975",-35.875,-73.1875,40.4562755766369,0.856201171875,68.173583984375
"2976",-35.875,-73.0625,102.090698242188,101.65087890625,102.530517578125
"2977",-35.625,-76.9375,14.2417638977962,0.2418212890625,117.060729980469
"2978",-35.625,-76.8125,8.71129566539418,0.0408935546875,50.21337890625
"2979",-35.625,-76.6875,17.144207335355,0.0384521484375,174.900451660156
"2980",-35.625,-76.5625,21.3922877424854,0.01885986328125,169.688293457031
"2981",-35.625,-76.4375,38.0845358174494,0.0352783203125,185.425415039062
"2982",-35.625,-76.3125,52.2974861241594,0.0242919921875,215.770385742188
"2983",-35.625,-76.1875,29.7540722826978,0.0008544921875,198.766845703125
"2984",-35.625,-76.0625,40.7755931074645,0.076904296875,236.208038330078
"2985",-35.625,-75.9375,56.2247429795153,0.04498291015625,269.873962402344
"2986",-35.625,-75.8125,35.1883690092299,0.06683349609375,278.994598388672
"2987",-35.625,-75.6875,39.730962080114,0.093994140625,281.780426025391
"2988",-35.625,-75.5625,73.7867198013233,0.275390625,307.524353027344
"2989",-35.625,-75.4375,67.9558727409266,0.35797119140625,293.584381103516
"2990",-35.625,-75.3125,81.2554595583961,0.2525634765625,434.741241455078
"2991",-35.625,-75.1875,66.7114648992365,0.2359619140625,323.791259765625
"2992",-35.625,-75.0625,17.478292496478,0.787994384765625,58.3520202636719
"2993",-35.625,-74.9375,6.02830684886259,0.205718994140625,21.4680786132812
"2994",-35.625,-74.8125,38.6042717321595,0.156768798828125,143.409545898438
"2995",-35.625,-74.6875,50.2247159219202,0.15380859375,172.481475830078
"2996",-35.625,-74.5625,127.513833713182,0.228515625,536.899169921875
"2997",-35.625,-74.4375,120.890031424767,0.06243896484375,551.968627929688
"2998",-35.625,-74.3125,70.8283710386086,0.0870361328125,323.423095703125
"2999",-35.625,-74.1875,55.25827549408,0.0950927734375,397.301879882812
"3000",-35.625,-74.0625,51.5726949085518,0.072998046875,316.634887695312
"3001",-35.625,-73.9375,45.4860703178074,0.148193359375,238.757446289062
"3002",-35.625,-73.8125,48.0153367881447,1.26220703125,373.99169921875
"3003",-35.625,-73.6875,45.2056982421875,0.362060546875,179.6240234375
"3004",-35.625,-73.5625,41.2196906594669,0.03662109375,89.021728515625
"3005",-35.625,-73.4375,55.6142420614919,6.1552734375,197.37353515625
"3006",-35.625,-73.3125,71.0611945950255,0.6162109375,193.6455078125
"3007",-35.625,-73.1875,54.9467936197917,1.134765625,79.0869140625
"3008",-35.625,-73.0625,81.9873860677083,68.70751953125,106.05810546875
"3009",-35.375,-76.9375,15.4764734487065,0,121.571655273438
"3010",-35.375,-76.8125,8.72097620470771,0.04803466796875,52.0732421875
"3011",-35.375,-76.6875,16.4527565423696,0.01824951171875,166.650634765625
"3012",-35.375,-76.5625,23.7239035758911,0.00628662109375,166.636535644531
"3013",-35.375,-76.4375,37.0855314747387,0.11749267578125,182.420104980469
"3014",-35.375,-76.3125,51.464694512704,0.017333984375,194.690490722656
"3015",-35.375,-76.1875,34.2101999491203,0.01788330078125,193.120727539062
"3016",-35.375,-76.0625,30.8971607621894,0.00604248046875,183.101684570312
"3017",-35.375,-75.9375,43.1280059446771,0.02374267578125,198.158233642578
"3018",-35.375,-75.8125,38.1644227027893,0.342529296875,179.444274902344
"3019",-35.375,-75.6875,30.5409767943898,0.12884521484375,182.486755371094
"3020",-35.375,-75.5625,29.1402706819422,0.6505126953125,260.331573486328
"3021",-35.375,-75.4375,69.9589932955228,0.09478759765625,308.401702880859
"3022",-35.375,-75.3125,78.7783928327663,0.8531494140625,410.674621582031
"3023",-35.375,-75.1875,128.645512320779,0.00286865234375,406.348266601562
"3024",-35.375,-75.0625,20.4018212520715,0.1920166015625,367.655822753906
"3025",-35.375,-74.9375,7.67397918701172,0.175262451171875,49.7492065429688
"3026",-35.375,-74.8125,8.61415646054329,0.330230712890625,141.543792724609
"3027",-35.375,-74.6875,56.0303927080347,0.175750732421875,198.009185791016
"3028",-35.375,-74.5625,117.647599220276,0.0015869140625,487.858581542969
"3029",-35.375,-74.4375,115.369342753981,0.0181884765625,555.775634765625
"3030",-35.375,-74.3125,75.6546869157844,0.1502685546875,467.393188476562
"3031",-35.375,-74.1875,56.8787996613805,0.0684814453125,383.827270507812
"3032",-35.375,-74.0625,49.5173591526075,0.01708984375,309.972290039062
"3033",-35.375,-73.9375,43.024299412433,0.0419921875,356.337280273438
"3034",-35.375,-73.8125,46.7452041878885,0.274658203125,371.103271484375
"3035",-35.375,-73.6875,45.541257796749,3.56982421875,172.05029296875
"3036",-35.375,-73.5625,43.3311472925647,0.155517578125,141.836181640625
"3037",-35.375,-73.4375,46.1706271701389,3.099609375,128.875
"3038",-35.375,-73.3125,44.049310146234,0.165771484375,190.824951171875
"3039",-35.375,-73.1875,54.6516845703125,0.726318359375,187.330810546875
"3040",-35.375,-73.0625,83.4796875,64.384033203125,108.533203125
"3041",-35.125,-76.9375,12.1355554052146,0.04559326171875,74.117919921875
"3042",-35.125,-76.8125,9.094799981601,0.1258544921875,61.3250732421875
"3043",-35.125,-76.6875,17.034042999524,0.00506591796875,161.240783691406
"3044",-35.125,-76.5625,23.8525458901615,0.01800537109375,169.839782714844
"3045",-35.125,-76.4375,28.0611062509042,0.00152587890625,123.051452636719
"3046",-35.125,-76.3125,44.607567179779,0.1455078125,173.292114257812
"3047",-35.125,-76.1875,36.2400191869491,0.14630126953125,167.997863769531
"3048",-35.125,-76.0625,16.4477033987182,0.06494140625,152.725708007812
"3049",-35.125,-75.9375,24.4688837876634,0.069091796875,130.164184570312
"3050",-35.125,-75.8125,27.676016200003,0.03546142578125,127.216064453125
"3051",-35.125,-75.6875,26.4633052431304,0.18377685546875,115.589813232422
"3052",-35.125,-75.5625,22.3384339659364,0.00860595703125,98.6473083496094
"3053",-35.125,-75.4375,58.2787012170862,0.00067138671875,311.820465087891
"3054",-35.125,-75.3125,70.3440898259481,0.2877197265625,270.33056640625
"3055",-35.125,-75.1875,32.2363506996468,0.2554931640625,395.995056152344
"3056",-35.125,-75.0625,18.9659391944088,0.414764404296875,57.411376953125
"3057",-35.125,-74.9375,12.8574371337891,0.0126953125,57.1264038085938
"3058",-35.125,-74.8125,8.34723956768329,0.311767578125,26.709716796875
"3059",-35.125,-74.6875,49.4796943664551,0.03240966796875,219.741119384766
"3060",-35.125,-74.5625,130.093801828914,0.102630615234375,515.257019042969
"3061",-35.125,-74.4375,130.640677838127,0.0224609375,625.8603515625
"3062",-35.125,-74.3125,78.3890981970964,0.0447998046875,486.879699707031
"3063",-35.125,-74.1875,58.4921052137367,0.0093994140625,384.574584960938
"3064",-35.125,-74.0625,50.9154791443133,0.0228271484375,304.01123046875
"3065",-35.125,-73.9375,41.617117704163,0.010986328125,312.9677734375
"3066",-35.125,-73.8125,41.6673597181166,0.025634765625,152.00341796875
"3067",-35.125,-73.6875,38.8893164765063,0.931640625,150.753662109375
"3068",-35.125,-73.5625,34.3570610894097,0.47607421875,137.438232421875
"3069",-35.125,-73.4375,29.3085090481505,0.1240234375,130.481201171875
"3070",-35.125,-73.3125,34.7990004595588,1.854736328125,90.306640625
"3071",-35.125,-73.1875,79.0868858924279,0.447265625,166.75732421875
"3072",-35.125,-73.0625,72.9537908380682,21.204833984375,163.75537109375
"3073",-34.875,-76.9375,12.3059629960494,0.21990966796875,122.665344238281
"3074",-34.875,-76.8125,9.9252262053752,0.036376953125,126.721008300781
"3075",-34.875,-76.6875,18.3648975729714,0.0322265625,164.896911621094
"3076",-34.875,-76.5625,21.2005731901173,0.046630859375,174.641052246094
"3077",-34.875,-76.4375,24.5773258426466,0.1201171875,172.8603515625
"3078",-34.875,-76.3125,36.4889106808374,0.0433349609375,157.746826171875
"3079",-34.875,-76.1875,39.2155938447411,0.06048583984375,146.970520019531
"3080",-34.875,-76.0625,29.47021484375,0.00689697265625,148.875061035156
"3081",-34.875,-75.9375,23.1972601406816,0.04058837890625,114.395263671875
"3082",-34.875,-75.8125,24.3730312062733,0.037109375,144.028045654297
"3083",-34.875,-75.6875,25.8768036481246,0.06402587890625,83.3057250976562
"3084",-34.875,-75.5625,31.320381789911,0.05535888671875,121.818054199219
"3085",-34.875,-75.4375,52.1682362742238,0.33837890625,175.224456787109
"3086",-34.875,-75.3125,55.5520451863607,0.38092041015625,181.993347167969
"3087",-34.875,-75.1875,19.1280848616261,0.112152099609375,85.4600219726562
"3088",-34.875,-75.0625,18.9737622491245,0.10858154296875,116.893432617188
"3089",-34.875,-74.9375,24.4454581520774,1.22894287109375,120.938018798828
"3090",-34.875,-74.8125,8.28342672494742,0.02166748046875,21.5490417480469
"3091",-34.875,-74.6875,41.9328344171697,0.13348388671875,247.570251464844
"3092",-34.875,-74.5625,139.592353714542,0.14892578125,495.374114990234
"3093",-34.875,-74.4375,163.015576420998,0.28271484375,601.485107421875
"3094",-34.875,-74.3125,107.083660362507,0.0577392578125,573.225708007812
"3095",-34.875,-74.1875,59.7288407872087,0.0357666015625,393.399291992188
"3096",-34.875,-74.0625,53.3009546125626,0.055908203125,356.710205078125
"3097",-34.875,-73.9375,42.1582296080508,0.029052734375,307.105712890625
"3098",-34.875,-73.8125,39.6918639322917,0.000244140625,165.900390625
"3099",-34.875,-73.6875,44.3109887245974,0.277099609375,134.5380859375
"3100",-34.875,-73.5625,36.1407275390625,1.154052734375,126.364501953125
"3101",-34.875,-73.4375,35.3710009077905,0.066162109375,132.153076171875
"3102",-34.875,-73.3125,35.98470703125,0.6767578125,111.09619140625
"3103",-34.875,-73.1875,38.095669450431,0.394287109375,140.869873046875
"3104",-34.875,-73.0625,85.2270364200368,22.903076171875,174.46435546875
"3105",-34.625,-76.9375,13.2420609637005,0.14727783203125,98.9120483398438
"3106",-34.625,-76.8125,11.3462187267485,0.0899658203125,125.632141113281
"3107",-34.625,-76.6875,15.9138298379577,0.0738525390625,169.841979980469
"3108",-34.625,-76.5625,19.82502347103,0.00537109375,165.733764648438
"3109",-34.625,-76.4375,24.6950091032704,0.0186767578125,179.329223632812
"3110",-34.625,-76.3125,35.3957666641627,0.01727294921875,144.425964355469
"3111",-34.625,-76.1875,41.2170080532685,0.27740478515625,137.805603027344
"3112",-34.625,-76.0625,31.645647964273,0.03143310546875,147.907958984375
"3113",-34.625,-75.9375,31.6295456537872,0.107421875,158.591979980469
"3114",-34.625,-75.8125,25.5894208876468,0.123779296875,115.96044921875
"3115",-34.625,-75.6875,31.758906260258,0.24700927734375,144.140228271484
"3116",-34.625,-75.5625,33.8834265884088,0.1036376953125,158.812255859375
"3117",-34.625,-75.4375,43.1632084809532,0.74871826171875,160.009033203125
"3118",-34.625,-75.3125,70.3030347470884,0.16217041015625,172.817749023438
"3119",-34.625,-75.1875,34.4000207810175,0.02935791015625,118.721862792969
"3120",-34.625,-75.0625,37.8156648115678,0.01629638671875,115.292205810547
"3121",-34.625,-74.9375,20.6331115722656,0.1270751953125,105.282348632812
"3122",-34.625,-74.8125,17.7416799444901,0.24688720703125,38.9864807128906
"3123",-34.625,-74.6875,55.5154531050702,0.3348388671875,245.291137695312
"3124",-34.625,-74.5625,150.279606384277,0.387603759765625,463.485198974609
"3125",-34.625,-74.4375,173.820030619744,0.04058837890625,594.711608886719
"3126",-34.625,-74.3125,112.077096597104,0.02734375,581.319763183594
"3127",-34.625,-74.1875,68.6971875489294,0.0361328125,332.502197265625
"3128",-34.625,-74.0625,56.1618830509958,0.005126953125,412.835205078125
"3129",-34.625,-73.9375,43.3738398650956,0.042236328125,311.814453125
"3130",-34.625,-73.8125,40.0389431558235,0.119140625,170.56396484375
"3131",-34.625,-73.6875,41.9520963175913,0.18115234375,137.448974609375
"3132",-34.625,-73.5625,31.3238661024306,0.432861328125,124.625
"3133",-34.625,-73.4375,33.8212760416667,1.54296875,132.375732421875
"3134",-34.625,-73.3125,50.5982887961648,1.62109375,130.4375
"3135",-34.625,-73.1875,28.6268880208333,0.031494140625,142.732421875
"3136",-34.625,-73.0625,80.3918269230769,25.460205078125,169.262451171875
"3137",-34.625,-72.9375,9.1739501953125,7.53173828125,10.816162109375
"3138",-34.375,-76.9375,12.2521035330636,0.15509033203125,84.6046142578125
"3139",-34.375,-76.8125,11.6737227548605,0.10284423828125,128.901794433594
"3140",-34.375,-76.6875,18.3659817062261,0.0313720703125,178.480163574219
"3141",-34.375,-76.5625,16.2111321396715,0.02313232421875,77.7636108398438
"3142",-34.375,-76.4375,28.8080107930319,0.019287109375,192.557373046875
"3143",-34.375,-76.3125,36.9317554268518,0.09857177734375,138.6044921875
"3144",-34.375,-76.1875,43.9056933831439,0.08447265625,137.798767089844
"3145",-34.375,-76.0625,37.4731279821204,0.14599609375,142.231079101562
"3146",-34.375,-75.9375,36.6405151367187,0.01910400390625,152.726745605469
"3147",-34.375,-75.8125,27.333782212703,0.0228271484375,127.850463867188
"3148",-34.375,-75.6875,26.2243005102807,0.0328369140625,140.650817871094
"3149",-34.375,-75.5625,39.2300488817823,0.124755859375,172.429138183594
"3150",-34.375,-75.4375,39.0186193557013,0.10009765625,134.620178222656
"3151",-34.375,-75.3125,32.512766011556,0.5340576171875,124.828460693359
"3152",-34.375,-75.1875,18.790885554934,0.121337890625,83.386962890625
"3153",-34.375,-75.0625,19.8074822998047,0.135986328125,104.810668945312
"3154",-34.375,-74.9375,35.0528938802083,0.02349853515625,98.5935363769531
"3155",-34.375,-74.8125,17.220815218412,0.04290771484375,75.4566040039062
"3156",-34.375,-74.6875,67.2791188964844,0.04693603515625,246.337036132812
"3157",-34.375,-74.5625,106.599461319423,0.123291015625,470.454193115234
"3158",-34.375,-74.4375,152.800563961267,0.13824462890625,600.829223632812
"3159",-34.375,-74.3125,116.790607020035,0.1209716796875,581.567810058594
"3160",-34.375,-74.1875,75.6701143704928,0.0401611328125,707.550231933594
"3161",-34.375,-74.0625,56.3216244346217,0.19384765625,418.347290039062
"3162",-34.375,-73.9375,44.6316724138928,0.046630859375,317.440551757812
"3163",-34.375,-73.8125,40.6011479524958,0.0625,170.825927734375
"3164",-34.375,-73.6875,40.6131814289563,0.017333984375,144.908447265625
"3165",-34.375,-73.5625,41.8795250618812,0.025146484375,493.21923828125
"3166",-34.375,-73.4375,70.3753515625,2.055419921875,490.686279296875
"3167",-34.375,-73.3125,55.7131580171131,0.389404296875,138.6318359375
"3168",-34.375,-73.1875,32.5656026204427,0.4169921875,138.1708984375
"3169",-34.375,-73.0625,88.133251953125,26.532958984375,164.14892578125
"3170",-34.375,-72.9375,9.05607096354167,1.700927734375,15.503662109375
"3171",-34.375,-72.8125,13.1337890625,13.1337890625,13.1337890625
"3172",-34.375,-72.6875,17.1220703125,16.542724609375,17.701416015625
"3173",-34.125,-76.9375,15.5029734018687,0.17034912109375,61.0751953125
"3174",-34.125,-76.8125,16.1120312808064,0.05780029296875,218.912780761719
"3175",-34.125,-76.6875,19.6810499827067,0.0458984375,226.648803710938
"3176",-34.125,-76.5625,15.01236468376,0.0460205078125,157.884582519531
"3177",-34.125,-76.4375,23.1937596877949,0.01715087890625,197.250549316406
"3178",-34.125,-76.3125,34.6081089095421,0.04949951171875,134.099487304688
"3179",-34.125,-76.1875,38.4324887137647,0.08489990234375,132.957580566406
"3180",-34.125,-76.0625,28.6957616713441,0.0235595703125,136.244018554688
"3181",-34.125,-75.9375,33.1341840735762,0.004638671875,157.643005371094
"3182",-34.125,-75.8125,31.611953845127,0.04901123046875,140.77099609375
"3183",-34.125,-75.6875,33.8605575561523,0.02545166015625,164.451965332031
"3184",-34.125,-75.5625,38.5124331468727,0.03302001953125,169.071319580078
"3185",-34.125,-75.4375,18.0088236490885,0.21710205078125,118.608642578125
"3186",-34.125,-75.3125,36.7540123349144,1.4039306640625,106.695281982422
"3187",-34.125,-75.1875,20.1873256138393,0.1236572265625,91.0310668945312
"3188",-34.125,-75.0625,10.5802366022478,0.46563720703125,67.4388427734375
"3189",-34.125,-74.9375,32.2296653953758,0.24346923828125,120.722351074219
"3190",-34.125,-74.8125,33.5961048214935,0.1815185546875,113.162109375
"3191",-34.125,-74.6875,116.682410009159,0.07684326171875,472.806884765625
"3192",-34.125,-74.5625,88.7281380101254,0.09539794921875,472.685882568359
"3193",-34.125,-74.4375,146.459502260657,0.32537841796875,597.381225585938
"3194",-34.125,-74.3125,129.870211678964,0.248779296875,592.933959960938
"3195",-34.125,-74.1875,81.6803584869252,0.0302734375,698.089660644531
"3196",-34.125,-74.0625,59.5175751764417,0.0167236328125,703.026123046875
"3197",-34.125,-73.9375,47.6219124071526,0.183349609375,322.489990234375
"3198",-34.125,-73.8125,44.806408154577,0.08544921875,325.704345703125
"3199",-34.125,-73.6875,41.5712931146266,0.620849609375,156.216796875
"3200",-34.125,-73.5625,32.4061495733599,0.137939453125,138.278076171875
"3201",-34.125,-73.4375,58.4099961147513,0.456298828125,479.64013671875
"3202",-34.125,-73.3125,48.6520946269133,0.222412109375,131.641845703125
"3203",-34.125,-73.1875,53.4194143194901,3.48828125,151.572265625
"3204",-34.125,-73.0625,115.6279296875,35.83056640625,155.69677734375
"3205",-34.125,-72.9375,6.17236328125,0.733154296875,16.62451171875
"3206",-34.125,-72.6875,14.8753662109375,14.87353515625,14.877197265625
"3207",-33.875,-76.9375,18.5699063153334,0.02001953125,64.4290771484375
"3208",-33.875,-76.8125,13.4090695830464,0.0364990234375,171.272857666016
"3209",-33.875,-76.6875,20.5818920852546,0.0009765625,218.281005859375
"3210",-33.875,-76.5625,15.8963739896258,0.005859375,192.9072265625
"3211",-33.875,-76.4375,21.9001916561943,0.026611328125,207.140075683594
"3212",-33.875,-76.3125,33.8038287872964,0.04736328125,116.976684570312
"3213",-33.875,-76.1875,37.2128637724342,0.0316162109375,123.015380859375
"3214",-33.875,-76.0625,30.6789681626835,0.02398681640625,129.219604492188
"3215",-33.875,-75.9375,35.6252250425277,0.01416015625,145.6767578125
"3216",-33.875,-75.8125,30.853274264194,0.01129150390625,144.171264648438
"3217",-33.875,-75.6875,25.2977790422337,0.0806884765625,112.089538574219
"3218",-33.875,-75.5625,19.7550354003906,0.41949462890625,70.7396240234375
"3219",-33.875,-75.4375,22.6981089066486,0.10943603515625,59.379638671875
"3220",-33.875,-75.3125,21.2080078125,0.05877685546875,99.2755737304688
"3221",-33.875,-75.1875,29.4416914142546,0.0103759765625,118.276794433594
"3222",-33.875,-75.0625,37.097067964994,0.0244140625,123.486572265625
"3223",-33.875,-74.9375,38.4634288919383,4.283447265625,109.612518310547
"3224",-33.875,-74.8125,88.9527450346611,0.63580322265625,300.515502929688
"3225",-33.875,-74.6875,111.325450007121,0.39959716796875,471.345062255859
"3226",-33.875,-74.5625,148.488854585945,0.06689453125,470.540405273438
"3227",-33.875,-74.4375,149.328972670992,0.3253173828125,501.6435546875
"3228",-33.875,-74.3125,133.373611131131,0.0272216796875,584.576232910156
"3229",-33.875,-74.1875,90.2496569761063,0.0660400390625,547.374572753906
"3230",-33.875,-74.0625,61.5935731872394,0.0096435546875,703.787414550781
"3231",-33.875,-73.9375,51.308893830484,0.077880859375,331.082885742188
"3232",-33.875,-73.8125,48.797872248912,0.09814453125,344.882202148438
"3233",-33.875,-73.6875,41.3593777431531,0.234619140625,163.59228515625
"3234",-33.875,-73.5625,40.8355543123965,0.11962890625,112.631591796875
"3235",-33.875,-73.4375,42.0268663194444,0.28955078125,452.822021484375
"3236",-33.875,-73.3125,53.1597520171619,0.45068359375,449.267578125
"3237",-33.875,-73.1875,47.6091796875,0.1025390625,144.8779296875
"3238",-33.875,-73.0625,75.4002278645833,49.79248046875,123.596923828125
"3239",-33.875,-72.9375,52.5322614397321,0.054443359375,126.16845703125
"3240",-33.875,-72.6875,14.110107421875,14.110107421875,14.110107421875
"3241",-33.625,-76.9375,18.2169407931241,0.06927490234375,84.4063720703125
"3242",-33.625,-76.8125,16.2866192588323,0.024169921875,194.482574462891
"3243",-33.625,-76.6875,21.7159900737806,0.02593994140625,241.306396484375
"3244",-33.625,-76.5625,15.2479772290748,0.03240966796875,239.922546386719
"3245",-33.625,-76.4375,19.822334250559,0.04998779296875,213.684509277344
"3246",-33.625,-76.3125,28.4165984254068,0.02728271484375,205.1455078125
"3247",-33.625,-76.1875,30.2725605782264,0.038818359375,94.16064453125
"3248",-33.625,-76.0625,27.1842901611328,0.017333984375,122.126159667969
"3249",-33.625,-75.9375,30.5614586001537,0.05596923828125,130.730712890625
"3250",-33.625,-75.8125,31.351542347792,0.047119140625,134.14501953125
"3251",-33.625,-75.6875,23.3952279254284,0.00091552734375,125.13037109375
"3252",-33.625,-75.5625,30.0559747869318,0.0052490234375,94.7984008789062
"3253",-33.625,-75.4375,8.99114699590774,0.43804931640625,22.0331420898438
"3254",-33.625,-75.3125,17.9989934747869,0.39117431640625,82.2719116210938
"3255",-33.625,-75.1875,36.3046603732639,0.2496337890625,107.952819824219
"3256",-33.625,-75.0625,75.1008777153201,2.33978271484375,279.947845458984
"3257",-33.625,-74.9375,103.835467815399,0.56390380859375,296.571105957031
"3258",-33.625,-74.8125,53.8833397398604,0.3035888671875,249.255920410156
"3259",-33.625,-74.6875,100.933326080555,0.0806884765625,478.5732421875
"3260",-33.625,-74.5625,164.921644717233,0.02716064453125,559.547485351562
"3261",-33.625,-74.4375,192.268247047566,0.005615234375,562.111572265625
"3262",-33.625,-74.3125,122.160173012612,0.43768310546875,580.399291992188
"3263",-33.625,-74.1875,101.44022567761,0.107666015625,756.936401367188
"3264",-33.625,-74.0625,66.7698709663158,0.0567626953125,729.047546386719
"3265",-33.625,-73.9375,53.5372341327199,0.0225830078125,342.594360351562
"3266",-33.625,-73.8125,45.239700004275,0.165283203125,337.239135742188
"3267",-33.625,-73.6875,39.1741478140269,0.18408203125,158.261962890625
"3268",-33.625,-73.5625,35.8100515681205,0.363037109375,104.833984375
"3269",-33.625,-73.4375,38.4694998604911,0.00341796875,133.070556640625
"3270",-33.625,-73.3125,58.28173828125,0.230712890625,445.9501953125
"3271",-33.625,-73.1875,33.8184110201322,3.249755859375,133.837158203125
"3272",-33.625,-73.0625,84.8035210503472,1.184326171875,125.110107421875
"3273",-33.625,-72.9375,72.8192952473958,1.388671875,124.58154296875
"3274",-33.625,-72.8125,46.5597256747159,13.04296875,123.920166015625
"3275",-33.625,-72.6875,8.81982421875,8.3115234375,9.328125
"3276",-33.375,-76.9375,18.9702706172549,0.1329345703125,92.8249816894531
"3277",-33.375,-76.8125,18.5335163103782,0.00018310546875,196.519226074219
"3278",-33.375,-76.6875,21.2185397677951,0.0732421875,149.733520507812
"3279",-33.375,-76.5625,14.3396992178092,0.03375244140625,79.82373046875
"3280",-33.375,-76.4375,17.2409304376483,0.02716064453125,107.252746582031
"3281",-33.375,-76.3125,23.5011242556605,0.17291259765625,151.182861328125
"3282",-33.375,-76.1875,24.882823932567,0.00946044921875,92.6767578125
"3283",-33.375,-76.0625,28.9088952148437,0.041748046875,105.318054199219
"3284",-33.375,-75.9375,28.7226419802065,0.1524658203125,116.908569335938
"3285",-33.375,-75.8125,22.2075976990817,0.13299560546875,123.966186523438
"3286",-33.375,-75.6875,30.0841664281385,1.13763427734375,110.14404296875
"3287",-33.375,-75.5625,32.8965328440947,0.0166015625,98.8839111328125
"3288",-33.375,-75.4375,16.8373671311599,0.26068115234375,82.2645263671875
"3289",-33.375,-75.3125,26.0009562174479,0.30035400390625,110.67919921875
"3290",-33.375,-75.1875,32.4516209193638,2.6873779296875,113.891235351562
"3291",-33.375,-75.0625,60.997859954834,0.1070556640625,236.045654296875
"3292",-33.375,-74.9375,122.349235339042,0.477294921875,298.296600341797
"3293",-33.375,-74.8125,62.7660242336899,0.48858642578125,273.999664306641
"3294",-33.375,-74.6875,143.620916418127,1.65496826171875,530.399047851562
"3295",-33.375,-74.5625,150.522026295225,0.26239013671875,532.305419921875
"3296",-33.375,-74.4375,228.062832822368,0.0877685546875,572.094787597656
"3297",-33.375,-74.3125,148.450044019987,0.29010009765625,622.759765625
"3298",-33.375,-74.1875,101.241862445084,0.2064208984375,739.908874511719
"3299",-33.375,-74.0625,66.4015251442238,0.1761474609375,726.688354492188
"3300",-33.375,-73.9375,53.7421950377895,0.00048828125,341.71630859375
"3301",-33.375,-73.8125,44.5056705171359,0.009033203125,307.716064453125
"3302",-33.375,-73.6875,42.0666373697917,0.165771484375,174.286865234375
"3303",-33.375,-73.5625,29.3646996620974,0.27685546875,101.0517578125
"3304",-33.375,-73.4375,68.7717189788818,0.083740234375,454.5078125
"3305",-33.375,-73.3125,72.7281042028357,0.968017578125,454.407470703125
"3306",-33.375,-73.1875,28.9458755985383,0.017333984375,122.613525390625
"3307",-33.375,-73.0625,51.9695068359375,0.2802734375,126.292236328125
"3308",-33.375,-72.9375,40.2788649338942,0.35986328125,127.4560546875
"3309",-33.375,-72.8125,68.0133158365885,3.08203125,130.610107421875
"3310",-33.375,-72.5625,8.01019287109375,7.0380859375,9.65185546875
"3311",-33.125,-76.9375,19.3156536471459,0.062225341796875,108.438903808594
"3312",-33.125,-76.8125,17.9493100652435,0.3070068359375,110.391052246094
"3313",-33.125,-76.6875,21.0431510258647,0.11322021484375,192.874938964844
"3314",-33.125,-76.5625,16.4245716539794,0.030517578125,154.958587646484
"3315",-33.125,-76.4375,18.9997261193148,0.0223388671875,100.273681640625
"3316",-33.125,-76.3125,19.7103474934896,0.00421142578125,144.088500976562
"3317",-33.125,-76.1875,22.3995998521152,0.05584716796875,90.5767822265625
"3318",-33.125,-76.0625,20.8777326617325,0.07025146484375,107.997741699219
"3319",-33.125,-75.9375,18.6625287686175,0.38775634765625,77.7774658203125
"3320",-33.125,-75.8125,17.031259987571,0.93731689453125,117.320678710938
"3321",-33.125,-75.6875,26.6103502356488,0.7728271484375,113.217041015625
"3322",-33.125,-75.5625,18.9814317491319,2.61956787109375,56.3185424804688
"3323",-33.125,-75.4375,28.5460148301235,0.484130859375,98.96435546875
"3324",-33.125,-75.3125,7.73488998413086,0.3739013671875,17.6953735351562
"3325",-33.125,-75.1875,19.9565325797872,0.66998291015625,112.092468261719
"3326",-33.125,-75.0625,100.655705043248,0.2420654296875,232.796051025391
"3327",-33.125,-74.9375,51.4748666936701,0.1302490234375,351.071838378906
"3328",-33.125,-74.8125,103.342510825709,1.02423095703125,360.949584960938
"3329",-33.125,-74.6875,166.79156406635,0.6778564453125,537.611633300781
"3330",-33.125,-74.5625,206.132458102319,0.6781005859375,517.348876953125
"3331",-33.125,-74.4375,207.056248599418,0.2449951171875,570.849792480469
"3332",-33.125,-74.3125,178.22634866026,0.630615234375,783.350463867188
"3333",-33.125,-74.1875,103.598462812099,0.1104736328125,719.006164550781
"3334",-33.125,-74.0625,60.2884217985384,0.056396484375,651.541015625
"3335",-33.125,-73.9375,50.6219411542339,0.0296630859375,334.779663085938
"3336",-33.125,-73.8125,48.9357901264552,0.00390625,328.662963867188
"3337",-33.125,-73.6875,43.3848965731534,0.166748046875,178.204345703125
"3338",-33.125,-73.5625,25.6829427083333,0.059326171875,101.54931640625
"3339",-33.125,-73.4375,36.4097919464111,0.49853515625,149.724609375
"3340",-33.125,-73.3125,46.6949103860294,0.188720703125,410.413818359375
"3341",-33.125,-73.1875,46.0206390380859,0.5537109375,397.53076171875
"3342",-33.125,-73.0625,39.191669921875,0.4482421875,147.4833984375
"3343",-33.125,-72.9375,29.6533074629934,2.9677734375,132.498291015625
"3344",-33.125,-72.8125,44.459716796875,0.51611328125,113.655517578125
"3345",-33.125,-72.6875,12.7640991210938,1.533203125,40.96826171875
"3346",-33.125,-72.5625,7.16571044921875,5.573486328125,8.112548828125
"3347",-32.875,-76.9375,25.7369667827219,0.00665283203125,78.4321594238281
"3348",-32.875,-76.8125,20.6076661321043,0.0560302734375,115.000823974609
"3349",-32.875,-76.6875,21.5177866504559,0.051605224609375,156.753112792969
"3350",-32.875,-76.5625,16.5586733655865,0.0777587890625,138.720153808594
"3351",-32.875,-76.4375,19.0000811467405,0.05206298828125,132.277313232422
"3352",-32.875,-76.3125,16.9285072527434,0.03314208984375,92.8597412109375
"3353",-32.875,-76.1875,17.9853045669075,0.00738525390625,127.41064453125
"3354",-32.875,-76.0625,21.9770407988646,0.1502685546875,108.63525390625
"3355",-32.875,-75.9375,18.9881283658222,0.052001953125,56.6571655273438
"3356",-32.875,-75.8125,13.9900835145195,1.9462890625,30.4649047851562
"3357",-32.875,-75.6875,22.1924778864934,0.7811279296875,105.81640625
"3358",-32.875,-75.5625,25.4129621233259,2.59283447265625,100.083312988281
"3359",-32.875,-75.4375,39.7241760253906,0.6177978515625,102.993469238281
"3360",-32.875,-75.3125,13.4269856770833,0.2120361328125,24.0532836914062
"3361",-32.875,-75.1875,52.6902861899518,0.33306884765625,217.753326416016
"3362",-32.875,-75.0625,89.1338682013043,0.5574951171875,370.031982421875
"3363",-32.875,-74.9375,42.6908956212322,0.01483154296875,231.885498046875
"3364",-32.875,-74.8125,49.6820085005327,0.30645751953125,302.912292480469
"3365",-32.875,-74.6875,143.092083663218,0.12274169921875,467.584014892578
"3366",-32.875,-74.5625,223.944503390404,0.317138671875,586.152160644531
"3367",-32.875,-74.4375,206.831236667156,0.73919677734375,576.19482421875
"3368",-32.875,-74.3125,167.432765129858,0.0418701171875,808.814147949219
"3369",-32.875,-74.1875,116.580090935189,0.04901123046875,758.074096679688
"3370",-32.875,-74.0625,67.2919156247247,0.0230712890625,682.177612304688
"3371",-32.875,-73.9375,53.1038675159583,0.0286865234375,337.096801757812
"3372",-32.875,-73.8125,51.7550508280962,0.2841796875,322.578491210938
"3373",-32.875,-73.6875,44.2697597739539,0.093017578125,174.953369140625
"3374",-32.875,-73.5625,35.2989170111499,0.2236328125,165.952392578125
"3375",-32.875,-73.4375,41.3376070125374,0.043212890625,145.08984375
"3376",-32.875,-73.3125,42.5555274166278,0.050048828125,137.65625
"3377",-32.875,-73.1875,45.8074515206473,0.45556640625,378.95068359375
"3378",-32.875,-73.0625,36.2091564741291,0.030029296875,191.344482421875
"3379",-32.875,-72.9375,48.8175893930288,17.666259765625,76.2001953125
"3380",-32.875,-72.8125,35.7857506793478,1.170654296875,89.762939453125
"3381",-32.875,-72.6875,15.9931989397321,5.480224609375,40.59716796875
"3382",-32.875,-72.5625,8.778857421875,3.006591796875,24.014892578125
"3383",-32.875,-72.4375,13.71728515625,10.51416015625,16.92041015625
"3384",-32.875,-72.3125,18.3272026909722,14.533447265625,25.940673828125
"3385",-32.625,-76.9375,17.8647678920201,0.14898681640625,86.7268676757812
"3386",-32.625,-76.8125,25.3555912115635,0.060150146484375,136.692901611328
"3387",-32.625,-76.6875,20.1299291394421,0.000579833984375,105.743896484375
"3388",-32.625,-76.5625,21.332927697269,0.0384521484375,156.787414550781
"3389",-32.625,-76.4375,19.3316676988514,0.0111083984375,133.068756103516
"3390",-32.625,-76.3125,13.4053930092973,0.00469970703125,66.261474609375
"3391",-32.625,-76.1875,14.6066246032715,0.0396728515625,83.4083251953125
"3392",-32.625,-76.0625,12.837351662772,0.11297607421875,69.2147827148438
"3393",-32.625,-75.9375,35.1813573125583,0.47265625,220.480407714844
"3394",-32.625,-75.8125,15.2632978723404,1.10101318359375,30.9437866210938
"3395",-32.625,-75.6875,17.6514793602196,0.06597900390625,108.46533203125
"3396",-32.625,-75.5625,55.3895912982048,3.5814208984375,107.390441894531
"3397",-32.625,-75.4375,32.6549261183966,2.63433837890625,92.9913940429688
"3398",-32.625,-75.3125,22.7976536904612,0.75152587890625,96.3292236328125
"3399",-32.625,-75.1875,98.9297858886719,0.02593994140625,362.174438476562
"3400",-32.625,-75.0625,100.118088756534,0.63836669921875,366.536468505859
"3401",-32.625,-74.9375,88.6878920032132,0.15130615234375,355.377868652344
"3402",-32.625,-74.8125,86.0355973125097,0.1912841796875,402.963623046875
"3403",-32.625,-74.6875,156.613595662556,0.050048828125,468.235534667969
"3404",-32.625,-74.5625,204.264906577551,0.1234130859375,566.7880859375
"3405",-32.625,-74.4375,129.222857566424,0.2545166015625,573.41650390625
"3406",-32.625,-74.3125,144.777733798702,0.1632080078125,543.591674804688
"3407",-32.625,-74.1875,116.169808577062,1.0596923828125,826.88232421875
"3408",-32.625,-74.0625,75.447639293885,0.0267333984375,759.232727050781
"3409",-32.625,-73.9375,56.1326629109465,0.017333984375,339.421264648438
"3410",-32.625,-73.8125,50.7596714922142,0.1962890625,323.3427734375
"3411",-32.625,-73.6875,48.5758255359738,0.059814453125,342.059204101562
"3412",-32.625,-73.5625,37.7912952769886,0.00732421875,175.70166015625
"3413",-32.625,-73.4375,39.1077119560652,0.08203125,148.055908203125
"3414",-32.625,-73.3125,28.6363818737888,0.842529296875,129.607177734375
"3415",-32.625,-73.1875,46.1900721958705,0.280029296875,351.27978515625
"3416",-32.625,-73.0625,30.1977740119485,1.669677734375,129.345947265625
"3417",-32.625,-72.9375,55.1312772310697,0.091064453125,116.51611328125
"3418",-32.625,-72.8125,30.1082179857337,2.747802734375,91.408935546875
"3419",-32.625,-72.6875,20.5763346354167,0.6396484375,41.053955078125
"3420",-32.625,-72.5625,16.33544921875,5.9599609375,23.42822265625
"3421",-32.625,-72.4375,25.3118960731908,2.41943359375,37.76513671875
"3422",-32.625,-72.3125,25.6647600446429,21.68701171875,28.4404296875
"3423",-32.375,-76.9375,25.8782938639323,0.15850830078125,87.6266021728516
"3424",-32.375,-76.8125,26.9025373250029,0.0762939453125,149.867492675781
"3425",-32.375,-76.6875,23.4706563523545,0.401153564453125,120.525924682617
"3426",-32.375,-76.5625,21.6450052204017,0.055511474609375,155.94873046875
"3427",-32.375,-76.4375,21.1116398847485,0.04254150390625,134.490234375
"3428",-32.375,-76.3125,15.0752307586919,0.03692626953125,86.6927490234375
"3429",-32.375,-76.1875,11.9231920062371,0.0782470703125,92.9502563476562
"3430",-32.375,-76.0625,13.0886895430715,0.10150146484375,71.2490844726562
"3431",-32.375,-75.9375,52.6446631646925,0.08935546875,225.583251953125
"3432",-32.375,-75.8125,12.0933789704975,0.64910888671875,37.1213989257812
"3433",-32.375,-75.6875,14.142330088514,0.58343505859375,28.3694458007812
"3434",-32.375,-75.5625,19.2390603054775,0.4769287109375,93.8058471679688
"3435",-32.375,-75.4375,22.9776365492079,0.31512451171875,79.4323120117188
"3436",-32.375,-75.3125,36.3760442624147,0.5157470703125,125.425903320312
"3437",-32.375,-75.1875,32.5321682200712,1.39813232421875,143.389770507812
"3438",-32.375,-75.0625,76.7374532730853,0.68597412109375,242.332733154297
"3439",-32.375,-74.9375,119.811233450191,0.013427734375,370.279418945312
"3440",-32.375,-74.8125,141.011664162219,0.0108642578125,436.468933105469
"3441",-32.375,-74.6875,181.850058931595,0.03582763671875,465.513885498047
"3442",-32.375,-74.5625,139.081512814476,0.18341064453125,491.068176269531
"3443",-32.375,-74.4375,158.30051884835,0.05767822265625,442.997985839844
"3444",-32.375,-74.3125,129.730653924457,0.5284423828125,811.058532714844
"3445",-32.375,-74.1875,106.917958739802,0.478271484375,822.141967773438
"3446",-32.375,-74.0625,70.5394150321365,0.0103759765625,749.777099609375
"3447",-32.375,-73.9375,57.1670323228874,0.16845703125,333.677124023438
"3448",-32.375,-73.8125,52.1062746926256,0.01708984375,301.299438476562
"3449",-32.375,-73.6875,49.6305131755891,0.381591796875,345.850219726562
"3450",-32.375,-73.5625,38.2730703125,1.118896484375,114.775146484375
"3451",-32.375,-73.4375,35.0442599372385,0.296630859375,147.51220703125
"3452",-32.375,-73.3125,29.2920631202492,0.4482421875,124.053466796875
"3453",-32.375,-73.1875,37.3344541607481,0.298095703125,349.001708984375
"3454",-32.375,-73.0625,32.3548049926758,0.99853515625,127.86181640625
"3455",-32.375,-72.9375,27.2462506975446,0.111328125,104.53857421875
"3456",-32.375,-72.8125,34.1394914899554,0.271240234375,71.465087890625
"3457",-32.375,-72.6875,24.0891294126157,1.352783203125,45.087646484375
"3458",-32.375,-72.5625,13.349755859375,1.46630859375,35.408447265625
"3459",-32.375,-72.4375,26.10302734375,3.78125,36.13330078125
"3460",-32.375,-72.3125,87.5252278645833,0.563232421875,147.693359375
"3461",-32.375,-72.1875,32.6552734375,30.554931640625,34.3818359375
"3462",-32.375,-72.0625,12.4835205078125,11.048095703125,13.9189453125
"3463",-32.375,-71.9375,2.34912109375,1.122314453125,3.185791015625
"3464",-32.125,-76.9375,43.267253709876,0.0579833984375,143.651214599609
"3465",-32.125,-76.8125,28.3099242598922,0.175125122070312,141.172943115234
"3466",-32.125,-76.6875,27.2869657278061,0.064849853515625,149.195236206055
"3467",-32.125,-76.5625,20.6606513451511,0.02484130859375,107.305328369141
"3468",-32.125,-76.4375,19.7490164874351,0.0355224609375,140.693756103516
"3469",-32.125,-76.3125,18.2127875484637,0.00030517578125,113.124084472656
"3470",-32.125,-76.1875,15.3865608091165,0.0347900390625,93.2327880859375
"3471",-32.125,-76.0625,12.4678728555896,0.3134765625,71.7039794921875
"3472",-32.125,-75.9375,33.4338936083245,0.1058349609375,226.023742675781
"3473",-32.125,-75.8125,18.9404228102993,0.20355224609375,224.801330566406
"3474",-32.125,-75.6875,10.8082119081079,0.10980224609375,32.43701171875
"3475",-32.125,-75.5625,17.6295273330185,1.02349853515625,85.6704711914062
"3476",-32.125,-75.4375,24.4467059795673,0.1263427734375,125.273681640625
"3477",-32.125,-75.3125,31.4468825490851,0.3359375,124.431945800781
"3478",-32.125,-75.1875,28.6670681265898,0.48291015625,74.318603515625
"3479",-32.125,-75.0625,72.0412635024713,2.9615478515625,222.686859130859
"3480",-32.125,-74.9375,140.45853987984,0.07611083984375,383.525451660156
"3481",-32.125,-74.8125,149.573226185446,1.6724853515625,389.254364013672
"3482",-32.125,-74.6875,130.862767423902,0.65472412109375,444.169738769531
"3483",-32.125,-74.5625,180.464979596819,0.00457763671875,513.337158203125
"3484",-32.125,-74.4375,166.534067490522,0.8026123046875,493.110534667969
"3485",-32.125,-74.3125,125.015343450731,0.09033203125,799.607299804688
"3486",-32.125,-74.1875,96.1115508636871,0.0552978515625,720.502502441406
"3487",-32.125,-74.0625,63.6658653579202,0.0587158203125,591.509643554688
"3488",-32.125,-73.9375,54.4993609083393,0.0462646484375,317.828857421875
"3489",-32.125,-73.8125,48.4924195868201,0.02294921875,292.331665039062
"3490",-32.125,-73.6875,45.8842950350996,0.039794921875,309.271728515625
"3491",-32.125,-73.5625,39.7939963685242,0.06982421875,112.042236328125
"3492",-32.125,-73.4375,30.0751497733161,0.12548828125,153.60791015625
"3493",-32.125,-73.3125,38.3105656550481,0.213623046875,325.49267578125
"3494",-32.125,-73.1875,26.0225503411092,0.543212890625,140.46044921875
"3495",-32.125,-73.0625,32.4686343544408,0.0908203125,93.104248046875
"3496",-32.125,-72.9375,21.3185337611607,0.43701171875,95.145263671875
"3497",-32.125,-72.8125,31.5802542264344,0.09912109375,73.7841796875
"3498",-32.125,-72.6875,26.094482421875,1.023681640625,75.77783203125
"3499",-32.125,-72.5625,16.1330122514205,0.025146484375,46.09375
"3500",-32.125,-72.4375,20.6870492788462,3.83935546875,35.99755859375
"3501",-32.125,-72.3125,69.1903654399671,8.90478515625,147.929931640625
"3502",-32.125,-72.1875,12.8323567708333,1.306640625,33.371337890625
"3503",-32.125,-72.0625,14.1883544921875,14.004638671875,14.3720703125
"3504",-32.125,-71.9375,4.26118977864583,1.814697265625,7.4560546875
"3505",-31.875,-76.9375,64.980286916097,0.69036865234375,129.964813232422
"3506",-31.875,-76.8125,39.5344460227273,0.0572509765625,139.261322021484
"3507",-31.875,-76.6875,25.262928476139,0.284530639648438,134.195770263672
"3508",-31.875,-76.5625,24.6728015809547,0.093414306640625,123.96305847168
"3509",-31.875,-76.4375,20.0730869637341,0.0294189453125,141.076202392578
"3510",-31.875,-76.3125,16.8128627165583,0.01068115234375,94.2757568359375
"3511",-31.875,-76.1875,17.4920177095255,0.0079345703125,201.487884521484
"3512",-31.875,-76.0625,12.9693299287595,0.0013427734375,201.639068603516
"3513",-31.875,-75.9375,18.6427107894977,0.02716064453125,227.932891845703
"3514",-31.875,-75.8125,23.0294294597722,0.04248046875,225.878967285156
"3515",-31.875,-75.6875,15.2880059767139,0.09844970703125,50.915283203125
"3516",-31.875,-75.5625,25.6599171259632,2.6258544921875,81.3754272460938
"3517",-31.875,-75.4375,33.3905241051499,1.1092529296875,121.297790527344
"3518",-31.875,-75.3125,20.8823635703639,0.79632568359375,53.7144165039062
"3519",-31.875,-75.1875,35.0718672010634,0.143310546875,222.663452148438
"3520",-31.875,-75.0625,69.3041066045347,1.8199462890625,222.859649658203
"3521",-31.875,-74.9375,125.16892758324,0.60076904296875,380.556793212891
"3522",-31.875,-74.8125,168.749940020483,0.85662841796875,490.628601074219
"3523",-31.875,-74.6875,177.156263563368,0.41180419921875,478.422546386719
"3524",-31.875,-74.5625,188.702712531904,0.36767578125,509.553405761719
"3525",-31.875,-74.4375,165.940358669958,0.21282958984375,463.7333984375
"3526",-31.875,-74.3125,110.16054801278,0.35845947265625,743.617736816406
"3527",-31.875,-74.1875,92.6826288816308,0.371337890625,703.583251953125
"3528",-31.875,-74.0625,64.807874568326,0.1220703125,604.792541503906
"3529",-31.875,-73.9375,50.7359488945344,0.1552734375,276.443115234375
"3530",-31.875,-73.8125,44.7232730608885,0.010009765625,262.597534179688
"3531",-31.875,-73.6875,43.18309373122,0.063720703125,282.296142578125
"3532",-31.875,-73.5625,34.5386833639706,0.098876953125,97.315673828125
"3533",-31.875,-73.4375,34.5979465185772,0.832763671875,172.32373046875
"3534",-31.875,-73.3125,32.5366080976711,0.051513671875,307.99560546875
"3535",-31.875,-73.1875,30.070395002694,0.078125,135.949951171875
"3536",-31.875,-73.0625,31.7250033291903,0.099853515625,95.916259765625
"3537",-31.875,-72.9375,25.5383233893408,0.10986328125,94.559814453125
"3538",-31.875,-72.8125,15.7345388312089,0.043212890625,90.37158203125
"3539",-31.875,-72.6875,33.1760113055889,1.723876953125,86.97412109375
"3540",-31.875,-72.5625,29.4623074001736,1.867919921875,106.1748046875
"3541",-31.875,-72.4375,14.1543686810662,0.099609375,35.50244140625
"3542",-31.875,-72.3125,67.9729614257812,21.128173828125,129.861328125
"3543",-31.875,-72.1875,13.6405029296875,3.485595703125,37.497802734375
"3544",-31.875,-72.0625,16.2983940972222,9.433837890625,25.7509765625
"3545",-31.875,-71.9375,7.8115234375,5.42822265625,10.3984375
"3546",-31.625,-76.9375,49.7001034521288,1.22076416015625,114.912094116211
"3547",-31.625,-76.8125,47.9279171892705,0.95672607421875,106.860382080078
"3548",-31.625,-76.6875,24.9169381370007,0.515777587890625,87.4813232421875
"3549",-31.625,-76.5625,25.6152366002401,0.122528076171875,130.203765869141
"3550",-31.625,-76.4375,22.9403267718376,0.0079345703125,133.966979980469
"3551",-31.625,-76.3125,17.8606629388492,0.0079345703125,132.810424804688
"3552",-31.625,-76.1875,18.0873168335977,0.13348388671875,171.695007324219
"3553",-31.625,-76.0625,17.0842075875625,0.0152587890625,206.230682373047
"3554",-31.625,-75.9375,22.1021742139544,0.0343017578125,231.121459960938
"3555",-31.625,-75.8125,23.7414116657956,0.1021728515625,231.104248046875
"3556",-31.625,-75.6875,24.0553653875046,0.07940673828125,95.5826416015625
"3557",-31.625,-75.5625,23.3578410901521,0.2178955078125,97.5438232421875
"3558",-31.625,-75.4375,27.4014389935662,0.39373779296875,107.375
"3559",-31.625,-75.3125,31.2074459300322,0.2984619140625,95.92578125
"3560",-31.625,-75.1875,54.7809216308594,0.0745849609375,222.652221679688
"3561",-31.625,-75.0625,63.6962553478423,0.033935546875,132.99560546875
"3562",-31.625,-74.9375,105.328899135251,0.022705078125,375.238433837891
"3563",-31.625,-74.8125,171.583422250121,0.236083984375,484.945465087891
"3564",-31.625,-74.6875,179.347471048904,0.26226806640625,466.823822021484
"3565",-31.625,-74.5625,175.841639250228,0.25152587890625,449.416564941406
"3566",-31.625,-74.4375,162.357154401143,0.317138671875,675.215270996094
"3567",-31.625,-74.3125,108.710736012073,1.3486328125,733.22119140625
"3568",-31.625,-74.1875,89.8984068847656,1.0860595703125,710.078002929688
"3569",-31.625,-74.0625,65.9319456301728,0.1121826171875,571.002014160156
"3570",-31.625,-73.9375,50.2418321029529,0.0380859375,303.526977539062
"3571",-31.625,-73.8125,44.8464164274285,0.13623046875,249.59130859375
"3572",-31.625,-73.6875,45.409486224271,0.039306640625,280.716064453125
"3573",-31.625,-73.5625,33.6889190673828,0.037841796875,103.955322265625
"3574",-31.625,-73.4375,35.7009761967463,0.16015625,108.8876953125
"3575",-31.625,-73.3125,33.6743983740411,0.08740234375,300.644287109375
"3576",-31.625,-73.1875,24.7743331039508,0.046142578125,120.69140625
"3577",-31.625,-73.0625,28.7308965177618,0.005615234375,124.0927734375
"3578",-31.625,-72.9375,22.7437347808442,0.13623046875,114.489501953125
"3579",-31.625,-72.8125,29.3494324290424,0.12158203125,127.268798828125
"3580",-31.625,-72.6875,38.1850526391006,0.350830078125,100.50439453125
"3581",-31.625,-72.5625,35.3975016276042,5.86279296875,100.5625
"3582",-31.625,-72.4375,33.5622182992788,0.13818359375,76.7119140625
"3583",-31.625,-72.3125,58.2865862165179,8.619873046875,133.003173828125
"3584",-31.625,-72.1875,18.1450946514423,0.24560546875,37.931884765625
"3585",-31.625,-72.0625,15.9413791232639,5.964599609375,28.2646484375
"3586",-31.625,-71.9375,11.3594970703125,10.808349609375,11.957275390625
"3587",-31.375,-76.9375,47.3410787494904,5.18032836914062,114.309234619141
"3588",-31.375,-76.8125,46.7197875976562,1.27523803710938,115.600677490234
"3589",-31.375,-76.6875,36.7043724060059,0.0102386474609375,215.724487304688
"3590",-31.375,-76.5625,23.3100843085617,0.095001220703125,122.948089599609
"3591",-31.375,-76.4375,23.8357153373271,0.188720703125,99.8062133789062
"3592",-31.375,-76.3125,17.988108113976,0.0062255859375,123.782836914062
"3593",-31.375,-76.1875,21.7737427849676,0.02520751953125,171.731750488281
"3594",-31.375,-76.0625,19.0869384212018,0.049285888671875,159.130004882812
"3595",-31.375,-75.9375,20.3042408001027,0.058349609375,206.699768066406
"3596",-31.375,-75.8125,29.6578946176054,0.05047607421875,231.713439941406
"3597",-31.375,-75.6875,19.7792797183516,0.03631591796875,183.108093261719
"3598",-31.375,-75.5625,32.9156149839744,0.87890625,107.506896972656
"3599",-31.375,-75.4375,39.0475402832031,0.78802490234375,304.042633056641
"3600",-31.375,-75.3125,41.1862311112253,0.29681396484375,101.686401367188
"3601",-31.375,-75.1875,54.2493917291815,0.62847900390625,148.335571289062
"3602",-31.375,-75.0625,39.7635154724121,0.10064697265625,168.399536132812
"3603",-31.375,-74.9375,93.7371510174258,0.1739501953125,368.959991455078
"3604",-31.375,-74.8125,106.570557778569,0.013671875,402.2724609375
"3605",-31.375,-74.6875,166.126732006408,0.03997802734375,449.292419433594
"3606",-31.375,-74.5625,188.456378855218,0.1533203125,399.490844726562
"3607",-31.375,-74.4375,151.037805267269,0.474365234375,675.836181640625
"3608",-31.375,-74.3125,99.4989442693229,0.3070068359375,713.134948730469
"3609",-31.375,-74.1875,82.891469228428,0.054931640625,676.180358886719
"3610",-31.375,-74.0625,64.1535179544483,0.0821533203125,526.17822265625
"3611",-31.375,-73.9375,52.682087163532,0.0435791015625,326.00439453125
"3612",-31.375,-73.8125,47.2758173101089,0.0830078125,248.663208007812
"3613",-31.375,-73.6875,42.8934509277344,0.77294921875,259.012451171875
"3614",-31.375,-73.5625,32.459685268781,0.005859375,103.249755859375
"3615",-31.375,-73.4375,33.5020529696254,0.147216796875,204.126953125
"3616",-31.375,-73.3125,33.896077776487,0.001220703125,277.2783203125
"3617",-31.375,-73.1875,26.8983618057451,0.101318359375,123.188232421875
"3618",-31.375,-73.0625,26.4248661268626,0.183349609375,122.38037109375
"3619",-31.375,-72.9375,22.4406956914646,0.091796875,98.4931640625
"3620",-31.375,-72.8125,29.4177138384651,0.055419921875,129.505126953125
"3621",-31.375,-72.6875,48.2231548108553,6.822265625,99.458251953125
"3622",-31.375,-72.5625,34.3982631138393,10.982666015625,76.69384765625
"3623",-31.375,-72.4375,44.1431556114784,0.2392578125,120.40966796875
"3624",-31.375,-72.3125,73.7571105957031,31.5078125,124.18603515625
"3625",-31.375,-72.1875,34.0094853153935,3.230224609375,152.970947265625
"3626",-31.375,-72.0625,19.9872884114583,6.246337890625,28.056640625
"3627",-31.375,-71.9375,6.367431640625,3.739990234375,10.7314453125
"3628",-31.125,-76.9375,12.1556699660517,0.0568447113037109,26.9452476501465
"3629",-31.125,-76.8125,45.595052868387,2.44149780273438,115.243041992188
"3630",-31.125,-76.6875,44.4923190478212,0.206817626953125,187.839920043945
"3631",-31.125,-76.5625,21.9358737316196,0.138092041015625,109.427963256836
"3632",-31.125,-76.4375,24.9238182336242,0.23956298828125,99.4747009277344
"3633",-31.125,-76.3125,19.0445493810317,0.06512451171875,122.575714111328
"3634",-31.125,-76.1875,19.4557316386616,0.0946044921875,119.450500488281
"3635",-31.125,-76.0625,18.8790391635545,0.132781982421875,153.358093261719
"3636",-31.125,-75.9375,16.2747220183505,0.0069580078125,97.7042236328125
"3637",-31.125,-75.8125,14.0763957799549,0.035186767578125,226.834533691406
"3638",-31.125,-75.6875,38.1224022792904,0.06243896484375,229.387969970703
"3639",-31.125,-75.5625,26.8226203118171,0.2901611328125,203.506774902344
"3640",-31.125,-75.4375,28.9649728914587,1.23663330078125,302.538513183594
"3641",-31.125,-75.3125,68.7482340287189,0.04974365234375,309.005096435547
"3642",-31.125,-75.1875,46.503125963713,0.31048583984375,310.313537597656
"3643",-31.125,-75.0625,40.7254044262331,0.287841796875,312.933288574219
"3644",-31.125,-74.9375,89.334585443649,0.8604736328125,372.528747558594
"3645",-31.125,-74.8125,165.779270188924,0.0740966796875,476.662780761719
"3646",-31.125,-74.6875,241.307973630386,0.35772705078125,475.794921875
"3647",-31.125,-74.5625,182.061088892213,0.03424072265625,456.797790527344
"3648",-31.125,-74.4375,145.440219244777,0.26971435546875,665.534057617188
"3649",-31.125,-74.3125,93.9028480989387,0.4713134765625,689.395202636719
"3650",-31.125,-74.1875,74.2676664486017,0.04638671875,625.718444824219
"3651",-31.125,-74.0625,57.9245703741614,0.14111328125,473.321655273438
"3652",-31.125,-73.9375,50.6091044657939,0.0859375,343.512084960938
"3653",-31.125,-73.8125,44.8241297753714,0.080322265625,226.969970703125
"3654",-31.125,-73.6875,44.6802100294339,0.246826171875,229.8525390625
"3655",-31.125,-73.5625,37.0032478932584,0.251953125,188.828369140625
"3656",-31.125,-73.4375,36.7748874470339,0.09912109375,257.877197265625
"3657",-31.125,-73.3125,28.5067004187632,0.059326171875,266.16015625
"3658",-31.125,-73.1875,23.3041425089198,0.064697265625,119.1943359375
"3659",-31.125,-73.0625,26.2179986862909,0.066162109375,117.98046875
"3660",-31.125,-72.9375,26.6588025448927,0.0458984375,113.22412109375
"3661",-31.125,-72.8125,35.1311606877967,0.1103515625,91.97900390625
"3662",-31.125,-72.6875,44.4184152703536,2.7822265625,130.164306640625
"3663",-31.125,-72.5625,32.5784055019947,10.435791015625,69.108642578125
"3664",-31.125,-72.4375,31.4852769639757,0.033935546875,118.73388671875
"3665",-31.125,-72.3125,66.9700578962054,5.18115234375,143.709228515625
"3666",-31.125,-72.1875,36.9534842354911,0.251220703125,146.366455078125
"3667",-31.125,-72.0625,37.660007642663,1.347900390625,67.527587890625
"3668",-31.125,-71.9375,8.448486328125,8.448486328125,8.448486328125
"3669",-30.875,-76.9375,16.3536559608248,2.84471702575684,40.7048606872559
"3670",-30.875,-76.8125,51.7834712042325,0.071746826171875,116.444381713867
"3671",-30.875,-76.6875,33.010892755845,0.135894775390625,157.691741943359
"3672",-30.875,-76.5625,17.7117596463674,0.04248046875,92.4046630859375
"3673",-30.875,-76.4375,25.6057158610026,0.06793212890625,100.135848999023
"3674",-30.875,-76.3125,22.143276099995,0.013153076171875,98.8136901855469
"3675",-30.875,-76.1875,20.9666038557975,0.187774658203125,103.486480712891
"3676",-30.875,-76.0625,21.2702623279817,0.004486083984375,157.213134765625
"3677",-30.875,-75.9375,22.0771735373508,0.03521728515625,155.115692138672
"3678",-30.875,-75.8125,21.4471922456548,0.009246826171875,152.547119140625
"3679",-30.875,-75.6875,29.2366113537566,0.0633544921875,165.031677246094
"3680",-30.875,-75.5625,43.7823714150323,0.06805419921875,207.730163574219
"3681",-30.875,-75.4375,55.9800549168741,0.29632568359375,200.742523193359
"3682",-30.875,-75.3125,59.5918781974099,0.454345703125,214.091827392578
"3683",-30.875,-75.1875,55.7853793189639,0.0406494140625,309.292663574219
"3684",-30.875,-75.0625,82.4361302719503,0.1844482421875,320.109283447266
"3685",-30.875,-74.9375,140.02141130649,0.1937255859375,411.072357177734
"3686",-30.875,-74.8125,180.958057936101,0.01776123046875,503.336242675781
"3687",-30.875,-74.6875,210.461749585065,0.0604248046875,473.924255371094
"3688",-30.875,-74.5625,181.113321682572,0.4700927734375,471.959381103516
"3689",-30.875,-74.4375,131.187019222039,0.7587890625,658.666748046875
"3690",-30.875,-74.3125,88.1048185551832,0.2298583984375,662.025939941406
"3691",-30.875,-74.1875,65.7682934551984,0.200927734375,590.065368652344
"3692",-30.875,-74.0625,51.6899172060049,0.14794921875,292.49853515625
"3693",-30.875,-73.9375,47.2817554053419,0.007080078125,335.551879882812
"3694",-30.875,-73.8125,42.5440639806299,0.19189453125,221.80859375
"3695",-30.875,-73.6875,47.1044176706827,0.016357421875,200.578125
"3696",-30.875,-73.5625,50.7408737333694,0.04638671875,216.40478515625
"3697",-30.875,-73.4375,33.4217635604354,0.126953125,259.401611328125
"3698",-30.875,-73.3125,25.7597462487599,0.39404296875,100.610107421875
"3699",-30.875,-73.1875,24.2862115989168,0.084228515625,125.029296875
"3700",-30.875,-73.0625,28.4785791015625,0.21044921875,114.854736328125
"3701",-30.875,-72.9375,23.6933699324324,0.01953125,107.403564453125
"3702",-30.875,-72.8125,28.3597586495536,0.106689453125,106.019775390625
"3703",-30.875,-72.6875,37.8060068982713,0.09912109375,128.584716796875
"3704",-30.875,-72.5625,29.8150595388105,0.038330078125,106.517822265625
"3705",-30.875,-72.4375,30.8126976376488,0.074951171875,138.64599609375
"3706",-30.875,-72.3125,51.9077899639423,0.985595703125,151.333251953125
"3707",-30.875,-72.1875,42.8941918349848,11.355224609375,72.90673828125
"3708",-30.875,-72.0625,23.8702233355978,0.072265625,61.63525390625
"3709",-30.875,-71.9375,10.627197265625,7.70654296875,13.5478515625
"3710",-30.875,-71.8125,0.3232421875,0.3232421875,0.3232421875
"3711",-30.625,-76.9375,10.4028413560655,5.88646984100342,14.6317310333252
"3712",-30.625,-76.8125,32.9407789460544,0.544143676757812,101.967483520508
"3713",-30.625,-76.6875,50.9471486251547,0.1922607421875,166.849365234375
"3714",-30.625,-76.5625,24.3841466681902,0.067657470703125,167.638336181641
"3715",-30.625,-76.4375,23.1036221118684,0.291229248046875,104.30322265625
"3716",-30.625,-76.3125,24.3893634002221,0.038818359375,96.0160827636719
"3717",-30.625,-76.1875,21.8799976472873,0.03741455078125,91.9891357421875
"3718",-30.625,-76.0625,20.7743961913113,0.222015380859375,112.942504882812
"3719",-30.625,-75.9375,18.3461083890835,0.012451171875,113.498779296875
"3720",-30.625,-75.8125,20.8005938305281,0.020111083984375,155.195892333984
"3721",-30.625,-75.6875,23.0165294225646,0.113677978515625,284.111938476562
"3722",-30.625,-75.5625,43.1933236863878,0.095458984375,289.776977539062
"3723",-30.625,-75.4375,38.7924306895841,0.074493408203125,319.27880859375
"3724",-30.625,-75.3125,65.8752774520659,0.004119873046875,310.763366699219
"3725",-30.625,-75.1875,77.9751984929464,0.63580322265625,327.271362304688
"3726",-30.625,-75.0625,101.889537040002,5.20404052734375,377.412384033203
"3727",-30.625,-74.9375,174.390181879843,0.5736083984375,453.514404296875
"3728",-30.625,-74.8125,151.222060486511,0.322784423828125,354.333953857422
"3729",-30.625,-74.6875,182.656174128842,0.171783447265625,424.401428222656
"3730",-30.625,-74.5625,166.582077993998,0.23779296875,538.3095703125
"3731",-30.625,-74.4375,114.866526690396,0.1446533203125,637.228759765625
"3732",-30.625,-74.3125,87.4173704988571,0.096923828125,646.747863769531
"3733",-30.625,-74.1875,58.6730656292596,0.160400390625,293.204833984375
"3734",-30.625,-74.0625,48.8303522275298,0.035888671875,320.794555664062
"3735",-30.625,-73.9375,46.5506133600943,0.0927734375,324.90185546875
"3736",-30.625,-73.8125,39.2969658632766,0.033935546875,220.425048828125
"3737",-30.625,-73.6875,37.3021839398231,0.002685546875,232.141845703125
"3738",-30.625,-73.5625,30.2505829347009,0.017822265625,258.931396484375
"3739",-30.625,-73.4375,24.8693007389058,0.00634765625,152.902099609375
"3740",-30.625,-73.3125,28.3576297483582,0.598876953125,129.5966796875
"3741",-30.625,-73.1875,25.3128878546099,0.104248046875,113.67822265625
"3742",-30.625,-73.0625,21.1128386025117,0.06005859375,114.52197265625
"3743",-30.625,-72.9375,27.0953376037253,0.0986328125,120.421630859375
"3744",-30.625,-72.8125,28.4250139508929,0.149658203125,133.71337890625
"3745",-30.625,-72.6875,37.2344970703125,0.016845703125,130.903076171875
"3746",-30.625,-72.5625,27.1535317332474,0.038330078125,131.9541015625
"3747",-30.625,-72.4375,35.8147405808972,2.254638671875,129.161376953125
"3748",-30.625,-72.3125,42.1552463107639,1.778076171875,164.858154296875
"3749",-30.625,-72.1875,38.3851114908854,5.755615234375,74.4892578125
"3750",-30.625,-72.0625,28.1598615975216,0.7587890625,56.31298828125
"3751",-30.625,-71.8125,1.1021728515625,0.153564453125,2.05078125
"3752",-30.375,-76.8125,12.5424406732832,0.0748367309570312,43.4075164794922
"3753",-30.375,-76.6875,48.4297525819979,1.03826522827148,100.578491210938
"3754",-30.375,-76.5625,46.7718428250017,1.07568359375,163.339080810547
"3755",-30.375,-76.4375,23.828359750601,0.2708740234375,105.460556030273
"3756",-30.375,-76.3125,22.223731396714,0.10205078125,104.455596923828
"3757",-30.375,-76.1875,24.1451391394224,0.190399169921875,187.838531494141
"3758",-30.375,-76.0625,20.2821496848852,0.008209228515625,116.315643310547
"3759",-30.375,-75.9375,22.8786187524775,0.193634033203125,125.968109130859
"3760",-30.375,-75.8125,19.4303110066093,0.03826904296875,162.596008300781
"3761",-30.375,-75.6875,21.3104058090521,0.50225830078125,286.722320556641
"3762",-30.375,-75.5625,21.4823176545917,0.16973876953125,286.925842285156
"3763",-30.375,-75.4375,19.580138810184,0.122833251953125,247.05224609375
"3764",-30.375,-75.3125,62.4348700011305,0.22552490234375,252.648254394531
"3765",-30.375,-75.1875,87.7410817464193,0.3487548828125,321.133911132812
"3766",-30.375,-75.0625,157.189277587891,0.8731689453125,474.347076416016
"3767",-30.375,-74.9375,113.006091965147,0.038177490234375,400.273468017578
"3768",-30.375,-74.8125,124.7257831376,0.049468994140625,359.662719726562
"3769",-30.375,-74.6875,161.516250311995,0.019805908203125,381.899993896484
"3770",-30.375,-74.5625,160.197322828654,0.12005615234375,718.867248535156
"3771",-30.375,-74.4375,103.618804371685,0.8355712890625,634.331909179688
"3772",-30.375,-74.3125,77.7040727050781,0.0338134765625,527.852172851562
"3773",-30.375,-74.1875,56.8837045365021,0.46240234375,282.571533203125
"3774",-30.375,-74.0625,51.0554052951068,0.2625732421875,318.845581054688
"3775",-30.375,-73.9375,43.2703248980646,0.11279296875,320.315307617188
"3776",-30.375,-73.8125,36.1561865641761,0.3427734375,205.623779296875
"3777",-30.375,-73.6875,39.7483034211446,0.012451171875,253.42822265625
"3778",-30.375,-73.5625,28.3969756036217,0.005615234375,233.541748046875
"3779",-30.375,-73.4375,25.5707538593281,0.03369140625,146.639404296875
"3780",-30.375,-73.3125,24.2430855062106,0.01025390625,132.52294921875
"3781",-30.375,-73.1875,22.2966886130712,0.022705078125,111.01953125
"3782",-30.375,-73.0625,20.8228593002903,0.153564453125,111.80419921875
"3783",-30.375,-72.9375,23.7184314854098,0.00830078125,139.892822265625
"3784",-30.375,-72.8125,31.5175310101425,0.132080078125,140.256103515625
"3785",-30.375,-72.6875,34.9586815170095,0.131103515625,103.637451171875
"3786",-30.375,-72.5625,39.5812097886029,0.37109375,126.64208984375
"3787",-30.375,-72.4375,51.5519508539244,0.503173828125,176.796630859375
"3788",-30.375,-72.3125,28.4149885506466,2.35986328125,67.906494140625
"3789",-30.375,-72.1875,32.488894440407,4.06103515625,66.545166015625
"3790",-30.375,-72.0625,26.8757975260417,17.071044921875,48.979248046875
"3791",-30.375,-71.9375,3.32666015625,3.32666015625,3.32666015625
"3792",-30.375,-71.8125,2.333251953125,2.333251953125,2.333251953125
"3793",-30.125,-76.8125,7.68911044938224,0.339715957641602,13.7821092605591
"3794",-30.125,-76.6875,15.6356056492503,0.687370300292969,71.6062774658203
"3795",-30.125,-76.5625,58.8921457677106,0.23565673828125,144.352355957031
"3796",-30.125,-76.4375,27.320407617872,0.93115234375,122.888687133789
"3797",-30.125,-76.3125,21.7769567049467,0.157623291015625,100.928237915039
"3798",-30.125,-76.1875,21.669611146715,0.156402587890625,190.228073120117
"3799",-30.125,-76.0625,24.1948748064471,0.029388427734375,194.727066040039
"3800",-30.125,-75.9375,23.6223687863817,0.236328125,127.431335449219
"3801",-30.125,-75.8125,20.6773439707113,0.031280517578125,158.640930175781
"3802",-30.125,-75.6875,23.2849595004289,0.064178466796875,99.1929626464844
"3803",-30.125,-75.5625,21.8518686736312,0.025634765625,122.896636962891
"3804",-30.125,-75.4375,27.1341182795617,0.218719482421875,260.036926269531
"3805",-30.125,-75.3125,40.5556891305106,0.019439697265625,258.693969726562
"3806",-30.125,-75.1875,30.0182883294074,0.021331787109375,208.072235107422
"3807",-30.125,-75.0625,83.8478325877101,0.24774169921875,488.831878662109
"3808",-30.125,-74.9375,85.6976363993137,1.39385986328125,246.156982421875
"3809",-30.125,-74.8125,123.701014691626,0.4459228515625,352.607727050781
"3810",-30.125,-74.6875,131.639419320913,0.27276611328125,370.643737792969
"3811",-30.125,-74.5625,148.740404401507,0.17181396484375,700.6181640625
"3812",-30.125,-74.4375,95.6533734773335,1.2808837890625,613.853149414062
"3813",-30.125,-74.3125,70.4904324955072,0.0198974609375,523.393188476562
"3814",-30.125,-74.1875,51.9074863075824,0.0245361328125,283.694458007812
"3815",-30.125,-74.0625,47.9817519703711,0.015869140625,276.897338867188
"3816",-30.125,-73.9375,39.6649403507181,0.045654296875,309.18896484375
"3817",-30.125,-73.8125,36.375020694967,0.121337890625,277.984375
"3818",-30.125,-73.6875,34.1014591251408,0.033935546875,251.85595703125
"3819",-30.125,-73.5625,26.6781317528258,0.0537109375,238.052978515625
"3820",-30.125,-73.4375,23.0988712254857,0.010498046875,158.281982421875
"3821",-30.125,-73.3125,25.7478465544872,0.05810546875,101.79248046875
"3822",-30.125,-73.1875,21.6303999806178,0.106689453125,101.604736328125
"3823",-30.125,-73.0625,20.1169378420727,0.002197265625,150.986572265625
"3824",-30.125,-72.9375,18.43432434993,0.074951171875,145.3232421875
"3825",-30.125,-72.8125,27.9046456473214,0.429931640625,115.185302734375
"3826",-30.125,-72.6875,43.1190220424107,1.26220703125,99.9443359375
"3827",-30.125,-72.5625,41.9821398504849,1.270263671875,164.482421875
"3828",-30.125,-72.4375,42.9318595096983,2.17333984375,168.521484375
"3829",-30.125,-72.3125,34.0194517623546,0.313720703125,67.126220703125
"3830",-30.125,-72.1875,28.9186314174107,3.854736328125,63.464111328125
"3831",-30.125,-72.0625,21.9990844726562,19.297119140625,25.12841796875
"3832",-30.125,-71.8125,7.156982421875,7.156982421875,7.156982421875
"3833",-30.125,-71.6875,2.3754638671875,0.04736328125,7.937255859375
"3834",-30.125,-71.5625,1.342529296875,0.1171875,2.56787109375
"3835",-29.875,-76.8125,6.23222351074219,0.589323997497559,11.8751230239868
"3836",-29.875,-76.6875,10.7125829378764,1.71134662628174,24.8385772705078
"3837",-29.875,-76.5625,43.4807776953723,0.90093994140625,135.401824951172
"3838",-29.875,-76.4375,58.3968565910093,0.035308837890625,268.205261230469
"3839",-29.875,-76.3125,26.2211088700728,0.2796630859375,109.382659912109
"3840",-29.875,-76.1875,22.390519099449,0.06207275390625,100.515167236328
"3841",-29.875,-76.0625,27.6129605149284,0.137969970703125,190.817230224609
"3842",-29.875,-75.9375,23.5704324677235,0.05462646484375,127.349853515625
"3843",-29.875,-75.8125,29.4965225445544,0.264801025390625,130.336029052734
"3844",-29.875,-75.6875,24.2420274054867,0.010467529296875,110.009246826172
"3845",-29.875,-75.5625,29.8266523018599,0.156524658203125,123.524566650391
"3846",-29.875,-75.4375,30.1682322268315,0.1163330078125,139.642852783203
"3847",-29.875,-75.3125,37.785458932796,0.01251220703125,210.135681152344
"3848",-29.875,-75.1875,39.6388740234375,0.652496337890625,230.234344482422
"3849",-29.875,-75.0625,65.4789202654803,0.13311767578125,229.857757568359
"3850",-29.875,-74.9375,67.6357795678828,0.97088623046875,239.085525512695
"3851",-29.875,-74.8125,112.322335379464,0.69476318359375,345.190216064453
"3852",-29.875,-74.6875,114.403859056477,0.060791015625,440.583282470703
"3853",-29.875,-74.5625,154.363754301861,0.83221435546875,701.514526367188
"3854",-29.875,-74.4375,93.5057256642793,0.154541015625,612.843872070312
"3855",-29.875,-74.3125,72.0205532426012,0.0948486328125,525.404541015625
"3856",-29.875,-74.1875,52.3805957457866,0.4002685546875,315.361206054688
"3857",-29.875,-74.0625,44.6631031354961,0.057373046875,265.231201171875
"3858",-29.875,-73.9375,40.3871724158153,0.00732421875,310.476806640625
"3859",-29.875,-73.8125,36.4926972704004,0.06298828125,289.7744140625
"3860",-29.875,-73.6875,36.9823442925347,0.197265625,263.234619140625
"3861",-29.875,-73.5625,24.3916961020612,0.10107421875,115.694580078125
"3862",-29.875,-73.4375,26.9410634737643,0.234619140625,165.7353515625
"3863",-29.875,-73.3125,27.17855527737,0.10546875,96.6123046875
"3864",-29.875,-73.1875,23.7745726187731,0.10009765625,97.439453125
"3865",-29.875,-73.0625,23.5705820425397,0.097412109375,147.82861328125
"3866",-29.875,-72.9375,22.017172759434,0.00146484375,122.1943359375
"3867",-29.875,-72.8125,18.2934696592134,0.101806640625,56.237060546875
"3868",-29.875,-72.6875,32.5503897037146,0.124755859375,105.532958984375
"3869",-29.875,-72.5625,51.4131109775641,3.110107421875,161.778076171875
"3870",-29.875,-72.4375,35.217399597168,18.470947265625,59.65966796875
"3871",-29.875,-72.3125,24.8219839242788,1.322265625,43.107177734375
"3872",-29.875,-72.1875,13.508056640625,12.490234375,14.792724609375
"3873",-29.875,-71.8125,2.33658854166667,0.69140625,6.594970703125
"3874",-29.875,-71.6875,2.70498657226562,0.5732421875,6.448486328125
"3875",-29.875,-71.5625,1.59377219460227,0.028564453125,3.314453125
"3876",-29.625,-76.6875,8.43101732819169,0.638424873352051,13.508430480957
"3877",-29.625,-76.5625,30.1186303607488,0.433876991271973,92.93896484375
"3878",-29.625,-76.4375,52.602685410847,0.1640625,113.426498413086
"3879",-29.625,-76.3125,59.7095664239699,1.98516845703125,302.376953125
"3880",-29.625,-76.1875,24.8092085045962,0.1126708984375,158.458755493164
"3881",-29.625,-76.0625,24.5004100639279,0.03558349609375,186.951110839844
"3882",-29.625,-75.9375,24.4318253420712,0.06787109375,190.192764282227
"3883",-29.625,-75.8125,23.6884100381006,0.017059326171875,105.377960205078
"3884",-29.625,-75.6875,27.1426529422883,0.02960205078125,107.543914794922
"3885",-29.625,-75.5625,23.0692762602688,0.02703857421875,97.8110961914062
"3886",-29.625,-75.4375,27.8400799409843,0.018951416015625,188.380187988281
"3887",-29.625,-75.3125,44.2624271751469,0.0577392578125,189.911987304688
"3888",-29.625,-75.1875,36.4602882621824,0.363067626953125,231.521240234375
"3889",-29.625,-75.0625,45.9062779962761,0.83502197265625,294.295654296875
"3890",-29.625,-74.9375,48.1719586260907,0.01104736328125,136.325561523438
"3891",-29.625,-74.8125,111.301708530197,0.063812255859375,368.116058349609
"3892",-29.625,-74.6875,131.836549454084,0.00299072265625,532.257873535156
"3893",-29.625,-74.5625,126.234474249408,0.43145751953125,696.276977539062
"3894",-29.625,-74.4375,88.009697946194,1.072021484375,608.463989257812
"3895",-29.625,-74.3125,64.1804653455737,0.7852783203125,524.36572265625
"3896",-29.625,-74.1875,49.7129025798585,0.0810546875,319.622436523438
"3897",-29.625,-74.0625,44.2232079884363,0.010498046875,260.736083984375
"3898",-29.625,-73.9375,42.6206420191661,0.003173828125,200.92333984375
"3899",-29.625,-73.8125,31.5007134169162,0.023681640625,171.80419921875
"3900",-29.625,-73.6875,27.784900720891,0.010498046875,166.134521484375
"3901",-29.625,-73.5625,26.9774462136523,0.05029296875,172.742431640625
"3902",-29.625,-73.4375,27.2385205799723,0.2373046875,167.8544921875
"3903",-29.625,-73.3125,29.0378757257836,0.065185546875,120.56787109375
"3904",-29.625,-73.1875,23.5307047242487,0.011962890625,143.890625
"3905",-29.625,-73.0625,26.6589529854911,0.080322265625,134.341064453125
"3906",-29.625,-72.9375,24.9066510881696,0.013916015625,95.4794921875
"3907",-29.625,-72.8125,24.6656219482422,0.229736328125,112.461181640625
"3908",-29.625,-72.6875,35.4893468520221,0.295654296875,114.04736328125
"3909",-29.625,-72.5625,46.987066224564,12.604248046875,157.3720703125
"3910",-29.625,-72.4375,33.3239458869485,14.480224609375,58.428466796875
"3911",-29.625,-72.3125,11.8769395616319,0.275146484375,31.318115234375
"3912",-29.625,-72.1875,11.07958984375,10.19970703125,11.95947265625
"3913",-29.625,-71.5625,3.37771606445312,1.0927734375,6.548095703125
"3914",-29.375,-76.6875,7.78705859184265,6.7576847076416,8.71808528900146
"3915",-29.375,-76.5625,8.49782365407699,0.0451498031616211,13.8954954147339
"3916",-29.375,-76.4375,70.0681087352611,0.059234619140625,134.623626708984
"3917",-29.375,-76.3125,62.9927361752807,0.889801025390625,297.215179443359
"3918",-29.375,-76.1875,29.1388003181009,0.05987548828125,156.717254638672
"3919",-29.375,-76.0625,24.6541494802267,0.238677978515625,102.757629394531
"3920",-29.375,-75.9375,28.6404401870001,0.04925537109375,187.184860229492
"3921",-29.375,-75.8125,25.6696615122001,0.250579833984375,119.223754882812
"3922",-29.375,-75.6875,30.479559637179,0.15399169921875,96.9764404296875
"3923",-29.375,-75.5625,22.9310768109319,0.027435302734375,94.3948059082031
"3924",-29.375,-75.4375,30.7663697660639,0.075653076171875,253.166473388672
"3925",-29.375,-75.3125,45.67103332657,0.025604248046875,279.569671630859
"3926",-29.375,-75.1875,41.2890025284591,0.0789794921875,277.173278808594
"3927",-29.375,-75.0625,74.7265373989617,0.327178955078125,295.669128417969
"3928",-29.375,-74.9375,85.1938117149317,0.0087890625,421.007476806641
"3929",-29.375,-74.8125,117.906369368235,0.5643310546875,432.283416748047
"3930",-29.375,-74.6875,165.013772840818,0.732147216796875,742.657287597656
"3931",-29.375,-74.5625,112.877651480741,0.0509033203125,676.546691894531
"3932",-29.375,-74.4375,77.7803734494929,0.1983642578125,522.711120605469
"3933",-29.375,-74.3125,58.3999054024594,0.4652099609375,375.46826171875
"3934",-29.375,-74.1875,53.7025250010082,0.095947265625,388.671752929688
"3935",-29.375,-74.0625,41.4471267508324,0.072265625,258.856201171875
"3936",-29.375,-73.9375,40.9026140257833,0.104248046875,184.709228515625
"3937",-29.375,-73.8125,30.9260991322578,0.019287109375,166.859619140625
"3938",-29.375,-73.6875,28.2445958084685,0.012939453125,162.16552734375
"3939",-29.375,-73.5625,29.1920602651743,0.0048828125,173.654052734375
"3940",-29.375,-73.4375,26.7128431388742,0.044189453125,145.30859375
"3941",-29.375,-73.3125,26.6331612723214,0.214111328125,133.752197265625
"3942",-29.375,-73.1875,22.8181592754289,0.122314453125,137.560546875
"3943",-29.375,-73.0625,26.5128415129906,0.00830078125,129.0751953125
"3944",-29.375,-72.9375,22.0631481352307,0.040771484375,92.3212890625
"3945",-29.375,-72.8125,32.5471484375,0.055908203125,119.91552734375
"3946",-29.375,-72.6875,32.8065572599085,0.54736328125,114.91064453125
"3947",-29.375,-72.5625,39.9526448567708,2.052001953125,175.312255859375
"3948",-29.375,-72.4375,56.4098249162946,1.824462890625,145.510009765625
"3949",-29.375,-72.3125,13.4401506696429,6.654296875,27.217041015625
"3950",-29.375,-71.5625,3.17208426339286,0.1611328125,7.12451171875
"3951",-29.125,-76.5625,8.38691199742831,0.0441656112670898,13.688530921936
"3952",-29.125,-76.4375,16.226793668708,1.34950256347656,49.8584365844727
"3953",-29.125,-76.3125,102.696125258261,0.992340087890625,289.451477050781
"3954",-29.125,-76.1875,41.9019154454931,0.09002685546875,281.166839599609
"3955",-29.125,-76.0625,34.4209208121667,0.211181640625,155.761505126953
"3956",-29.125,-75.9375,25.9415162443383,0.098541259765625,183.907485961914
"3957",-29.125,-75.8125,23.6019277821416,0.03955078125,120.949188232422
"3958",-29.125,-75.6875,22.168219064296,0.041229248046875,186.750762939453
"3959",-29.125,-75.5625,34.8417744481286,0.23419189453125,179.413040161133
"3960",-29.125,-75.4375,44.0037867287195,0.002838134765625,255.553787231445
"3961",-29.125,-75.3125,30.2521232687017,0.57550048828125,301.364013671875
"3962",-29.125,-75.1875,42.4241832663796,0.017364501953125,268.944885253906
"3963",-29.125,-75.0625,33.8909819994105,0.089691162109375,193.678649902344
"3964",-29.125,-74.9375,105.536520856492,0.13409423828125,426.559875488281
"3965",-29.125,-74.8125,125.451050892982,0.458709716796875,451.316223144531
"3966",-29.125,-74.6875,155.689775657654,0.088226318359375,766.244140625
"3967",-29.125,-74.5625,134.234866829806,0.32000732421875,832.257080078125
"3968",-29.125,-74.4375,78.1880425404259,1.0234375,517.40576171875
"3969",-29.125,-74.3125,61.2163871626421,0.2791748046875,298.204956054688
"3970",-29.125,-74.1875,62.395017686781,0.030517578125,456.307006835938
"3971",-29.125,-74.0625,40.5500931964307,0.036865234375,262.280029296875
"3972",-29.125,-73.9375,40.8376580127213,0.167236328125,201.155029296875
"3973",-29.125,-73.8125,28.2392682835426,0.066650390625,169.341552734375
"3974",-29.125,-73.6875,24.8683683582159,0.050537109375,173.612548828125
"3975",-29.125,-73.5625,24.6501923721202,0.03369140625,164.157958984375
"3976",-29.125,-73.4375,24.7967136641822,0.132080078125,128.157470703125
"3977",-29.125,-73.3125,26.3916003627918,0.0166015625,115.985107421875
"3978",-29.125,-73.1875,22.2577037734059,0.0146484375,131.90966796875
"3979",-29.125,-73.0625,25.2316496774052,0.323974609375,127.45263671875
"3980",-29.125,-72.9375,19.8104905348558,0.013427734375,130.479736328125
"3981",-29.125,-72.8125,35.467505283043,0.078125,125.4951171875
"3982",-29.125,-72.6875,30.8235496238426,0.010986328125,113.219482421875
"3983",-29.125,-72.5625,48.6134236653646,0.56298828125,173.20849609375
"3984",-29.125,-72.4375,29.4854899088542,0.302978515625,107.203125
"3985",-29.125,-72.3125,18.5941685267857,10.22021484375,24.735107421875
"3986",-29.125,-72.1875,17.19287109375,17.19287109375,17.19287109375
"3987",-29.125,-72.0625,13.2766557173295,5.062255859375,20.08447265625
"3988",-29.125,-71.9375,7.81282552083333,5.938232421875,10.3349609375
"3989",-29.125,-71.8125,7.2021240234375,5.075439453125,11.920654296875
"3990",-29.125,-71.6875,7.0107421875,5.177978515625,8.843505859375
"3991",-29.125,-71.5625,3.37689208984375,0.688232421875,8.2041015625
"3992",-28.875,-76.5625,8.88597021102905,7.6540207862854,10.7165975570679
"3993",-28.875,-76.4375,8.49436957836151,0.302238464355469,35.9093704223633
"3994",-28.875,-76.3125,29.3398687484417,7.48884582519531,278.634246826172
"3995",-28.875,-76.1875,93.7759076391744,0.551483154296875,290.033752441406
"3996",-28.875,-76.0625,33.5291321020332,0.70050048828125,192.106155395508
"3997",-28.875,-75.9375,28.7075874426846,0.377716064453125,153.468551635742
"3998",-28.875,-75.8125,30.2381675934123,0.26251220703125,187.581848144531
"3999",-28.875,-75.6875,38.4165036678314,0.597869873046875,198.447250366211
"4000",-28.875,-75.5625,34.5204019677869,0.0042724609375,280.116394042969
"4001",-28.875,-75.4375,29.7556262485129,0.005523681640625,298.715454101562
"4002",-28.875,-75.3125,40.3090950570455,0.1138916015625,308.726196289062
"4003",-28.875,-75.1875,54.5569829482699,0.57708740234375,315.417541503906
"4004",-28.875,-75.0625,70.9151509272588,0.0968017578125,300.054321289062
"4005",-28.875,-74.9375,95.5738468389402,0.349853515625,365.569000244141
"4006",-28.875,-74.8125,112.61826133728,0.563262939453125,502.174682617188
"4007",-28.875,-74.6875,147.754084747782,0.01165771484375,753.992065429688
"4008",-28.875,-74.5625,116.263241485136,0.08905029296875,842.376892089844
"4009",-28.875,-74.4375,65.7298450558685,0.9193115234375,497.037475585938
"4010",-28.875,-74.3125,59.6736321904857,0.1148681640625,657.749755859375
"4011",-28.875,-74.1875,65.7095905114274,0.4697265625,623.485717773438
"4012",-28.875,-74.0625,38.7559148341049,0.040771484375,393.490966796875
"4013",-28.875,-73.9375,45.4335846037822,0.041015625,554.821411132812
"4014",-28.875,-73.8125,36.8014304239242,0.0224609375,287.88671875
"4015",-28.875,-73.6875,25.8745155634843,0.067626953125,181.228759765625
"4016",-28.875,-73.5625,23.3129338416595,0.026611328125,157.186767578125
"4017",-28.875,-73.4375,26.9837171889127,0.034912109375,161.03955078125
"4018",-28.875,-73.3125,26.6949625119145,0.024658203125,100.149658203125
"4019",-28.875,-73.1875,20.3465692429315,0.1201171875,132.017822265625
"4020",-28.875,-73.0625,23.5944194990335,0.11474609375,138.031005859375
"4021",-28.875,-72.9375,18.7748629662298,0.006103515625,116.147216796875
"4022",-28.875,-72.8125,31.7517356872559,0.2041015625,125.995361328125
"4023",-28.875,-72.6875,32.057569420856,1.71923828125,113.982177734375
"4024",-28.875,-72.5625,35.6292009024784,0.2109375,149.075439453125
"4025",-28.875,-72.4375,8.58594767252604,0.0927734375,26.238525390625
"4026",-28.875,-72.3125,15.8505859375,14.697998046875,17.135498046875
"4027",-28.875,-72.1875,18.1987548828125,15.250244140625,21.01708984375
"4028",-28.875,-72.0625,54.0447998046875,52.759765625,55.181640625
"4029",-28.875,-71.9375,50.07431640625,49.487060546875,50.8994140625
"4030",-28.875,-71.8125,5.965087890625,5.965087890625,5.965087890625
"4031",-28.875,-71.6875,7.59714577414773,3.110107421875,12.08984375
"4032",-28.875,-71.5625,5.598876953125,4.88427734375,6.3525390625
"4033",-28.625,-76.4375,6.09660181999207,0.650057792663574,11.9321460723877
"4034",-28.625,-76.3125,42.2493336995443,0.697525024414062,272.362091064453
"4035",-28.625,-76.1875,140.10793156094,0.23321533203125,316.768829345703
"4036",-28.625,-76.0625,42.5720025542983,1.7042236328125,316.657592773438
"4037",-28.625,-75.9375,27.6391663324265,0.84051513671875,148.830108642578
"4038",-28.625,-75.8125,31.5130064111007,0.014801025390625,190.826568603516
"4039",-28.625,-75.6875,31.6194027509062,0.598358154296875,195.754730224609
"4040",-28.625,-75.5625,29.6343513051416,0.109130859375,190.282333374023
"4041",-28.625,-75.4375,28.2694235262663,0.004058837890625,306.991851806641
"4042",-28.625,-75.3125,42.2462223894914,0.478118896484375,309.263122558594
"4043",-28.625,-75.1875,67.192047147036,0.179840087890625,307.673522949219
"4044",-28.625,-75.0625,54.4398398126119,0.145843505859375,277.08544921875
"4045",-28.625,-74.9375,98.5591645285348,0.398040771484375,364.518615722656
"4046",-28.625,-74.8125,141.298875636964,0.268798828125,504.571990966797
"4047",-28.625,-74.6875,169.687800008462,0.02825927734375,807.36572265625
"4048",-28.625,-74.5625,87.4226985051082,0.2371826171875,788.547485351562
"4049",-28.625,-74.4375,52.5580115336025,0.1553955078125,664.49951171875
"4050",-28.625,-74.3125,51.8193881605896,0.1142578125,526.914428710938
"4051",-28.625,-74.1875,47.0397258091715,0.28125,527.997436523438
"4052",-28.625,-74.0625,35.5208890241862,0.0341796875,306.56103515625
"4053",-28.625,-73.9375,33.0234367579312,0.052734375,546.772094726562
"4054",-28.625,-73.8125,35.5762986614162,0.06298828125,357.95263671875
"4055",-28.625,-73.6875,25.4535938033641,0.009521484375,180.956787109375
"4056",-28.625,-73.5625,24.7153043992881,0.007568359375,163.1943359375
"4057",-28.625,-73.4375,29.5636679817276,0.02880859375,160.423095703125
"4058",-28.625,-73.3125,26.0653832663952,0.10498046875,155.1806640625
"4059",-28.625,-73.1875,19.9354765150282,0.220947265625,136.3681640625
"4060",-28.625,-73.0625,31.2769333298142,0.038818359375,262.892822265625
"4061",-28.625,-72.9375,24.9601629849138,0.1923828125,109.4345703125
"4062",-28.625,-72.8125,26.5806512129934,0.35888671875,121.91015625
"4063",-28.625,-72.6875,29.1376208289195,0.74951171875,113.939697265625
"4064",-28.625,-72.5625,29.892323811849,0.464599609375,136.707763671875
"4065",-28.625,-72.4375,13.79697265625,0.021728515625,29.92236328125
"4066",-28.625,-72.3125,8.48885830965909,0.749755859375,21.065673828125
"4067",-28.625,-72.1875,19.3378208705357,0.261474609375,86.209228515625
"4068",-28.625,-72.0625,85.906494140625,13.4267578125,187.144775390625
"4069",-28.625,-71.9375,71.0435485839844,13.471435546875,183.4326171875
"4070",-28.625,-71.8125,37.4578857421875,8.683349609375,180.14599609375
"4071",-28.625,-71.6875,41.1178533380682,1.97119140625,124.456787109375
"4072",-28.625,-71.5625,2.81385633680556,0.072509765625,8.300537109375
"4073",-28.375,-76.4375,3.15490703582764,0.846872329711914,8.38598251342773
"4074",-28.375,-76.3125,14.8657584786415,4.6663818359375,54.8069458007812
"4075",-28.375,-76.1875,122.271026169044,2.20330810546875,309.335571289062
"4076",-28.375,-76.0625,87.9929740542457,0.2108154296875,314.106811523438
"4077",-28.375,-75.9375,35.4540845085593,0.325439453125,192.645690917969
"4078",-28.375,-75.8125,34.4951807368885,0.955657958984375,170.855743408203
"4079",-28.375,-75.6875,32.260253782697,0.115478515625,177.907958984375
"4080",-28.375,-75.5625,34.0312136732382,0.03558349609375,188.409149169922
"4081",-28.375,-75.4375,51.1635000675283,0.37139892578125,216.942321777344
"4082",-28.375,-75.3125,78.6029306877417,0.113800048828125,302.388702392578
"4083",-28.375,-75.1875,82.745219930013,0.773773193359375,291.098754882812
"4084",-28.375,-75.0625,112.88345746473,0.682952880859375,413.158020019531
"4085",-28.375,-74.9375,82.9479046784495,0.2196044921875,419.612152099609
"4086",-28.375,-74.8125,166.126427757819,0.316741943359375,482.191131591797
"4087",-28.375,-74.6875,213.189051111469,0.34246826171875,681.192260742188
"4088",-28.375,-74.5625,103.770721207804,0.005859375,784.536315917969
"4089",-28.375,-74.4375,51.6607952535377,0.337646484375,409.845825195312
"4090",-28.375,-74.3125,51.2264900289674,0.0203857421875,514.132080078125
"4091",-28.375,-74.1875,43.1825200517699,0.0185546875,495.045654296875
"4092",-28.375,-74.0625,35.484818052328,0.19970703125,274.47314453125
"4093",-28.375,-73.9375,34.8839587402344,0.07861328125,552.387329101562
"4094",-28.375,-73.8125,34.9787799877993,0.005126953125,368.484375
"4095",-28.375,-73.6875,26.3757812007284,0.007080078125,103.5380859375
"4096",-28.375,-73.5625,25.5769670147047,0.039306640625,156.019775390625
"4097",-28.375,-73.4375,29.5886950746409,0.156982421875,159.3271484375
"4098",-28.375,-73.3125,28.5877802819664,1.111572265625,150.0810546875
"4099",-28.375,-73.1875,23.2785451061321,0.14453125,134.06884765625
"4100",-28.375,-73.0625,29.8128813872466,0.26318359375,237.73486328125
"4101",-28.375,-72.9375,29.8515501384494,0.036376953125,108.905029296875
"4102",-28.375,-72.8125,24.0860890355603,0.167724609375,117.756591796875
"4103",-28.375,-72.6875,27.2746506911058,0.04150390625,102.44921875
"4104",-28.375,-72.5625,30.5783140120968,0.5791015625,121.931884765625
"4105",-28.375,-72.4375,12.2946520353618,1.4853515625,39.358642578125
"4106",-28.375,-72.3125,16.6924641927083,0.51220703125,181.4912109375
"4107",-28.375,-72.1875,45.7237773038903,0.1767578125,188.212890625
"4108",-28.375,-72.0625,17.0532824457908,0.060302734375,185.757568359375
"4109",-28.375,-71.9375,13.2494466145833,0.45751953125,44.2646484375
"4110",-28.375,-71.8125,36.7391276041667,0.0810546875,174.4501953125
"4111",-28.375,-71.6875,49.0857747395833,0.00439453125,179.01220703125
"4112",-28.375,-71.5625,27.5814866286058,0.12744140625,123.033203125
"4113",-28.125,-76.3125,9.37191902507435,1.20345401763916,44.9678039550781
"4114",-28.125,-76.1875,95.5846453994068,0.0240325927734375,312.769714355469
"4115",-28.125,-76.0625,95.8709715156145,0.520751953125,362.546508789062
"4116",-28.125,-75.9375,43.0030693641076,0.248046875,206.933090209961
"4117",-28.125,-75.8125,31.2353412370036,0.263824462890625,170.500701904297
"4118",-28.125,-75.6875,27.7593491914257,0.12847900390625,198.554168701172
"4119",-28.125,-75.5625,57.5002836747603,1.05941772460938,196.475158691406
"4120",-28.125,-75.4375,51.2519077007587,0.794952392578125,243.623138427734
"4121",-28.125,-75.3125,113.005161112719,0.04302978515625,309.705993652344
"4122",-28.125,-75.1875,107.990522245624,0.5516357421875,412.312194824219
"4123",-28.125,-75.0625,149.462932348676,0.50048828125,430.562561035156
"4124",-28.125,-74.9375,110.657523567997,0.305267333984375,455.645080566406
"4125",-28.125,-74.8125,117.646912563722,0.480621337890625,494.639007568359
"4126",-28.125,-74.6875,235.477179444558,0.24615478515625,649.400939941406
"4127",-28.125,-74.5625,92.7650248903532,2.223388671875,773.869812011719
"4128",-28.125,-74.4375,51.4624469323073,1.45068359375,377.375
"4129",-28.125,-74.3125,47.750105800925,0.142822265625,325.0322265625
"4130",-28.125,-74.1875,42.3554484049479,0.116943359375,501.012573242188
"4131",-28.125,-74.0625,34.8761088585978,0.0712890625,193.154541015625
"4132",-28.125,-73.9375,31.7041200300208,0.01416015625,165.3818359375
"4133",-28.125,-73.8125,29.6107142473349,0.25927734375,368.758544921875
"4134",-28.125,-73.6875,31.7545716432866,0.002197265625,206.16845703125
"4135",-28.125,-73.5625,24.7944155911425,0.012939453125,96.45166015625
"4136",-28.125,-73.4375,29.7000521411803,0.006591796875,158.579833984375
"4137",-28.125,-73.3125,32.4453279519383,0.287841796875,147.93408203125
"4138",-28.125,-73.1875,27.9910317517202,0.10546875,131.509765625
"4139",-28.125,-73.0625,24.8936150211027,0.00146484375,123.429443359375
"4140",-28.125,-72.9375,46.8821145762568,1.012939453125,216.002685546875
"4141",-28.125,-72.8125,43.2685296474359,0.16162109375,184.8447265625
"4142",-28.125,-72.6875,36.1964876853814,0.2060546875,99.74267578125
"4143",-28.125,-72.5625,29.9817419897152,1.056396484375,119.514404296875
"4144",-28.125,-72.4375,24.3948401626276,0.0283203125,95.546875
"4145",-28.125,-72.3125,23.2253546463816,0.357177734375,75.361328125
"4146",-28.125,-72.1875,29.6897786458333,0.06591796875,87.91455078125
"4147",-28.125,-72.0625,32.4771947616186,1.09716796875,84.948974609375
"4148",-28.125,-71.9375,29.6629757764863,0.08349609375,75.773193359375
"4149",-28.125,-71.8125,24.1339808872768,0.5849609375,60.447021484375
"4150",-28.125,-71.6875,24.5435267857143,2.48291015625,181.2626953125
"4151",-28.125,-71.5625,41.7302433894231,0.122314453125,127.815673828125
"4152",-27.875,-76.4375,5.04066443443298,2.55437660217285,7.52695226669312
"4153",-27.875,-76.3125,13.1725562640599,0.129212379455566,57.0208129882812
"4154",-27.875,-76.1875,35.4082321258913,0.0087890625,313.822631835938
"4155",-27.875,-76.0625,159.251387402527,0.03033447265625,368.932006835938
"4156",-27.875,-75.9375,105.044934711759,0.285980224609375,356.832244873047
"4157",-27.875,-75.8125,25.3121166229248,0.17156982421875,62.1358032226562
"4158",-27.875,-75.6875,33.2491532098679,0.411376953125,184.725982666016
"4159",-27.875,-75.5625,98.4842712402344,0.130889892578125,271.884399414062
"4160",-27.875,-75.4375,58.1878117152623,0.933685302734375,272.644287109375
"4161",-27.875,-75.3125,75.0158625166546,0.0257568359375,305.057189941406
"4162",-27.875,-75.1875,139.305236102165,0.0196533203125,396.830230712891
"4163",-27.875,-75.0625,199.100771243756,0.26019287109375,446.457611083984
"4164",-27.875,-74.9375,158.078458622149,0.267852783203125,455.578033447266
"4165",-27.875,-74.8125,174.972862169819,0.239105224609375,463.669494628906
"4166",-27.875,-74.6875,193.631029785969,0.252197265625,629.9736328125
"4167",-27.875,-74.5625,96.2430338178362,1.3238525390625,741.0703125
"4168",-27.875,-74.4375,56.9956886888587,0.3369140625,734.380737304688
"4169",-27.875,-74.3125,50.3140296901513,0.242431640625,644.812133789062
"4170",-27.875,-74.1875,43.4176513092427,0.008544921875,563.652465820312
"4171",-27.875,-74.0625,35.1697666049416,0.217529296875,182.7783203125
"4172",-27.875,-73.9375,32.7482247813395,0.093017578125,167.374755859375
"4173",-27.875,-73.8125,30.7381339585486,0.021728515625,337.374755859375
"4174",-27.875,-73.6875,30.0735056791192,0.0322265625,185.674072265625
"4175",-27.875,-73.5625,26.4369507642214,0.0703125,103.101806640625
"4176",-27.875,-73.4375,28.1518090032762,0.026123046875,145.1669921875
"4177",-27.875,-73.3125,37.8391401241987,0.220947265625,157.418701171875
"4178",-27.875,-73.1875,28.752696213213,0.05712890625,125.166748046875
"4179",-27.875,-73.0625,21.6758282001202,0.015380859375,112.592041015625
"4180",-27.875,-72.9375,23.6593114802268,0.00146484375,127.616455078125
"4181",-27.875,-72.8125,37.1561738460436,0.901611328125,163.900390625
"4182",-27.875,-72.6875,19.3931963520665,0.160888671875,77.441650390625
"4183",-27.875,-72.5625,20.6557470703125,0.06689453125,83.6279296875
"4184",-27.875,-72.4375,25.6734418265427,0.304931640625,118.980224609375
"4185",-27.875,-72.3125,32.4780461237981,0.025146484375,112.97265625
"4186",-27.875,-72.1875,29.2205020680147,0.023193359375,107.604248046875
"4187",-27.875,-72.0625,20.9422124818314,0.151123046875,87.167236328125
"4188",-27.875,-71.9375,31.72703125,0.199462890625,89.58984375
"4189",-27.875,-71.8125,32.3611566452753,0.16748046875,87.620849609375
"4190",-27.875,-71.6875,32.9963851436492,0.455078125,186.53515625
"4191",-27.875,-71.5625,25.5706031436012,0.0009765625,133.52783203125
"4192",-27.625,-76.3125,6.22574657864041,0.096226692199707,13.3890514373779
"4193",-27.625,-76.1875,173.121849695841,0.117149353027344,354.489929199219
"4194",-27.625,-76.0625,176.647422669426,0.4439697265625,369.337188720703
"4195",-27.625,-75.9375,42.7840057373047,0.011322021484375,363.885955810547
"4196",-27.625,-75.8125,42.0302482273268,0.0335693359375,336.303924560547
"4197",-27.625,-75.6875,150.416536528489,0.33294677734375,349.588317871094
"4198",-27.625,-75.5625,137.247984144423,0.21099853515625,273.026885986328
"4199",-27.625,-75.4375,81.6212430681501,0.7138671875,269.515838623047
"4200",-27.625,-75.3125,86.6594015538007,0.2886962890625,293.213592529297
"4201",-27.625,-75.1875,196.223904258326,0.14862060546875,363.680847167969
"4202",-27.625,-75.0625,236.067992251852,0.214324951171875,446.219879150391
"4203",-27.625,-74.9375,214.935662635287,1.68817138671875,460.296936035156
"4204",-27.625,-74.8125,230.491101787936,1.87802124023438,467.846527099609
"4205",-27.625,-74.6875,194.598984858904,1.416748046875,612.307312011719
"4206",-27.625,-74.5625,96.3032707651709,0.3642578125,810.139221191406
"4207",-27.625,-74.4375,56.921813845167,0.0335693359375,812.905029296875
"4208",-27.625,-74.3125,51.9939915218155,0.05419921875,759.376342773438
"4209",-27.625,-74.1875,40.3765710125475,0.030029296875,579.296752929688
"4210",-27.625,-74.0625,31.1381300368557,0.05224609375,189.004150390625
"4211",-27.625,-73.9375,31.56759641241,0.01513671875,162.31884765625
"4212",-27.625,-73.8125,30.0219457890999,0.000732421875,312.213623046875
"4213",-27.625,-73.6875,29.2777749023438,0.010986328125,113.14794921875
"4214",-27.625,-73.5625,27.5451582896559,0.007080078125,105.366455078125
"4215",-27.625,-73.4375,27.2245482379487,0.221923828125,136.275390625
"4216",-27.625,-73.3125,35.2759885085733,0.27392578125,159.54443359375
"4217",-27.625,-73.1875,29.7531534020169,0.01806640625,138.68603515625
"4218",-27.625,-73.0625,22.6432484772246,0.225830078125,113.59521484375
"4219",-27.625,-72.9375,31.152099609375,0.389892578125,135.5703125
"4220",-27.625,-72.8125,33.6410771122685,0.018798828125,139.169921875
"4221",-27.625,-72.6875,25.5899731236645,0.12255859375,130.62255859375
"4222",-27.625,-72.5625,30.3494175502232,0.581787109375,124.96875
"4223",-27.625,-72.4375,30.870361328125,0.01708984375,121.86572265625
"4224",-27.625,-72.3125,21.3682454427083,0.0107421875,117.02978515625
"4225",-27.625,-72.1875,25.082275390625,0.161865234375,117.600341796875
"4226",-27.625,-72.0625,29.1406715029762,0.457763671875,111.53125
"4227",-27.625,-71.9375,46.1460026921453,0.463623046875,111.05126953125
"4228",-27.625,-71.8125,27.7897858796296,0.925048828125,73.339599609375
"4229",-27.625,-71.6875,37.8755450581395,0.01318359375,209.27587890625
"4230",-27.625,-71.5625,42.6140659877232,0.081787109375,141.845458984375
"4231",-27.375,-76.3125,5.25366373062134,1.71681880950928,6.75650072097778
"4232",-27.375,-76.1875,17.5775623823467,1.70383071899414,51.5908164978027
"4233",-27.375,-76.0625,25.6064279174805,0.250244140625,233.676513671875
"4234",-27.375,-75.9375,166.550525273118,0.008148193359375,404.972290039062
"4235",-27.375,-75.8125,153.803070686959,1.161865234375,383.684661865234
"4236",-27.375,-75.6875,124.758810997009,1.05027770996094,347.449157714844
"4237",-27.375,-75.5625,63.4238641526964,0.029510498046875,241.998840332031
"4238",-27.375,-75.4375,104.505620320638,0.033111572265625,271.544616699219
"4239",-27.375,-75.3125,108.7385738296,0.1141357421875,294.749053955078
"4240",-27.375,-75.1875,205.248653100461,3.58383178710938,371.686981201172
"4241",-27.375,-75.0625,203.223133138021,3.40084838867188,387.553771972656
"4242",-27.375,-74.9375,238.182991933697,0.122528076171875,444.280731201172
"4243",-27.375,-74.8125,216.582251108466,2.924072265625,449.141754150391
"4244",-27.375,-74.6875,155.461161506467,1.12774658203125,592.852355957031
"4245",-27.375,-74.5625,78.2309895019531,0.1790771484375,685.09326171875
"4246",-27.375,-74.4375,51.0463874722704,0.055419921875,802.375244140625
"4247",-27.375,-74.3125,52.5809095193165,0.012451171875,789.9677734375
"4248",-27.375,-74.1875,39.785764682218,0.137451171875,725.116821289062
"4249",-27.375,-74.0625,30.2334942643287,0.00390625,179.647216796875
"4250",-27.375,-73.9375,31.0317346343361,0.10498046875,297.1015625
"4251",-27.375,-73.8125,31.9412422021362,0.01025390625,187.757568359375
"4252",-27.375,-73.6875,28.1921336133451,0.066650390625,117.15087890625
"4253",-27.375,-73.5625,24.5896478613569,0.02978515625,89.3349609375
"4254",-27.375,-73.4375,24.7740090608169,0.01953125,132.018310546875
"4255",-27.375,-73.3125,32.4957469995471,0.056640625,159.06640625
"4256",-27.375,-73.1875,31.2335761398566,0.09130859375,142.2568359375
"4257",-27.375,-73.0625,23.45458984375,0.124267578125,87.3837890625
"4258",-27.375,-72.9375,27.5296794612233,0.09130859375,115.160400390625
"4259",-27.375,-72.8125,25.5884738498264,0.580078125,93.466796875
"4260",-27.375,-72.6875,22.626369310462,0.22216796875,87.510009765625
"4261",-27.375,-72.5625,22.1361148231908,0.009521484375,82.136962890625
"4262",-27.375,-72.4375,33.809622495229,0.11962890625,97.769775390625
"4263",-27.375,-72.3125,30.2995241399397,0.4267578125,91.94580078125
"4264",-27.375,-72.1875,23.391051094487,0.28857421875,124.88232421875
"4265",-27.375,-72.0625,24.3560498734595,0.02001953125,88.18896484375
"4266",-27.375,-71.9375,28.4464276288007,0.0439453125,216.04248046875
"4267",-27.375,-71.8125,48.6127573649089,0.525146484375,224.110595703125
"4268",-27.375,-71.6875,29.7157498873197,0.99951171875,217.2978515625
"4269",-27.375,-71.5625,40.215576171875,0.60888671875,140.932373046875
"4270",-27.125,-76.1875,0.223459339141846,0.001007080078125,0.97574520111084
"4271",-27.125,-76.0625,64.0938517252604,0.01312255859375,302.731811523438
"4272",-27.125,-75.9375,307.175438735064,0.9154052734375,373.636627197266
"4273",-27.125,-75.8125,93.3319164338659,7.81692504882812,167.801681518555
"4274",-27.125,-75.6875,2.25011348724365,2.25011348724365,2.25011348724365
"4275",-27.125,-75.5625,0.870694372389052,0.0477447509765625,6.28797912597656
"4276",-27.125,-75.4375,148.251586914062,0.0237884521484375,252.164123535156
"4277",-27.125,-75.3125,146.730383872986,1.07638549804688,290.510467529297
"4278",-27.125,-75.1875,160.952681902543,0.06695556640625,298.682708740234
"4279",-27.125,-75.0625,164.890608307499,0.114410400390625,291.14990234375
"4280",-27.125,-74.9375,208.77358374576,0.5216064453125,378.456695556641
"4281",-27.125,-74.8125,219.51513093487,2.41909790039062,438.5439453125
"4282",-27.125,-74.6875,199.101644208354,0.25714111328125,548.997985839844
"4283",-27.125,-74.5625,72.8926428834338,0.560546875,613.486083984375
"4284",-27.125,-74.4375,53.9831346376112,0.2421875,769.925415039062
"4285",-27.125,-74.3125,45.3953845290664,0.384033203125,779.734008789062
"4286",-27.125,-74.1875,37.5917021066958,0.075927734375,564.218383789062
"4287",-27.125,-74.0625,28.28571081484,0.105712890625,146.0166015625
"4288",-27.125,-73.9375,29.0326224485892,0.01708984375,251.200439453125
"4289",-27.125,-73.8125,29.0875834450793,0.05908203125,196.673583984375
"4290",-27.125,-73.6875,26.3979234909263,0.037841796875,193.505859375
"4291",-27.125,-73.5625,24.118798375314,0.12255859375,93.954833984375
"4292",-27.125,-73.4375,21.7309815700862,0.034912109375,133.132080078125
"4293",-27.125,-73.3125,32.4173814246205,0.13916015625,160.32763671875
"4294",-27.125,-73.1875,35.0103323800223,0.016357421875,140.781494140625
"4295",-27.125,-73.0625,22.3388635253906,0.216796875,75.15185546875
"4296",-27.125,-72.9375,25.3928833007812,0.0556640625,108.7001953125
"4297",-27.125,-72.8125,28.4935053480857,0.010498046875,105.9794921875
"4298",-27.125,-72.6875,25.5403669084821,0.066650390625,86.957275390625
"4299",-27.125,-72.5625,23.6664041868398,0.3671875,85.87744140625
"4300",-27.125,-72.4375,26.9477785442947,0.01513671875,219.791259765625
"4301",-27.125,-72.3125,31.1323956745427,0.064697265625,218.8623046875
"4302",-27.125,-72.1875,28.7884736902574,0.0732421875,210.675537109375
"4303",-27.125,-72.0625,24.8981227644955,0.050537109375,216.04833984375
"4304",-27.125,-71.9375,34.1769298206676,0.142822265625,130.788818359375
"4305",-27.125,-71.8125,34.0242156982422,0.041015625,134.005126953125
"4306",-27.125,-71.6875,35.2694868607955,0.025390625,131.5244140625
"4307",-27.125,-71.5625,22.0575299944196,1.921142578125,71.86279296875
"4308",-26.875,-76.0625,264.34623336792,229.459609985352,296.275390625
"4309",-26.875,-75.9375,334.375504662009,182.564010620117,362.976715087891
"4310",-26.875,-75.6875,10.1843324962415,2.79176998138428,13.921314239502
"4311",-26.875,-75.5625,7.63126730918884,7.13422918319702,8.12830543518066
"4312",-26.875,-75.3125,158.959978970614,0.822906494140625,257.094787597656
"4313",-26.875,-75.1875,101.839205741882,0.81866455078125,259.09326171875
"4314",-26.875,-75.0625,119.990748995826,0.469512939453125,295.906921386719
"4315",-26.875,-74.9375,219.383760585341,0.031768798828125,364.788665771484
"4316",-26.875,-74.8125,196.06824299512,0.327850341796875,372.008941650391
"4317",-26.875,-74.6875,225.867770279381,1.12225341796875,437.793792724609
"4318",-26.875,-74.5625,114.805067189534,0.14892578125,541.288146972656
"4319",-26.875,-74.4375,69.2838426438053,0.25537109375,824.712524414062
"4320",-26.875,-74.3125,49.2093038864407,0.043701171875,719.461669921875
"4321",-26.875,-74.1875,37.9155131089281,0.065673828125,579.234375
"4322",-26.875,-74.0625,27.9966802434179,0.084716796875,145.816162109375
"4323",-26.875,-73.9375,26.9606763796699,0.091064453125,241.771484375
"4324",-26.875,-73.8125,30.1690430085447,0.052978515625,236.418212890625
"4325",-26.875,-73.6875,25.7656378064837,0.105224609375,193.830322265625
"4326",-26.875,-73.5625,22.5500020119354,0.08837890625,97.137939453125
"4327",-26.875,-73.4375,18.3999189736187,0.03125,131.84130859375
"4328",-26.875,-73.3125,29.0546021849245,0.01708984375,165.36669921875
"4329",-26.875,-73.1875,36.4119560605004,0.000732421875,131.9384765625
"4330",-26.875,-73.0625,24.7793619281446,0.0048828125,100.86376953125
"4331",-26.875,-72.9375,19.9409974888393,0.00341796875,99.37060546875
"4332",-26.875,-72.8125,18.8370093368902,0.128173828125,91.037353515625
"4333",-26.875,-72.6875,20.0600166320801,0.22021484375,88.13037109375
"4334",-26.875,-72.5625,25.9622389978642,0.0419921875,209.71142578125
"4335",-26.875,-72.4375,22.3745515784439,0.136474609375,95.907958984375
"4336",-26.875,-72.3125,25.3931787884425,0.010009765625,150.98291015625
"4337",-26.875,-72.1875,25.8504271468496,0.119140625,143.33544921875
"4338",-26.875,-72.0625,30.6847474764934,0.145263671875,136.953125
"4339",-26.875,-71.9375,18.2652089293574,0.02685546875,89.4140625
"4340",-26.875,-71.8125,24.6617883752894,0.05908203125,78.918212890625
"4341",-26.875,-71.6875,26.8349296374199,1.612548828125,74.6044921875
"4342",-26.875,-71.5625,22.5613919771635,0.017578125,69.7919921875
"4343",-26.625,-76.0625,188.588185628255,147.068450927734,221.916885375977
"4344",-26.625,-75.9375,184.277681049548,142.126495361328,268.237670898438
"4345",-26.625,-75.6875,10.1106063842773,4.13832759857178,13.69690990448
"4346",-26.625,-75.5625,5.96895444393158,4.50078105926514,6.73610353469849
"4347",-26.625,-75.3125,2.60762023925781,0.87725830078125,4.00857543945312
"4348",-26.625,-75.1875,21.3534075419108,0.821746826171875,44.5580749511719
"4349",-26.625,-75.0625,112.532129923503,2.30307006835938,260.55810546875
"4350",-26.625,-74.9375,141.092649322195,0.365570068359375,286.900299072266
"4351",-26.625,-74.8125,168.214200803372,0.321929931640625,373.985626220703
"4352",-26.625,-74.6875,239.875538337094,0.36614990234375,444.789123535156
"4353",-26.625,-74.5625,201.029247039645,0.4356689453125,611.834045410156
"4354",-26.625,-74.4375,101.358294646752,0.2552490234375,886.327392578125
"4355",-26.625,-74.3125,54.8662876674107,0.079833984375,700.107177734375
"4356",-26.625,-74.1875,37.0076650943396,0.088134765625,591.01708984375
"4357",-26.625,-74.0625,27.1795235995589,0.010498046875,224.842529296875
"4358",-26.625,-73.9375,27.0622159600679,0.012451171875,229.38134765625
"4359",-26.625,-73.8125,25.9983380998884,0.05029296875,235.048828125
"4360",-26.625,-73.6875,25.2277964814779,0.15185546875,229.2822265625
"4361",-26.625,-73.5625,21.2273374820473,0.010009765625,222.39501953125
"4362",-26.625,-73.4375,15.8802688496225,0.0390625,70.70654296875
"4363",-26.625,-73.3125,27.531065823739,0.05078125,163.704833984375
"4364",-26.625,-73.1875,36.1474404611895,0.111328125,162.987548828125
"4365",-26.625,-73.0625,32.6318401037223,0.267822265625,97.676025390625
"4366",-26.625,-72.9375,22.3115765115489,0.039306640625,79.4736328125
"4367",-26.625,-72.8125,16.4739996625491,0.017333984375,78.418212890625
"4368",-26.625,-72.6875,17.1129172059911,0.011962890625,90.913818359375
"4369",-26.625,-72.5625,22.6646437872024,0.04150390625,175.2646484375
"4370",-26.625,-72.4375,20.1602828414352,0.052001953125,120.047119140625
"4371",-26.625,-72.3125,28.8476495794911,0.074951171875,156.115478515625
"4372",-26.625,-72.1875,21.2172546386719,0.009033203125,100.640869140625
"4373",-26.625,-72.0625,26.1512932054924,0.791015625,126.56396484375
"4374",-26.625,-71.9375,21.4766925314198,0.020263671875,75.823486328125
"4375",-26.625,-71.8125,25.5722026209677,0.144287109375,76.877197265625
"4376",-26.625,-71.6875,25.8182630037007,1.26416015625,73.88525390625
"4377",-26.625,-71.5625,28.9132777622768,0.20166015625,54.4111328125
"4378",-26.375,-75.6875,6.7737087914438,0.137383460998535,13.4968614578247
"4379",-26.375,-75.5625,8.12966148058573,3.05020332336426,11.6520223617554
"4380",-26.375,-75.4375,262.890071868896,11.7826843261719,305.916015625
"4381",-26.375,-75.3125,385.080663610388,306.583740234375,464.411773681641
"4382",-26.375,-75.1875,10.4723135141226,2.5509033203125,30.4510192871094
"4383",-26.375,-75.0625,5.70408630371094,0.286834716796875,15.7688598632812
"4384",-26.375,-74.9375,142.808796662551,0.80572509765625,277.313232421875
"4385",-26.375,-74.8125,202.445805646371,0.15704345703125,377.001373291016
"4386",-26.375,-74.6875,172.449367042349,12.8386840820312,401.989135742188
"4387",-26.375,-74.5625,203.474773299223,7.40081787109375,543.339050292969
"4388",-26.375,-74.4375,156.96630859375,3.10986328125,934.9423828125
"4389",-26.375,-74.3125,75.7960295780524,0.048828125,731.991821289062
"4390",-26.375,-74.1875,43.8291987522393,0.055908203125,619.685546875
"4391",-26.375,-74.0625,30.6223260353269,0.03955078125,268.94482421875
"4392",-26.375,-73.9375,27.213928349023,0.0244140625,242.354248046875
"4393",-26.375,-73.8125,25.281422982857,0.07666015625,218.69677734375
"4394",-26.375,-73.6875,23.6943673946159,0.01806640625,216.2314453125
"4395",-26.375,-73.5625,21.7462117635952,0.00146484375,213.627197265625
"4396",-26.375,-73.4375,15.0161153708987,0.046875,71.91015625
"4397",-26.375,-73.3125,23.9602551320607,0.036865234375,160.98828125
"4398",-26.375,-73.1875,32.8841060515373,0.09619140625,135.99951171875
"4399",-26.375,-73.0625,29.93527500348,0.18212890625,114.849365234375
"4400",-26.375,-72.9375,19.6402654647827,0.00390625,85.45849609375
"4401",-26.375,-72.8125,18.2164486913238,0.00634765625,70.659423828125
"4402",-26.375,-72.6875,15.5563987554506,0.0458984375,76.23095703125
"4403",-26.375,-72.5625,18.3935982369088,0.02978515625,124.904541015625
"4404",-26.375,-72.4375,22.1876499720982,0.05859375,167.14013671875
"4405",-26.375,-72.3125,23.0853705971928,0.071044921875,149.810791015625
"4406",-26.375,-72.1875,25.1881244081439,0.02880859375,126.234130859375
"4407",-26.375,-72.0625,36.2847787552521,1.09326171875,84.46142578125
"4408",-26.375,-71.9375,30.5882387066832,0.02392578125,76.397705078125
"4409",-26.375,-71.8125,25.2114035866477,0.0966796875,65.623291015625
"4410",-26.375,-71.6875,21.9019775390625,1.531005859375,67.66455078125
"4411",-26.375,-71.5625,33.396875,4.880859375,53.185791015625
"4412",-26.125,-75.6875,9.8862951596578,7.22094869613647,12.6536455154419
"4413",-26.125,-75.5625,7.0258707470364,2.0280933380127,13.4851522445679
"4414",-26.125,-75.4375,6.18433222174644,0.0662689208984375,13.924859046936
"4415",-26.125,-75.3125,429.361989339193,0.031158447265625,541.460083007812
"4416",-26.125,-75.1875,170.250496826172,0.129425048828125,475.547454833984
"4417",-26.125,-75.0625,18.4026538624483,0.219757080078125,166.724899291992
"4418",-26.125,-74.9375,152.912662926224,0.65155029296875,360.341094970703
"4419",-26.125,-74.8125,158.415696723276,0.006561279296875,376.679321289062
"4420",-26.125,-74.6875,202.928220214844,0.033416748046875,470.552795410156
"4421",-26.125,-74.5625,222.425520510287,12.7693786621094,476.786193847656
"4422",-26.125,-74.4375,186.31724799589,1.6607666015625,896.619140625
"4423",-26.125,-74.3125,84.8932700853669,0.042724609375,693.116455078125
"4424",-26.125,-74.1875,47.2857768350019,0.0087890625,557.307373046875
"4425",-26.125,-74.0625,34.7551997403921,0.3759765625,274.62744140625
"4426",-26.125,-73.9375,25.4087416422633,0.021728515625,240.123291015625
"4427",-26.125,-73.8125,22.509608821279,0.0029296875,103.984130859375
"4428",-26.125,-73.6875,23.0829489378803,0.020751953125,122.46435546875
"4429",-26.125,-73.5625,19.8158157023978,0.0048828125,193.1171875
"4430",-26.125,-73.4375,15.4428026374457,0.013916015625,88.864501953125
"4431",-26.125,-73.3125,19.496152838444,0.041015625,156.969482421875
"4432",-26.125,-73.1875,28.5977097469497,0.042724609375,132.032470703125
"4433",-26.125,-73.0625,33.3440506209188,0.002685546875,128.56201171875
"4434",-26.125,-72.9375,24.0865256569602,0.009765625,107.395263671875
"4435",-26.125,-72.8125,17.2759805051436,0.018310546875,141.407958984375
"4436",-26.125,-72.6875,16.8967624830163,0.004150390625,134.722900390625
"4437",-26.125,-72.5625,15.8663604736328,0.004150390625,69.09228515625
"4438",-26.125,-72.4375,21.5842117801789,0.0537109375,153.725830078125
"4439",-26.125,-72.3125,23.7129180285395,0.0146484375,144.11572265625
"4440",-26.125,-72.1875,28.9614995600103,0.072265625,123.77197265625
"4441",-26.125,-72.0625,30.2163570628447,1.367431640625,82.49951171875
"4442",-26.125,-71.9375,26.3687453497024,0.3916015625,73.319091796875
"4443",-26.125,-71.8125,17.7755330403646,0.1064453125,63.912841796875
"4444",-26.125,-71.6875,17.62060546875,0.099609375,33.59033203125
"4445",-26.125,-71.5625,32.7388916015625,1.19287109375,53.15576171875
"4446",-25.875,-75.5625,4.40932822227478,2.1228141784668,5.85496425628662
"4447",-25.875,-75.4375,33.1892857551575,0.00796604156494141,248.28369140625
"4448",-25.875,-75.3125,107.63034608629,0.10113525390625,547.55517578125
"4449",-25.875,-75.1875,124.220979731134,0.105987548828125,540.638305664062
"4450",-25.875,-75.0625,43.4654423228481,0.2276611328125,323.149108886719
"4451",-25.875,-74.9375,121.247382818484,0.4139404296875,365.823638916016
"4452",-25.875,-74.8125,103.593496370716,0.011810302734375,357.181091308594
"4453",-25.875,-74.6875,128.455659331747,0.1756591796875,451.542663574219
"4454",-25.875,-74.5625,175.379041769566,0.46392822265625,453.412170410156
"4455",-25.875,-74.4375,193.260634046373,0.6236572265625,766.255004882812
"4456",-25.875,-74.3125,250.204994283113,0.3521728515625,771.99169921875
"4457",-25.875,-74.1875,78.2719757466377,0.008544921875,677.295166015625
"4458",-25.875,-74.0625,36.6213839755969,0.065185546875,259.98388671875
"4459",-25.875,-73.9375,25.8275591851689,0.030029296875,234.164306640625
"4460",-25.875,-73.8125,20.4807683274783,0.003662109375,103.486572265625
"4461",-25.875,-73.6875,21.9076531431956,0.014892578125,96.3759765625
"4462",-25.875,-73.5625,18.5990603856846,0.012451171875,177.516357421875
"4463",-25.875,-73.4375,16.7370863154389,0.03173828125,167.442138671875
"4464",-25.875,-73.3125,18.9743847331271,0.064208984375,145.9765625
"4465",-25.875,-73.1875,24.3134499574319,0.0078125,136.77001953125
"4466",-25.875,-73.0625,29.917115752551,0.05712890625,113.8671875
"4467",-25.875,-72.9375,23.294001281497,0.037353515625,107.269287109375
"4468",-25.875,-72.8125,16.8413533125774,0.010498046875,135.76171875
"4469",-25.875,-72.6875,17.7206563547653,0.052001953125,60.976806640625
"4470",-25.875,-72.5625,19.4387096892622,0.08349609375,74.6962890625
"4471",-25.875,-72.4375,22.0536499023438,0.04052734375,142.889892578125
"4472",-25.875,-72.3125,22.797705078125,0.260498046875,73.908447265625
"4473",-25.875,-72.1875,25.3286526587702,0.052734375,124.34375
"4474",-25.875,-72.0625,25.6268194901316,0.400634765625,83.1640625
"4475",-25.875,-71.9375,18.6574831170551,0.033203125,45.00537109375
"4476",-25.875,-71.8125,20.7401187294408,0.257080078125,57.797119140625
"4477",-25.875,-71.6875,23.7342071533203,0.15283203125,38.880615234375
"4478",-25.875,-71.5625,37.1896667480469,22.095703125,50.25634765625
"4479",-25.625,-75.4375,3.40718326568603,0.464479446411133,10.1222505569458
"4480",-25.625,-75.3125,4.05136597951253,0.132186889648438,12.6113357543945
"4481",-25.625,-75.1875,10.0609917273888,0.322998046875,75.0182800292969
"4482",-25.625,-75.0625,107.267135238647,0.084075927734375,370.523895263672
"4483",-25.625,-74.9375,76.3249235607329,0.06512451171875,377.184539794922
"4484",-25.625,-74.8125,68.7561123496608,0.009765625,366.997192382812
"4485",-25.625,-74.6875,99.7416846189784,0.67340087890625,466.254943847656
"4486",-25.625,-74.5625,117.96612900471,0.208740234375,495.146545410156
"4487",-25.625,-74.4375,140.194987737482,0.594573974609375,491.031494140625
"4488",-25.625,-74.3125,74.0178635952965,1.00537109375,379.613037109375
"4489",-25.625,-74.1875,59.1238786331331,0.095703125,425.121337890625
"4490",-25.625,-74.0625,41.6297799246652,0.023193359375,327.433837890625
"4491",-25.625,-73.9375,29.1864866765548,0.14501953125,240.983642578125
"4492",-25.625,-73.8125,22.5147616986147,0.112060546875,245.385009765625
"4493",-25.625,-73.6875,21.1918935347577,0.013916015625,159.155517578125
"4494",-25.625,-73.5625,18.6547460729055,0.0009765625,177.992919921875
"4495",-25.625,-73.4375,14.9278590637768,0.00048828125,165.325927734375
"4496",-25.625,-73.3125,16.5331950481673,0.002197265625,111.87451171875
"4497",-25.625,-73.1875,21.0365726835547,0.055908203125,129.082275390625
"4498",-25.625,-73.0625,29.2390872186943,0.13623046875,113.653564453125
"4499",-25.625,-72.9375,20.5921974182129,0.114990234375,73.5625
"4500",-25.625,-72.8125,17.5007544345543,0.006591796875,124.892578125
"4501",-25.625,-72.6875,14.4256403625247,0.0009765625,72.98388671875
"4502",-25.625,-72.5625,17.1133946305614,0.0283203125,73.511962890625
"4503",-25.625,-72.4375,23.5523747370793,0.186279296875,138.869873046875
"4504",-25.625,-72.3125,23.3920468345207,0.042236328125,120.717529296875
"4505",-25.625,-72.1875,21.2331804081718,0.0009765625,86.13232421875
"4506",-25.625,-72.0625,18.1067921290888,0.041259765625,75.679931640625
"4507",-25.625,-71.9375,12.2793536518895,0.05419921875,39.394287109375
"4508",-25.625,-71.8125,24.1695268110795,1.135986328125,57.080322265625
"4509",-25.625,-71.6875,23.5836275540865,13.06982421875,34.31396484375
"4510",-25.625,-71.5625,40.8507893880208,37.619140625,43.40771484375
"4511",-25.375,-75.4375,5.35725564223069,0.258994102478027,10.5556306838989
"4512",-25.375,-75.3125,6.61404177483092,0.0146884918212891,13.8991012573242
"4513",-25.375,-75.1875,5.31111997716567,0.05157470703125,37.2025909423828
"4514",-25.375,-75.0625,60.7862930297852,0.01220703125,327.807800292969
"4515",-25.375,-74.9375,583.841386940911,0.22125244140625,615.380310058594
"4516",-25.375,-74.8125,47.1066752551647,0.096923828125,491.397918701172
"4517",-25.375,-74.6875,45.4886812084783,0.246826171875,188.972930908203
"4518",-25.375,-74.5625,120.967494603207,0.04559326171875,495.408538818359
"4519",-25.375,-74.4375,102.791092404894,0.03558349609375,468.127502441406
"4520",-25.375,-74.3125,15.5581658499581,0.0390701293945312,126.361740112305
"4521",-25.375,-74.1875,12.2049131649797,4.7754955291748,18.282470703125
"4522",-25.375,-74.0625,46.9230308049842,0.16650390625,380.116943359375
"4523",-25.375,-73.9375,38.4820104528356,0.15869140625,287.44677734375
"4524",-25.375,-73.8125,28.4314434344952,0.291748046875,244.68017578125
"4525",-25.375,-73.6875,22.1839401019447,0.090087890625,205.95654296875
"4526",-25.375,-73.5625,17.7180431571739,0.010986328125,182.130859375
"4527",-25.375,-73.4375,16.0455224503686,0.01611328125,172.140869140625
"4528",-25.375,-73.3125,15.1727908387476,0.01171875,71.601806640625
"4529",-25.375,-73.1875,19.0721766974336,0.001220703125,104.6572265625
"4530",-25.375,-73.0625,22.0432133101106,0.107666015625,104.825927734375
"4531",-25.375,-72.9375,22.802524905233,0.021484375,88.635009765625
"4532",-25.375,-72.8125,14.2704258631993,0.0009765625,81.952392578125
"4533",-25.375,-72.6875,13.5567390532362,0.0068359375,111.046630859375
"4534",-25.375,-72.5625,14.7726648351648,0.121337890625,62.1552734375
"4535",-25.375,-72.4375,20.3425868010718,0.04345703125,132.891357421875
"4536",-25.375,-72.3125,23.2976384452693,0.0185546875,112.406005859375
"4537",-25.375,-72.1875,21.07496345568,0.05322265625,80.794189453125
"4538",-25.375,-72.0625,21.349022708722,0.06494140625,74.60595703125
"4539",-25.375,-71.9375,17.7955106847426,0.02880859375,49.494140625
"4540",-25.375,-71.8125,25.0579944957386,4.236328125,61.138916015625
"4541",-25.375,-71.6875,25.0858696831597,9.05322265625,40.655029296875
"4542",-25.375,-71.5625,36.67802734375,32.8046875,40.164794921875
"4543",-25.125,-75.4375,1.51473426818848,0.673080444335938,2.35638809204102
"4544",-25.125,-75.3125,7.8070757094394,0.386926651000977,13.8281116485596
"4545",-25.125,-75.1875,4.84810508381237,0.12384033203125,17.9956207275391
"4546",-25.125,-75.0625,0.091766357421875,0.06402587890625,0.12567138671875
"4547",-25.125,-74.9375,365.488537203881,3.44436645507812,598.082702636719
"4548",-25.125,-74.8125,13.0032275100298,0.0385456085205078,281.872222900391
"4549",-25.125,-74.6875,11.8439965167288,0.420425415039062,171.87353515625
"4550",-25.125,-74.5625,26.2285763138816,0.0211687088012695,430.02880859375
"4551",-25.125,-74.4375,13.7442368684813,0.135746955871582,98.7378234863281
"4552",-25.125,-74.3125,9.69064044952393,0.943035125732422,13.9418392181396
"4553",-25.125,-74.1875,11.5733809089661,0.58197021484375,18.7556457519531
"4554",-25.125,-74.0625,32.1268136620522,0.0028076171875,204.150390625
"4555",-25.125,-73.9375,48.7651236185213,0.546142578125,353.287109375
"4556",-25.125,-73.8125,32.929831256156,0.158203125,137.209716796875
"4557",-25.125,-73.6875,24.3133615840351,0.099365234375,214.07177734375
"4558",-25.125,-73.5625,18.454149012198,0.05810546875,187.285400390625
"4559",-25.125,-73.4375,14.8947640967181,0.053466796875,181.238037109375
"4560",-25.125,-73.3125,14.9513206620314,0.00048828125,65.910888671875
"4561",-25.125,-73.1875,17.5691072880314,0.000732421875,103.95654296875
"4562",-25.125,-73.0625,18.6554923093845,0.058349609375,79.268310546875
"4563",-25.125,-72.9375,18.4770079392653,0.10888671875,78.932861328125
"4564",-25.125,-72.8125,17.5859550011201,0.0166015625,70.572021484375
"4565",-25.125,-72.6875,16.5008534833419,0.030517578125,63.44921875
"4566",-25.125,-72.5625,17.5231908681441,0.02978515625,100.0673828125
"4567",-25.125,-72.4375,19.764838426633,0.05029296875,117.14990234375
"4568",-25.125,-72.3125,22.6513085458793,0.006103515625,103.862548828125
"4569",-25.125,-72.1875,21.2499206046748,0.0625,80.340576171875
"4570",-25.125,-72.0625,19.278999224101,0.593505859375,69.003173828125
"4571",-25.125,-71.9375,17.07568359375,3.230712890625,49.7353515625
"4572",-25.125,-71.8125,27.7376967921402,6.061279296875,57.966796875
"4573",-25.125,-71.6875,31.8205837673611,11.14892578125,44.2900390625
"4574",-25.125,-71.5625,39.4108276367188,34.86083984375,42.9814453125
"4575",-24.875,-75.3125,7.17124352735632,1.05222511291504,13.5507640838623
"4576",-24.875,-75.1875,6.79485475605932,0.206355094909668,13.3022089004517
"4577",-24.875,-74.3125,12.6787462234497,12.6787462234497,12.6787462234497
"4578",-24.875,-74.1875,7.72194623947144,0.113969802856445,15.3284797668457
"4579",-24.875,-74.0625,23.0550429045436,0.0560302734375,101.018127441406
"4580",-24.875,-73.9375,47.9758212960881,0.1142578125,294.478515625
"4581",-24.875,-73.8125,39.3066006680509,0.18310546875,325.153076171875
"4582",-24.875,-73.6875,34.816826159387,0.113525390625,483.904663085938
"4583",-24.875,-73.5625,23.0954854739059,0.111328125,385.052001953125
"4584",-24.875,-73.4375,18.0637111705193,0.008056640625,125.07568359375
"4585",-24.875,-73.3125,16.4124160663269,0.02783203125,163.77001953125
"4586",-24.875,-73.1875,16.6892833641353,0.036865234375,102.6083984375
"4587",-24.875,-73.0625,16.9721389377015,0.006103515625,76.026123046875
"4588",-24.875,-72.9375,16.7433756165585,0.022705078125,73.485595703125
"4589",-24.875,-72.8125,15.9400612704725,0.06103515625,71.999267578125
"4590",-24.875,-72.6875,13.3671342016945,0.040771484375,61.595703125
"4591",-24.875,-72.5625,18.0732332471391,0.0087890625,94.64892578125
"4592",-24.875,-72.4375,20.975188180302,0.008056640625,114.267822265625
"4593",-24.875,-72.3125,23.5699802673969,0.213134765625,79.32666015625
"4594",-24.875,-72.1875,17.0684391437191,0.149169921875,80.28564453125
"4595",-24.875,-72.0625,15.8702473958333,0.02001953125,68.229736328125
"4596",-24.875,-71.9375,20.3723556716721,0.8173828125,47.61767578125
"4597",-24.875,-71.8125,30.1821108217593,4.416015625,59.476318359375
"4598",-24.875,-71.6875,32.8210083007813,12.85400390625,45.301025390625
"4599",-24.625,-74.1875,9.44853401184082,7.83971357345581,13.5005378723145
"4600",-24.625,-74.0625,12.3122568130493,0.09375,53.5733642578125
"4601",-24.625,-73.9375,65.1563014610141,0.232177734375,713.43212890625
"4602",-24.625,-73.8125,61.7969402486286,0.3505859375,694.553588867188
"4603",-24.625,-73.6875,38.8460484036768,0.001708984375,564.882446289062
"4604",-24.625,-73.5625,24.6144737566021,0.017578125,667.0986328125
"4605",-24.625,-73.4375,20.6803587571324,0.07568359375,370.519775390625
"4606",-24.625,-73.3125,18.752453834223,0.011962890625,177.611083984375
"4607",-24.625,-73.1875,18.1582733411364,0.01025390625,105.146240234375
"4608",-24.625,-73.0625,17.8335601654812,0.021484375,74.676513671875
"4609",-24.625,-72.9375,17.5343176800272,0.041748046875,70.033203125
"4610",-24.625,-72.8125,17.2550546656774,0.01904296875,66.336181640625
"4611",-24.625,-72.6875,16.1258146724599,0.021240234375,57.947265625
"4612",-24.625,-72.5625,19.014158740942,0.07275390625,95.071533203125
"4613",-24.625,-72.4375,19.3032496794489,0.052734375,115.77490234375
"4614",-24.625,-72.3125,22.7487006753178,0.026611328125,82.503173828125
"4615",-24.625,-72.1875,20.4137688714105,0.040771484375,78.8837890625
"4616",-24.625,-72.0625,17.8986580141129,0.216552734375,56.838623046875
"4617",-24.625,-71.9375,22.129311615566,0.0029296875,46.17529296875
"4618",-24.625,-71.8125,35.31103515625,4.04638671875,61.86376953125
"4619",-24.625,-71.6875,38.72802734375,17.496826171875,44.125244140625
"4620",-24.375,-74.1875,11.5057983398438,11.5057983398438,11.5057983398438
"4621",-24.375,-74.0625,12.69212074633,0.37493896484375,43.37890625
"4622",-24.375,-73.9375,63.5853850597472,0.0135498046875,341.043151855469
"4623",-24.375,-73.8125,109.6779090321,0.983642578125,865.074951171875
"4624",-24.375,-73.6875,34.6437722268462,0.0546875,638.371948242188
"4625",-24.375,-73.5625,27.4060628714984,0.0009765625,667.82666015625
"4626",-24.375,-73.4375,22.0367596961568,0.00146484375,360.75927734375
"4627",-24.375,-73.3125,20.3163193337231,0.0654296875,179.098876953125
"4628",-24.375,-73.1875,17.8641990590318,0.038330078125,102.70751953125
"4629",-24.375,-73.0625,18.7775892793658,0.003662109375,76.881103515625
"4630",-24.375,-72.9375,16.2397650741949,0.048583984375,69.4794921875
"4631",-24.375,-72.8125,14.2378164868836,0.000244140625,68.935546875
"4632",-24.375,-72.6875,15.9723220716977,0.0078125,89.181884765625
"4633",-24.375,-72.5625,18.7874170318852,0.030517578125,90.336669921875
"4634",-24.375,-72.4375,21.0107961641688,0.02685546875,113.147216796875
"4635",-24.375,-72.3125,21.542506383118,0.24609375,76.552978515625
"4636",-24.375,-72.1875,15.0612758582746,0.161376953125,63.238525390625
"4637",-24.375,-72.0625,20.0486127068015,0.082763671875,64.863037109375
"4638",-24.375,-71.9375,21.680497602983,0.129150390625,42.43212890625
"4639",-24.375,-71.8125,43.7998570033482,24.00341796875,63.37158203125
"4640",-24.375,-71.6875,36.95068359375,36.95068359375,36.95068359375
"4641",-24.125,-74.1875,9.58470344543457,9.58470344543457,9.58470344543457
"4642",-24.125,-74.0625,9.59324814024426,0.349357604980469,13.7557020187378
"4643",-24.125,-73.9375,33.919824051857,0.06439208984375,187.53271484375
"4644",-24.125,-73.8125,156.830506127728,0.30810546875,1052.62963867188
"4645",-24.125,-73.6875,40.4725927594064,0.1318359375,279.685791015625
"4646",-24.125,-73.5625,37.1159579649144,0.0634765625,618.6181640625
"4647",-24.125,-73.4375,21.4743663178393,0.0146484375,352.783203125
"4648",-24.125,-73.3125,21.3227787017822,0.01123046875,184.928466796875
"4649",-24.125,-73.1875,18.5317203412041,0.002197265625,104.06298828125
"4650",-24.125,-73.0625,17.4689952841408,0.05078125,78.51220703125
"4651",-24.125,-72.9375,13.9343056770066,0,58.00048828125
"4652",-24.125,-72.8125,12.404924508427,0.03125,47.96044921875
"4653",-24.125,-72.6875,15.3945410592215,0.001220703125,85.982177734375
"4654",-24.125,-72.5625,19.1178206734035,0.0703125,91.820068359375
"4655",-24.125,-72.4375,21.6934679754849,0.049560546875,115.905029296875
"4656",-24.125,-72.3125,19.9685029701368,0.09814453125,78.400390625
"4657",-24.125,-72.1875,16.4222634055398,0.000244140625,67.471435546875
"4658",-24.125,-72.0625,19.9254222196691,0.084716796875,61.100341796875
"4659",-24.125,-71.9375,29.9234878077652,0.048583984375,63.232177734375
"4660",-24.125,-71.8125,39.6682779947917,21.15234375,54.5693359375
"4661",-23.875,-74.0625,9.58651065826416,1.64735412597656,13.7949476242065
"4662",-23.875,-73.9375,40.4920464496987,0.418647766113281,167.623077392578
"4663",-23.875,-73.8125,239.7679685935,0.2464599609375,977.0400390625
"4664",-23.875,-73.6875,110.259280618807,0.7098388671875,1224.55847167969
"4665",-23.875,-73.5625,43.027596849914,0.945556640625,659.193969726562
"4666",-23.875,-73.4375,28.7779487537202,0.201904296875,420.097412109375
"4667",-23.875,-73.3125,22.7763741945572,0.28369140625,97.016357421875
"4668",-23.875,-73.1875,17.798244530398,0.03857421875,98.804931640625
"4669",-23.875,-73.0625,17.4066977826287,0.017333984375,80.19091796875
"4670",-23.875,-72.9375,13.4630588180073,0.008544921875,57.594970703125
"4671",-23.875,-72.8125,13.6074633242479,0.038330078125,66.853271484375
"4672",-23.875,-72.6875,18.0071018763951,0.08740234375,92.599853515625
"4673",-23.875,-72.5625,18.6270451128119,0.04541015625,83.24951171875
"4674",-23.875,-72.4375,19.2983780570652,0.234130859375,123.748779296875
"4675",-23.875,-72.3125,19.3159844015731,0.02294921875,77.392578125
"4676",-23.875,-72.1875,22.7925133338341,0.294921875,60.1298828125
"4677",-23.875,-72.0625,17.7115857354526,0.51025390625,44.75341796875
"4678",-23.875,-71.9375,33.9221023033405,11.8125,58.06689453125
"4679",-23.875,-71.8125,39.0791015625,39.0791015625,39.0791015625
"4680",-23.625,-74.0625,8.73265552520752,3.98680973052979,12.8572797775269
"4681",-23.625,-73.9375,71.3276885009947,0.0370330810546875,180.793304443359
"4682",-23.625,-73.8125,240.410814621869,4.8602294921875,989.365905761719
"4683",-23.625,-73.6875,190.405668580687,0.8228759765625,995.20654296875
"4684",-23.625,-73.5625,64.674022376019,0.443115234375,1182.82336425781
"4685",-23.625,-73.4375,33.5947282217081,0.119140625,913.03173828125
"4686",-23.625,-73.3125,25.2064363721391,0.001708984375,452.98974609375
"4687",-23.625,-73.1875,16.754371785229,0.003662109375,158.635009765625
"4688",-23.625,-73.0625,16.339516017748,0.057373046875,87.7021484375
"4689",-23.625,-72.9375,14.3748422783112,0.009033203125,78.49609375
"4690",-23.625,-72.8125,10.472620851434,0.061767578125,59.856201171875
"4691",-23.625,-72.6875,15.2624944096601,0.00537109375,83.48095703125
"4692",-23.625,-72.5625,16.4878973960876,0.07275390625,87.3408203125
"4693",-23.625,-72.4375,19.5117166208666,0.0009765625,118.6015625
"4694",-23.625,-72.3125,17.2002899512816,0.02880859375,72.0048828125
"4695",-23.625,-72.1875,21.0113088625287,0.014892578125,51.674560546875
"4696",-23.625,-72.0625,24.8436492435516,3.343017578125,57.014404296875
"4697",-23.625,-71.9375,31.2767903645833,14.80908203125,46.41845703125
"4698",-23.375,-74.0625,5.57893262590681,3.34758281707764,7.94118118286133
"4699",-23.375,-73.9375,81.5510357550855,4.61727905273438,290.980377197266
"4700",-23.375,-73.8125,166.184826209897,5.9825439453125,402.230804443359
"4701",-23.375,-73.6875,114.478847927517,0.601806640625,816.29931640625
"4702",-23.375,-73.5625,95.3257763671875,0.02783203125,1318.20922851562
"4703",-23.375,-73.4375,48.7976465639861,0.21435546875,475.206298828125
"4704",-23.375,-73.3125,24.6184622421566,0.044921875,107.900390625
"4705",-23.375,-73.1875,18.0015924550808,0.05078125,74.425048828125
"4706",-23.375,-73.0625,16.2066115834355,0.007080078125,84.2939453125
"4707",-23.375,-72.9375,14.4502772239107,0.01025390625,72.2119140625
"4708",-23.375,-72.8125,11.2525778762776,0.004638671875,53.485107421875
"4709",-23.375,-72.6875,14.092353039253,0.005859375,67.31591796875
"4710",-23.375,-72.5625,16.0857884538951,0.01025390625,84.398193359375
"4711",-23.375,-72.4375,17.6935287093054,0.026123046875,117.569580078125
"4712",-23.375,-72.3125,18.133777120839,0.007080078125,66.154296875
"4713",-23.375,-72.1875,18.6076729910714,3.377197265625,45.86474609375
"4714",-23.375,-72.0625,23.0258275082237,0.42529296875,56.80859375
"4715",-23.125,-74.0625,76.4594095865885,0.533683776855469,133.969985961914
"4716",-23.125,-73.9375,104.212674112031,18.6525268554688,292.797119140625
"4717",-23.125,-73.8125,231.986092960133,22.4883422851562,407.342346191406
"4718",-23.125,-73.6875,109.181270985121,2.8253173828125,367.998809814453
"4719",-23.125,-73.5625,74.277557908443,1.24951171875,385.2509765625
"4720",-23.125,-73.4375,52.2467214223501,0.248779296875,725.380737304688
"4721",-23.125,-73.3125,27.0902250107021,0.072265625,171.48876953125
"4722",-23.125,-73.1875,19.6051420889886,0.185546875,76.45556640625
"4723",-23.125,-73.0625,17.7003642253723,0.000732421875,90.970947265625
"4724",-23.125,-72.9375,15.8424876604893,0.017822265625,90.1630859375
"4725",-23.125,-72.8125,12.4410368568333,0.008544921875,59.009033203125
"4726",-23.125,-72.6875,14.933900042278,0.0185546875,81.634521484375
"4727",-23.125,-72.5625,16.7659688167435,0.018310546875,84.0078125
"4728",-23.125,-72.4375,18.9706609919843,0.01513671875,116.761474609375
"4729",-23.125,-72.3125,18.8949865797546,0.017333984375,61.243408203125
"4730",-23.125,-72.1875,18.8309773360149,0.185302734375,58.88330078125
"4731",-23.125,-72.0625,20.5348888578869,8.994384765625,57.038330078125
"4732",-22.875,-74.1875,2.76772308349609,2.76772308349609,2.76772308349609
"4733",-22.875,-74.0625,37.8628879547119,0.664421081542969,136.945404052734
"4734",-22.875,-73.9375,104.450949411544,25.0578155517578,267.427032470703
"4735",-22.875,-73.8125,155.008952443193,8.8599853515625,362.866058349609
"4736",-22.875,-73.6875,110.598787249941,0.64398193359375,373.116363525391
"4737",-22.875,-73.5625,106.860236903599,0.2298583984375,428.169860839844
"4738",-22.875,-73.4375,57.9833554475204,0.115234375,719.412353515625
"4739",-22.875,-73.3125,31.6171034357479,0.00244140625,148.727783203125
"4740",-22.875,-73.1875,18.2459122649336,0.1787109375,76.385986328125
"4741",-22.875,-73.0625,19.9058575207674,0.010986328125,75.0546875
"4742",-22.875,-72.9375,17.0796722188264,0.079833984375,67.84423828125
"4743",-22.875,-72.8125,13.6851760467457,0.028076171875,62.177001953125
"4744",-22.875,-72.6875,15.3898813446607,0.081298828125,78.97705078125
"4745",-22.875,-72.5625,16.9433118800661,0.03173828125,83.0517578125
"4746",-22.875,-72.4375,18.9212245119402,0.054931640625,91.706298828125
"4747",-22.875,-72.3125,20.7411154513889,0.012451171875,119.283935546875
"4748",-22.875,-72.1875,17.4408118206522,0.00439453125,58.147216796875
"4749",-22.875,-72.0625,13.6387532552083,3.3935546875,30.96630859375
"4750",-22.625,-74.1875,36.5022802854839,21.8070831298828,52.4187698364258
"4751",-22.625,-74.0625,66.2522767948199,19.1671752929688,144.788482666016
"4752",-22.625,-73.9375,107.618344740434,22.0035858154297,247.223876953125
"4753",-22.625,-73.8125,163.38816852811,6.97991943359375,272.418121337891
"4754",-22.625,-73.6875,93.7632147652762,2.60357666015625,292.857299804688
"4755",-22.625,-73.5625,106.562174299122,4.810546875,465.294982910156
"4756",-22.625,-73.4375,61.4036634290541,1.0357666015625,436.805053710938
"4757",-22.625,-73.3125,27.6765389527089,0.1796875,714.6318359375
"4758",-22.625,-73.1875,21.7500482468378,0.191162109375,92.437255859375
"4759",-22.625,-73.0625,18.6801504333163,0.13037109375,62.557373046875
"4760",-22.625,-72.9375,14.1675141680433,0.02197265625,57.287109375
"4761",-22.625,-72.8125,12.4829448853835,0.022216796875,60.688232421875
"4762",-22.625,-72.6875,13.6473376720935,0.00537109375,76.67138671875
"4763",-22.625,-72.5625,15.3894998988673,0,79.757568359375
"4764",-22.625,-72.4375,17.7353337708755,0.052978515625,91.066650390625
"4765",-22.625,-72.3125,19.3169640311359,0.019775390625,102.658447265625
"4766",-22.625,-72.1875,18.7187621061467,0.02001953125,57.40283203125
"4767",-22.625,-72.0625,11.6898803710938,0.458251953125,49.105712890625
"4768",-22.375,-74.3125,13.9297676086426,13.9297676086426,13.9297676086426
"4769",-22.375,-74.1875,42.6400502068656,13.1801528930664,89.1199340820312
"4770",-22.375,-74.0625,54.2373405905331,21.6042633056641,93.6577835083008
"4771",-22.375,-73.9375,89.6439965192009,38.5567474365234,229.805923461914
"4772",-22.375,-73.8125,160.042342812674,19.6217193603516,241.983642578125
"4773",-22.375,-73.6875,121.562208606351,0.36566162109375,285.751098632812
"4774",-22.375,-73.5625,120.847569947602,0.2913818359375,461.970336914062
"4775",-22.375,-73.4375,76.1323533491655,0.1097412109375,576.058715820312
"4776",-22.375,-73.3125,38.0596513924124,0.011474609375,641.00927734375
"4777",-22.375,-73.1875,22.3260876885776,0.0439453125,95.680908203125
"4778",-22.375,-73.0625,16.3404427083333,0.00244140625,61.24072265625
"4779",-22.375,-72.9375,14.8746802819293,0.032470703125,61.838134765625
"4780",-22.375,-72.8125,13.5923308058128,0.0078125,58.45556640625
"4781",-22.375,-72.6875,13.0215737541177,0.007080078125,66.83447265625
"4782",-22.375,-72.5625,13.5839490388569,0,70.308837890625
"4783",-22.375,-72.4375,15.9114403114187,0.03125,88.8837890625
"4784",-22.375,-72.3125,19.2429377069536,0.06396484375,76.890625
"4785",-22.375,-72.1875,17.0989883730076,0.19921875,56.92236328125
"4786",-22.375,-72.0625,14.5575927734375,0.20166015625,49.5283203125
"4787",-22.375,-71.9375,5.3773193359375,1.46484375,9.0068359375
"4788",-22.125,-74.1875,20.0572618756975,6.43797302246094,38.1373176574707
"4789",-22.125,-74.0625,94.8687094486121,16.4664688110352,197.740646362305
"4790",-22.125,-73.9375,95.8216441018241,35.8887176513672,142.126373291016
"4791",-22.125,-73.8125,123.242049217224,37.0689392089844,193.364791870117
"4792",-22.125,-73.6875,111.499894294186,1.08514404296875,224.802108764648
"4793",-22.125,-73.5625,105.815272013346,3.081787109375,334.709350585938
"4794",-22.125,-73.4375,105.816397659867,0.4129638671875,616.324340820312
"4795",-22.125,-73.3125,48.5034627116534,0.630859375,631.0107421875
"4796",-22.125,-73.1875,26.1849150074472,0.244140625,106.280883789062
"4797",-22.125,-73.0625,18.8919751109973,0.0517578125,73.8095703125
"4798",-22.125,-72.9375,14.2607309932792,0.191162109375,56.693603515625
"4799",-22.125,-72.8125,13.5504875935299,0.0087890625,53.746826171875
"4800",-22.125,-72.6875,13.6931290276307,0.0498046875,66.1728515625
"4801",-22.125,-72.5625,13.4531789926382,0.048583984375,66.983154296875
"4802",-22.125,-72.4375,14.3978960260999,0.0087890625,82.57275390625
"4803",-22.125,-72.3125,19.7398873697917,0.017578125,73.714599609375
"4804",-22.125,-72.1875,17.7984899762033,0.135009765625,56.574462890625
"4805",-22.125,-72.0625,14.6254617442255,2.34619140625,49.54052734375
"4806",-22.125,-71.9375,10.3562825520833,9.0966796875,11.54052734375
"4807",-22.125,-71.8125,3.998388671875,0.02685546875,10.24560546875
"4808",-21.875,-74.1875,34.7246627807617,34.7246627807617,34.7246627807617
"4809",-21.875,-74.0625,49.4964487711589,13.6577453613281,141.960205078125
"4810",-21.875,-73.9375,88.4014086042132,32.1853179931641,123.700286865234
"4811",-21.875,-73.8125,87.158897746693,43.9878540039062,140.437927246094
"4812",-21.875,-73.6875,87.0929878928445,8.54800415039062,203.179641723633
"4813",-21.875,-73.5625,128.967044707268,6.46649169921875,370.294586181641
"4814",-21.875,-73.4375,169.422032349499,0.7471923828125,605.6357421875
"4815",-21.875,-73.3125,82.5781643154385,1.808349609375,713.650390625
"4816",-21.875,-73.1875,37.9459613756535,0.052978515625,212.43212890625
"4817",-21.875,-73.0625,20.2967404581076,0.040283203125,104.75244140625
"4818",-21.875,-72.9375,15.6566147472647,0.106689453125,54.81005859375
"4819",-21.875,-72.8125,14.2799450549451,0.021240234375,55.381103515625
"4820",-21.875,-72.6875,15.0355007773951,0.0126953125,72.55810546875
"4821",-21.875,-72.5625,13.2890097763712,0.02490234375,64.56103515625
"4822",-21.875,-72.4375,14.9457402737752,0.01806640625,65.10498046875
"4823",-21.875,-72.3125,19.0381993707621,0.095947265625,72.448974609375
"4824",-21.875,-72.1875,15.0154831172284,0.017578125,68.581298828125
"4825",-21.875,-72.0625,18.5453229631696,0.66259765625,55.052978515625
"4826",-21.875,-71.9375,6.781982421875,0.01220703125,13.341796875
"4827",-21.875,-71.8125,7.55654296875,1.10009765625,12.87255859375
"4828",-21.875,-71.6875,10.5328036221591,8.087890625,13.53173828125
"4829",-21.875,-71.5625,9.59309895833333,6.91015625,12.8603515625
"4830",-21.625,-74.0625,10.9527816772461,9.88621520996094,12.0193481445312
"4831",-21.625,-73.9375,76.4745025634766,23.2062072753906,118.033935546875
"4832",-21.625,-73.8125,54.5778566996256,27.1422424316406,105.876571655273
"4833",-21.625,-73.6875,123.30369520921,3.70114135742188,192.196929931641
"4834",-21.625,-73.5625,80.906427519662,6.14382171630859,378.282958984375
"4835",-21.625,-73.4375,144.189979944474,2.65298461914062,326.028015136719
"4836",-21.625,-73.3125,94.577107838222,0.08349609375,744.349243164062
"4837",-21.625,-73.1875,54.8560023153982,0.198974609375,303.123291015625
"4838",-21.625,-73.0625,25.7005939352101,0.793701171875,98.0167236328125
"4839",-21.625,-72.9375,16.3963730361435,0.02197265625,52.908447265625
"4840",-21.625,-72.8125,15.3886010853667,0.1083984375,59.037841796875
"4841",-21.625,-72.6875,14.9161611966998,0.01806640625,66.74267578125
"4842",-21.625,-72.5625,13.7367392564766,0.00048828125,63.9482421875
"4843",-21.625,-72.4375,13.8991447374659,0.01318359375,79.840087890625
"4844",-21.625,-72.3125,17.6473705329517,0.045166015625,65.997802734375
"4845",-21.625,-72.1875,14.4571152034956,0.01171875,63.864990234375
"4846",-21.625,-72.0625,15.517239857869,0.02880859375,54.02197265625
"4847",-21.625,-71.9375,9.27570452008928,0.05419921875,27.966796875
"4848",-21.625,-71.8125,6.35260416666667,2.703125,9.8974609375
"4849",-21.625,-71.6875,5.99564302884615,0.705078125,12.3125
"4850",-21.625,-71.5625,6.03391676682692,0.26953125,14.6884765625
"4851",-21.375,-74.1875,9.01517105102539,9.01517105102539,9.01517105102539
"4852",-21.375,-74.0625,10.2152095274492,5.69786071777344,12.8737182617188
"4853",-21.375,-73.9375,33.4540044611151,6.38067626953125,54.5372009277344
"4854",-21.375,-73.8125,113.130592346191,5.65594482421875,171.781051635742
"4855",-21.375,-73.6875,45.3987483534702,2.24029541015625,190.183349609375
"4856",-21.375,-73.5625,51.8180439207289,6.93899536132812,248.206558227539
"4857",-21.375,-73.4375,163.526712036133,3.73480224609375,318.612548828125
"4858",-21.375,-73.3125,151.512416055758,4.59912109375,696.674682617188
"4859",-21.375,-73.1875,57.4018562648607,0.491455078125,631.369079589844
"4860",-21.375,-73.0625,31.4748629823023,0.228759765625,183.265747070312
"4861",-21.375,-72.9375,20.2832664897424,0.014892578125,169.416259765625
"4862",-21.375,-72.8125,17.7977331509707,0.140869140625,64.889404296875
"4863",-21.375,-72.6875,13.4028893125356,0.034423828125,66.81201171875
"4864",-21.375,-72.5625,11.6228942871094,0.024169921875,67.5439453125
"4865",-21.375,-72.4375,13.0206235375735,0.006103515625,69.10400390625
"4866",-21.375,-72.3125,16.4822795758929,0.002197265625,67.294921875
"4867",-21.375,-72.1875,15.1203729865256,0.086181640625,65.507080078125
"4868",-21.375,-72.0625,15.347509765625,0.08251953125,54.5615234375
"4869",-21.375,-71.9375,14.4693048650568,0.3486328125,43.3544921875
"4870",-21.375,-71.8125,3.96329012784091,1.6845703125,7.6533203125
"4871",-21.375,-71.6875,3.47847123579545,0.2724609375,6.66650390625
"4872",-21.375,-71.5625,3.34239366319444,0.0029296875,12.98876953125
"4873",-21.375,-71.4375,14.14013671875,11.71435546875,16.56591796875
"4874",-21.125,-74.0625,9.98600387573242,9.33713340759277,10.6348743438721
"4875",-21.125,-73.9375,5.12476539611816,4.34554672241211,5.90398406982422
"4876",-21.125,-73.8125,129.661135355632,4.27545166015625,156.243118286133
"4877",-21.125,-73.6875,78.5710432529449,0.11773681640625,207.586135864258
"4878",-21.125,-73.5625,136.804350021038,5.03221130371094,245.33772277832
"4879",-21.125,-73.4375,184.084141954964,19.3536071777344,268.512908935547
"4880",-21.125,-73.3125,111.993685208834,5.72909545898438,422.445861816406
"4881",-21.125,-73.1875,73.683775975154,1.3369140625,571.850158691406
"4882",-21.125,-73.0625,39.6626589779563,0.33740234375,262.2236328125
"4883",-21.125,-72.9375,24.58684381449,0.07861328125,103.33349609375
"4884",-21.125,-72.8125,17.3041244014617,0.13916015625,71.697021484375
"4885",-21.125,-72.6875,13.2284026936414,0.025634765625,64.12939453125
"4886",-21.125,-72.5625,9.96323954700912,0.010009765625,39.927734375
"4887",-21.125,-72.4375,12.0358050544101,0.00634765625,57.060546875
"4888",-21.125,-72.3125,16.3585369712428,0.03759765625,72.770263671875
"4889",-21.125,-72.1875,14.5770926888533,0.13037109375,76.7041015625
"4890",-21.125,-72.0625,14.6188315862342,0.020751953125,61.356201171875
"4891",-21.125,-71.9375,17.5128601074219,0.56982421875,45.201416015625
"4892",-21.125,-71.8125,8.159375,0.439453125,16.5078125
"4893",-21.125,-71.6875,2.12541852678571,0.16943359375,8.345703125
"4894",-21.125,-71.5625,3.62920673076923,0.12646484375,12.2587890625
"4895",-21.125,-71.4375,15.05126953125,9.92529296875,18.16015625
"4896",-20.875,-73.8125,4.20335063934326,0.463740348815918,9.31628036499023
"4897",-20.875,-73.6875,6.55923498593844,1.24133491516113,43.7160186767578
"4898",-20.875,-73.5625,98.3731502956814,1.76121520996094,213.295135498047
"4899",-20.875,-73.4375,177.188679014962,5.75312805175781,249.861892700195
"4900",-20.875,-73.3125,179.706734752655,0.84814453125,305.245300292969
"4901",-20.875,-73.1875,117.999231040072,0.331787109375,462.864410400391
"4902",-20.875,-73.0625,58.409445413729,1.44140625,335.696044921875
"4903",-20.875,-72.9375,29.284218946294,0.613037109375,113.61181640625
"4904",-20.875,-72.8125,19.8277842420213,0.025146484375,92.511962890625
"4905",-20.875,-72.6875,12.3778635332661,0.08740234375,60.838623046875
"4906",-20.875,-72.5625,9.13633352308417,0.021728515625,59.298583984375
"4907",-20.875,-72.4375,12.4533810137253,0.00146484375,58.26953125
"4908",-20.875,-72.3125,14.1747638801333,0.008056640625,50.914306640625
"4909",-20.875,-72.1875,15.9186438519022,0.004150390625,77.388916015625
"4910",-20.875,-72.0625,17.8354891263522,0.166259765625,77.635009765625
"4911",-20.875,-71.9375,19.2868084574855,0.1015625,51.886962890625
"4912",-20.875,-71.8125,13.0551147460938,1.26708984375,26.923828125
"4913",-20.875,-71.6875,0.6275634765625,0.126953125,1.08349609375
"4914",-20.875,-71.5625,5.10872395833333,0.02001953125,18.14501953125
"4915",-20.875,-71.4375,15.0787760416667,0.6220703125,25.51220703125
"4916",-20.625,-73.8125,5.09698462486267,0.57625675201416,9.32060432434082
"4917",-20.625,-73.6875,5.66375148296356,0.677558898925781,13.8319005966187
"4918",-20.625,-73.5625,174.666151901771,80.1744537353516,207.726226806641
"4919",-20.625,-73.4375,131.760850215304,5.2496337890625,248.798934936523
"4920",-20.625,-73.3125,160.43416428566,2.25839233398438,342.677703857422
"4921",-20.625,-73.1875,151.424850616455,0.126922607421875,398.455261230469
"4922",-20.625,-73.0625,85.1543411659983,5.7364501953125,330.407836914062
"4923",-20.625,-72.9375,39.8233258647303,0.385986328125,185.3232421875
"4924",-20.625,-72.8125,21.2264125553642,0.28125,85.204345703125
"4925",-20.625,-72.6875,11.9126400745053,0.052490234375,63.852783203125
"4926",-20.625,-72.5625,9.98377482096354,0.069580078125,58.915283203125
"4927",-20.625,-72.4375,12.0194284316779,0.03515625,59.73095703125
"4928",-20.625,-72.3125,12.9483394299523,0.031494140625,56.897216796875
"4929",-20.625,-72.1875,15.4723205566406,0.0126953125,75.2568359375
"4930",-20.625,-72.0625,15.4454323236196,0.033935546875,75.76220703125
"4931",-20.625,-71.9375,19.5016845703125,0.355224609375,75.66455078125
"4932",-20.625,-71.8125,16.8212432861328,1.12109375,56.0869140625
"4933",-20.625,-71.6875,7.88096788194444,1.6884765625,16.53955078125
"4934",-20.625,-71.5625,6.67621527777778,0.064453125,20.73291015625
"4935",-20.625,-71.4375,15.262451171875,0.08447265625,29.92919921875
"4936",-20.375,-73.4375,11.5611565794264,3.87532329559326,26.5912857055664
"4937",-20.375,-73.3125,68.2824828547816,9.65976810455322,364.023956298828
"4938",-20.375,-73.1875,231.55870309168,11.1786499023438,369.188659667969
"4939",-20.375,-73.0625,145.729024422269,10.60693359375,363.792358398438
"4940",-20.375,-72.9375,47.6034263052591,5.2265625,233.03515625
"4941",-20.375,-72.8125,28.7120411889793,0.159423828125,185.207763671875
"4942",-20.375,-72.6875,15.7906529353215,0.00146484375,69.326171875
"4943",-20.375,-72.5625,11.0642877072704,0.005615234375,63.233154296875
"4944",-20.375,-72.4375,11.3163435652449,0.094482421875,59.25244140625
"4945",-20.375,-72.3125,12.6332603970865,0.012451171875,62.119140625
"4946",-20.375,-72.1875,13.9760131835938,0.048095703125,72.74560546875
"4947",-20.375,-72.0625,15.716801183364,0.09521484375,65.61181640625
"4948",-20.375,-71.9375,22.4851055438702,0.029296875,73.366943359375
"4949",-20.375,-71.8125,18.681323902027,0.10791015625,72.341796875
"4950",-20.375,-71.6875,10.2918198529412,0.22412109375,33.84326171875
"4951",-20.375,-71.5625,11.9843207465278,0.97900390625,32.5029296875
"4952",-20.375,-71.4375,31.23681640625,31.23681640625,31.23681640625
"4953",-20.125,-73.3125,13.9046630859375,13.9046630859375,13.9046630859375
"4954",-20.125,-73.1875,149.901800039652,6.29833984375,344.190979003906
"4955",-20.125,-73.0625,146.61532309203,10.4611511230469,380.153930664062
"4956",-20.125,-72.9375,93.9822291324013,0.18359375,344.073852539062
"4957",-20.125,-72.8125,24.0720349233085,1.191162109375,126.687744140625
"4958",-20.125,-72.6875,18.0366125274123,0.304443359375,139.089599609375
"4959",-20.125,-72.5625,13.3988378443424,0.113037109375,72.281494140625
"4960",-20.125,-72.4375,9.0033936974598,0.041015625,52.9560546875
"4961",-20.125,-72.3125,11.7089996080575,0.002685546875,52.58642578125
"4962",-20.125,-72.1875,12.1982649938984,0.072265625,64.30126953125
"4963",-20.125,-72.0625,14.1512882008272,0.0205078125,68.398681640625
"4964",-20.125,-71.9375,19.5327954338592,0.073974609375,87.383056640625
"4965",-20.125,-71.8125,15.5049680679563,1.17919921875,87.769775390625
"4966",-20.125,-71.6875,12.9356253487723,0.22265625,33.469970703125
"4967",-20.125,-71.5625,21.81669921875,10.31591796875,36.68896484375
"4968",-19.875,-73.1875,11.4831646510533,2.57817077636719,15.3690185546875
"4969",-19.875,-73.0625,98.2881378344635,2.40478324890137,359.273071289062
"4970",-19.875,-72.9375,71.3468119014393,3.677490234375,228.668395996094
"4971",-19.875,-72.8125,41.2386313990543,3.015625,260.658935546875
"4972",-19.875,-72.6875,25.6523037997159,0.123779296875,156.52197265625
"4973",-19.875,-72.5625,10.3709703810672,0.01904296875,55.681640625
"4974",-19.875,-72.4375,7.64033495259081,0.03857421875,43.240478515625
"4975",-19.875,-72.3125,11.9331837428435,0.01416015625,65.382080078125
"4976",-19.875,-72.1875,10.6669121122221,0.011962890625,54.9111328125
"4977",-19.875,-72.0625,13.461650390625,0.05224609375,69.68310546875
"4978",-19.875,-71.9375,19.052633381576,0.015869140625,96.25341796875
"4979",-19.875,-71.8125,16.4067210187816,0.04541015625,85.595947265625
"4980",-19.875,-71.6875,12.6077526461694,0.0146484375,29.539306640625
"4981",-19.875,-71.5625,28.4639892578125,19.1259765625,33.54052734375
"4982",-19.625,-73.0625,11.1456051667531,7.49637365341187,12.9436950683594
"4983",-19.625,-72.9375,40.4227883320934,1.07931518554688,175.075531005859
"4984",-19.625,-72.8125,40.0755027369449,0.2901611328125,123.396240234375
"4985",-19.625,-72.6875,30.5020038311298,0.093017578125,112.97314453125
"4986",-19.625,-72.5625,16.5970585264009,0.102783203125,120.3046875
"4987",-19.625,-72.4375,6.54612145057091,0.025634765625,45.694091796875
"4988",-19.625,-72.3125,9.69365803834522,0.005615234375,61.92529296875
"4989",-19.625,-72.1875,11.4153285556369,0.033203125,69.065673828125
"4990",-19.625,-72.0625,12.7638726938226,0.004638671875,61.4912109375
"4991",-19.625,-71.9375,17.2631409660218,0.006103515625,83.77197265625
"4992",-19.625,-71.8125,16.0735110960145,0.01123046875,82.375
"4993",-19.625,-71.6875,22.467761811756,0.517578125,52.010498046875
"4994",-19.375,-73.0625,2.58236694335938,2.58236694335938,2.58236694335938
"4995",-19.375,-72.9375,10.5572072347005,1.88969707489014,15.3425903320312
"4996",-19.375,-72.8125,22.0850529140896,0.217437744140625,84.5109252929688
"4997",-19.375,-72.6875,28.3277463045987,6.081787109375,76.843017578125
"4998",-19.375,-72.5625,19.5688958815586,0.075439453125,92.48388671875
"4999",-19.375,-72.4375,9.4580557135087,0.009765625,40.572265625
"5000",-19.375,-72.3125,7.73403811764407,0.013671875,38.85986328125
"5001",-19.375,-72.1875,12.4849851331898,0.0068359375,64.931640625
"5002",-19.375,-72.0625,12.2290854177167,0.011962890625,65.542236328125
"5003",-19.375,-71.9375,16.8816204874584,0.006591796875,73.083251953125
"5004",-19.375,-71.8125,14.5241033380682,0.110107421875,81.126220703125
"5005",-19.375,-71.6875,23.1807664440524,0.40869140625,57.529052734375
"5006",-19.375,-71.5625,11.14892578125,2.35986328125,19.93798828125
"5007",-19.125,-72.9375,7.47501883506775,0.400508880615234,12.7299566268921
"5008",-19.125,-72.8125,7.37523471832275,0.0622224807739258,13.4345254898071
"5009",-19.125,-72.6875,19.9962660441032,0.010955810546875,67.8304443359375
"5010",-19.125,-72.5625,16.4081298828125,0.043212890625,52.98095703125
"5011",-19.125,-72.4375,13.169599609375,0.0830078125,66.44482421875
"5012",-19.125,-72.3125,7.8201254015771,0.01220703125,42.862548828125
"5013",-19.125,-72.1875,11.6835250524215,0.01123046875,65.499267578125
"5014",-19.125,-72.0625,12.9691423688616,0.00830078125,68.879150390625
"5015",-19.125,-71.9375,14.72668153606,0.00244140625,69.35498046875
"5016",-19.125,-71.8125,14.7039945254772,0.166015625,76.552490234375
"5017",-19.125,-71.6875,21.3071609246926,0.1376953125,72.599609375
"5018",-19.125,-71.5625,16.213232421875,1.78173828125,29.6416015625
"5019",-18.875,-72.9375,11.2263150744968,8.32314300537109,13.6336584091187
"5020",-18.875,-72.8125,9.94802827101487,5.14055252075195,13.3956718444824
"5021",-18.875,-72.6875,14.2341283957163,0.678070068359375,41.9547119140625
"5022",-18.875,-72.5625,16.8392405790441,0.487060546875,42.3046875
"5023",-18.875,-72.4375,16.1594287602588,0.133544921875,96.299072265625
"5024",-18.875,-72.3125,10.8869862074263,0.014404296875,45.793701171875
"5025",-18.875,-72.1875,12.0953668160122,0.010009765625,52.5556640625
"5026",-18.875,-72.0625,13.4201421493139,0.000732421875,70.9072265625
"5027",-18.875,-71.9375,13.9532459003095,0.0146484375,70.4873046875
"5028",-18.875,-71.8125,15.2680604117257,0.01025390625,77.4951171875
"5029",-18.875,-71.6875,18.408120209316,0.173095703125,66.869384765625
"5030",-18.875,-71.5625,15.4267316545759,0.340576171875,35.314208984375
"5031",-18.875,-71.4375,12.4041612413194,0.44091796875,31.1103515625
"5032",-18.625,-72.8125,5.41041035122342,1.97614192962646,13.4970769882202
"5033",-18.625,-72.6875,12.0706674081308,0.045928955078125,46.7506408691406
"5034",-18.625,-72.5625,17.4539928436279,0.1063232421875,64.0382080078125
"5035",-18.625,-72.4375,16.9707950058804,0.082763671875,76.158447265625
"5036",-18.625,-72.3125,11.9873950387549,0.112548828125,53.458740234375
"5037",-18.625,-72.1875,12.1812433792373,0.054443359375,53.047119140625
"5038",-18.625,-72.0625,12.4860412483997,0.011474609375,51.92236328125
"5039",-18.625,-71.9375,14.6293487101356,0.021728515625,76.2001953125
"5040",-18.625,-71.8125,13.8480595587065,0.006591796875,79.681884765625
"5041",-18.625,-71.6875,18.2959737332068,0.059326171875,65.546142578125
"5042",-18.625,-71.5625,20.7420950224905,0.117431640625,69.270751953125
"5043",-18.625,-71.4375,18.7975135216346,0.1865234375,37.65087890625
"5044",-18.625,-71.3125,19.9576009114583,2.0498046875,37.34130859375
"5045",-18.375,-72.8125,6.25136637687683,5.39948749542236,7.1032452583313
"5046",-18.375,-72.6875,11.0190375688914,0.830585479736328,23.5083637237549
"5047",-18.375,-72.5625,26.8584708770116,0.5443115234375,84.63916015625
"5048",-18.375,-72.4375,24.032491432046,0.067138671875,74.080810546875
"5049",-18.375,-72.3125,17.9688912383781,0.031005859375,69.269287109375
"5050",-18.375,-72.1875,11.3700783193408,0.050048828125,42.43017578125
"5051",-18.375,-72.0625,12.4392878694354,0.108154296875,51.84423828125
"5052",-18.375,-71.9375,13.901197611992,0.049072265625,80.8095703125
"5053",-18.375,-71.8125,14.5980299112383,0.010498046875,73.253662109375
"5054",-18.375,-71.6875,14.5249807184393,0.043701171875,76.958740234375
"5055",-18.375,-71.5625,16.6167937802597,0.1201171875,66.88232421875
"5056",-18.375,-71.4375,22.8598373088431,0.033935546875,63.697021484375
"5057",-18.375,-71.3125,18.0549641927083,0.1455078125,43.5927734375
"5058",-18.375,-71.1875,7.420654296875,2.93212890625,11.9091796875
"5059",-18.125,-72.6875,16.40680809021,9.96864128112793,22.9351139068604
"5060",-18.125,-72.5625,70.0919198378539,0.643951416015625,296.776611328125
"5061",-18.125,-72.4375,32.6595301474294,2.7396240234375,100.562866210938
"5062",-18.125,-72.3125,21.9678039550781,0.5146484375,69.46337890625
"5063",-18.125,-72.1875,12.9213028422163,0.06201171875,79.02978515625
"5064",-18.125,-72.0625,12.0170288085938,0.013427734375,43.78369140625
"5065",-18.125,-71.9375,12.9375390244274,0.003662109375,57.73876953125
"5066",-18.125,-71.8125,14.0882923270453,0.0224609375,78.2646484375
"5067",-18.125,-71.6875,12.8421110688236,0.069580078125,74.600830078125
"5068",-18.125,-71.5625,14.1496960404174,0.0302734375,58.355712890625
"5069",-18.125,-71.4375,17.1354957436616,0.00244140625,64.913330078125
"5070",-18.125,-71.3125,24.7519871911337,0.001220703125,63.552734375
"5071",-18.125,-71.1875,21.0506155831473,0.00537109375,44.874755859375
"5072",-18.125,-71.0625,9.86669921875,5.44091796875,14.29248046875
"5073",-17.875,-72.5625,98.3848965772942,1.9234619140625,244.9169921875
"5074",-17.875,-72.4375,63.8524275154903,5.4053955078125,193.908721923828
"5075",-17.875,-72.3125,25.2182187362456,3.6619873046875,70.2420654296875
"5076",-17.875,-72.1875,15.870155843099,0.16845703125,93.548828125
"5077",-17.875,-72.0625,12.1730586033241,0.367919921875,37.526611328125
"5078",-17.875,-71.9375,11.6993292689019,0.03564453125,48.621826171875
"5079",-17.875,-71.8125,13.7147630105807,0.034912109375,64.459716796875
"5080",-17.875,-71.6875,14.5934745815725,0.01953125,75.62451171875
"5081",-17.875,-71.5625,11.2969888143493,0.00390625,69.47509765625
"5082",-17.875,-71.4375,16.0923959337142,0.11083984375,64.26318359375
"5083",-17.875,-71.3125,24.4910669571314,0.00244140625,64.971435546875
"5084",-17.875,-71.1875,24.7758944896941,1.0615234375,67.852783203125
"5085",-17.875,-71.0625,20.6982852711397,0.02392578125,39.11279296875
"5086",-17.625,-72.5625,117.598809348212,13.5092887878418,207.923553466797
"5087",-17.625,-72.4375,120.552933304398,14.4254150390625,209.807846069336
"5088",-17.625,-72.3125,25.2245573820891,0.4544677734375,99.131103515625
"5089",-17.625,-72.1875,20.0632203489869,0.02099609375,94.7867431640625
"5090",-17.625,-72.0625,13.9513460484947,0.099609375,47.132568359375
"5091",-17.625,-71.9375,11.7890081325499,0.046142578125,42.369873046875
"5092",-17.625,-71.8125,12.987997231596,0.00390625,62.62109375
"5093",-17.625,-71.6875,15.6560667929752,0.00244140625,76.688232421875
"5094",-17.625,-71.5625,11.5248823731467,0.00439453125,59.032470703125
"5095",-17.625,-71.4375,11.7132067228618,0.028076171875,66.808349609375
"5096",-17.625,-71.3125,21.508459020544,0.310791015625,66.15576171875
"5097",-17.625,-71.1875,25.548042192851,0.033203125,68.058349609375
"5098",-17.625,-71.0625,24.9281652113971,0.07470703125,63.01611328125
"5099",-17.625,-70.9375,17.800048828125,0.21630859375,42.30517578125
"5100",-17.375,-72.5625,113.994033813477,113.994033813477,113.994033813477
"5101",-17.375,-72.4375,134.616319444444,28.1390991210938,231.875503540039
"5102",-17.375,-72.3125,37.8771283549647,5.462890625,104.517028808594
"5103",-17.375,-72.1875,25.4975567441998,0.5341796875,95.389892578125
"5104",-17.375,-72.0625,15.4213033822867,0.01513671875,51.14453125
"5105",-17.375,-71.9375,12.3292985395952,0.011474609375,41.056640625
"5106",-17.375,-71.8125,12.5476397583816,0.001953125,46.319091796875
"5107",-17.375,-71.6875,15.8248625978361,0.09375,77.48388671875
"5108",-17.375,-71.5625,13.7663767597463,0.0029296875,80.05615234375
"5109",-17.375,-71.4375,11.2021011635859,0.02685546875,64.28076171875
"5110",-17.375,-71.3125,17.1627884910617,0.10009765625,67.462158203125
"5111",-17.375,-71.1875,21.6339379287348,0.167236328125,67.22509765625
"5112",-17.375,-71.0625,24.5650390625,0.16162109375,63.41748046875
"5113",-17.375,-70.9375,21.3156941731771,0.1513671875,49.18310546875
"5114",-17.125,-72.4375,242.715803833008,27.6376342773438,288.617553710938
"5115",-17.125,-72.3125,76.4742431640625,7.763671875,263.6298828125
"5116",-17.125,-72.1875,31.7988250732422,4.37353515625,95.361328125
"5117",-17.125,-72.0625,19.4061017717634,0.07666015625,74.1055908203125
"5118",-17.125,-71.9375,15.9984590970553,0.0958251953125,57.7242431640625
"5119",-17.125,-71.8125,12.3790310946378,0.0615234375,43.32421875
"5120",-17.125,-71.6875,13.0642882432983,0.041259765625,65.142578125
"5121",-17.125,-71.5625,15.0774481947498,0.007568359375,87.2587890625
"5122",-17.125,-71.4375,13.7236662509024,0.01806640625,76.17919921875
"5123",-17.125,-71.3125,13.4570795781783,0.04736328125,74.29833984375
"5124",-17.125,-71.1875,20.3731790682165,0.315673828125,67.58984375
"5125",-17.125,-71.0625,18.6995064871652,1.233642578125,60.750244140625
"5126",-17.125,-70.9375,25.7373467807112,0.044921875,53.84130859375
"5127",-17.125,-70.8125,12.1351453993056,0.31494140625,32.962890625
"5128",-17.125,-70.6875,0.23974609375,0.23974609375,0.23974609375
"5129",-16.875,-72.4375,214.686630249023,102.446044921875,298.996459960938
"5130",-16.875,-72.3125,136.289028833783,19.9151611328125,325.480865478516
"5131",-16.875,-72.1875,44.9578348795573,8.15771484375,260.277770996094
"5132",-16.875,-72.0625,27.1055310837766,1.5645751953125,92.98974609375
"5133",-16.875,-71.9375,22.2961103066631,0.197509765625,75.7935791015625
"5134",-16.875,-71.8125,14.4019709207925,0.369384765625,50.115478515625
"5135",-16.875,-71.6875,12.8294514973958,0.21923828125,49.85693359375
"5136",-16.875,-71.5625,14.7417680044023,0.052978515625,81.906005859375
"5137",-16.875,-71.4375,18.367839833416,0.01123046875,90.220703125
"5138",-16.875,-71.3125,13.5262721076084,0.047119140625,72.94921875
"5139",-16.875,-71.1875,17.135172819833,0.082763671875,71.656982421875
"5140",-16.875,-71.0625,18.4100141133348,0.00537109375,54.1943359375
"5141",-16.875,-70.9375,22.0422896461925,0.203125,66.948974609375
"5142",-16.875,-70.8125,20.1550514914773,0.0419921875,54.017578125
"5143",-16.875,-70.6875,1.63492838541667,0.853515625,2.52001953125
"5144",-16.625,-72.3125,235.040589396159,40.4056396484375,342.828552246094
"5145",-16.625,-72.1875,117.728321838379,8.8021240234375,302.395538330078
"5146",-16.625,-72.0625,60.3639053836946,11.5999755859375,118.265869140625
"5147",-16.625,-71.9375,33.4888541929183,0.0042724609375,104.337219238281
"5148",-16.625,-71.8125,16.1060864678745,0.45947265625,55.72216796875
"5149",-16.625,-71.6875,11.4964691490255,0.0234375,41.274658203125
"5150",-16.625,-71.5625,14.2376475816362,0.102783203125,55.41943359375
"5151",-16.625,-71.4375,17.5672807902315,0.092041015625,89.099365234375
"5152",-16.625,-71.3125,16.7984529820884,0.024658203125,80.081298828125
"5153",-16.625,-71.1875,15.0516379849491,0.000244140625,71.5
"5154",-16.625,-71.0625,18.6977734787052,0.03125,65.649658203125
"5155",-16.625,-70.9375,17.4359261648996,0.23828125,69.80517578125
"5156",-16.625,-70.8125,23.5221961069915,0.4912109375,51.7978515625
"5157",-16.625,-70.6875,7.46202256944444,0.072265625,38.951171875
"5158",-16.625,-70.5625,1.4140625,1.4140625,1.4140625
"5159",-16.375,-72.3125,201.487274169922,65.7843170166016,285.157501220703
"5160",-16.375,-72.1875,227.909904988607,82.5996704101562,282.949096679688
"5161",-16.375,-72.0625,173.800964991252,22.3113403320312,298.178375244141
"5162",-16.375,-71.9375,33.4276781584087,2.3790283203125,101.406311035156
"5163",-16.375,-71.8125,15.5828499842172,2.6990966796875,52.131591796875
"5164",-16.375,-71.6875,11.4622863769531,0.0390625,32.328857421875
"5165",-16.375,-71.5625,13.9246863323709,0.022216796875,53.88720703125
"5166",-16.375,-71.4375,17.8666305921564,0.109375,77.510009765625
"5167",-16.375,-71.3125,18.5283860633968,0.053955078125,83.917724609375
"5168",-16.375,-71.1875,15.4860518292683,0.014892578125,71.449951171875
"5169",-16.375,-71.0625,17.6101015033144,0.019287109375,73.1494140625
"5170",-16.375,-70.9375,17.670170375279,0.021240234375,71.3037109375
"5171",-16.375,-70.8125,18.5031135110294,0.0791015625,45.353515625
"5172",-16.375,-70.6875,17.6179827008929,0.14990234375,46.36181640625
"5173",-16.375,-70.5625,3.52685546875,0.33056640625,7.52001953125
"5174",-16.125,-72.1875,259.062088012695,239.964050292969,278.107269287109
"5175",-16.125,-72.0625,277.132469459816,226.77587890625,317.144134521484
"5176",-16.125,-71.9375,59.2031239100865,16.1669311523438,309.066253662109
"5177",-16.125,-71.8125,16.8014968345905,2.10107421875,41.7603759765625
"5178",-16.125,-71.6875,15.1920186705508,0.665283203125,61.8460693359375
"5179",-16.125,-71.5625,13.6507127331149,0.5643310546875,51.439697265625
"5180",-16.125,-71.4375,14.756793891059,0.35546875,53.49658203125
"5181",-16.125,-71.3125,17.3744969028282,0.0068359375,74.16943359375
"5182",-16.125,-71.1875,17.6172787873641,0.0068359375,74.715087890625
"5183",-16.125,-71.0625,17.3060231655459,0.002685546875,76.56005859375
"5184",-16.125,-70.9375,17.9474577356557,0.042724609375,65.3828125
"5185",-16.125,-70.8125,15.7434747869318,0.434326171875,43.021484375
"5186",-16.125,-70.6875,22.423720941311,0.037109375,50.533203125
"5187",-16.125,-70.5625,7.84611002604167,0.31298828125,21.32421875
"5188",-15.875,-72.0625,280.821989695231,230.228439331055,319.570739746094
"5189",-15.875,-71.9375,255.698237101237,17.0404052734375,308.002380371094
"5190",-15.875,-71.8125,20.6476275469806,6.7264404296875,45.20263671875
"5191",-15.875,-71.6875,17.910852380701,0.906005859375,50.75634765625
"5192",-15.875,-71.5625,14.9827445503715,0.8671875,58.728515625
"5193",-15.875,-71.4375,14.116152505739,0.71435546875,51.281982421875
"5194",-15.875,-71.3125,17.840603049742,0.228271484375,63.88037109375
"5195",-15.875,-71.1875,18.1908439703747,0.123046875,68.74658203125
"5196",-15.875,-71.0625,16.5487173574942,0.047119140625,75.70166015625
"5197",-15.875,-70.9375,17.074697181196,0.038330078125,69.732421875
"5198",-15.875,-70.8125,14.5164157006048,0.080810546875,60.154296875
"5199",-15.875,-70.6875,21.0741261449353,0.6640625,51.35986328125
"5200",-15.875,-70.5625,9.77755859375,0.40478515625,19.86669921875
"5201",-15.875,-70.4375,9.09619140625,1.89306640625,16.4970703125
"5202",-15.625,-72.0625,270.142402648926,250.269958496094,286.508483886719
"5203",-15.625,-71.9375,241.852558680943,221.250900268555,277.970611572266
"5204",-15.625,-71.8125,32.6649780273438,26.7711181640625,38.40185546875
"5205",-15.625,-71.6875,19.1985554245283,6.2103271484375,39.108154296875
"5206",-15.625,-71.5625,15.0577898455096,0.0626220703125,49.7666015625
"5207",-15.625,-71.4375,12.228223717731,0.1103515625,48.557373046875
"5208",-15.625,-71.3125,17.3246901939655,0.0224609375,64.64111328125
"5209",-15.625,-71.1875,18.2026377488792,0.0302734375,70.24072265625
"5210",-15.625,-71.0625,17.0651569891413,0.01611328125,78.122314453125
"5211",-15.625,-70.9375,14.7997169686322,0.002197265625,76.513427734375
"5212",-15.625,-70.8125,12.9388864094316,0.015380859375,49.95703125
"5213",-15.625,-70.6875,17.2578951927923,0.156982421875,45.7431640625
"5214",-15.625,-70.5625,14.6213012695312,0.57275390625,40.6953125
"5215",-15.625,-70.4375,14.45185546875,4.81787109375,18.65478515625
"5216",-15.375,-72.0625,251.767530653212,208.826873779297,281.942962646484
"5217",-15.375,-71.9375,257.74129486084,243.624862670898,275.448425292969
"5218",-15.375,-71.6875,18.5848388671875,12.449951171875,27.3297119140625
"5219",-15.375,-71.5625,14.8001348776895,3.3837890625,38.728515625
"5220",-15.375,-71.4375,11.0127671856746,0.24365234375,38.8525390625
"5221",-15.375,-71.3125,15.8968015796077,0.07568359375,50.728759765625
"5222",-15.375,-71.1875,16.683101572889,0.189208984375,62.985107421875
"5223",-15.375,-71.0625,17.7821944261112,0.047119140625,79.76123046875
"5224",-15.375,-70.9375,12.4883273654514,0.0166015625,80.4677734375
"5225",-15.375,-70.8125,14.013913590387,0.02001953125,65.88525390625
"5226",-15.375,-70.6875,16.440376508354,1.021728515625,49.65087890625
"5227",-15.375,-70.5625,13.5117563100962,0.2568359375,40.65185546875
"5228",-15.375,-70.4375,15.01904296875,5.36865234375,24.396484375
"5229",-15.125,-72.0625,214.219365437826,208.682876586914,218.188751220703
"5230",-15.125,-71.5625,12.9726155598958,10.1326904296875,16.883056640625
"5231",-15.125,-71.4375,11.5083479680935,2.37646484375,37.037353515625
"5232",-15.125,-71.3125,16.5128077817767,1.569580078125,55.59033203125
"5233",-15.125,-71.1875,15.0793619791667,0.089599609375,48.9375
"5234",-15.125,-71.0625,17.6880275997776,0.218505859375,74.3466796875
"5235",-15.125,-70.9375,12.9588900138995,0.023193359375,81.8681640625
"5236",-15.125,-70.8125,13.260730245839,0.011474609375,74.375244140625
"5237",-15.125,-70.6875,15.9102070443582,0.38232421875,50.180419921875
"5238",-15.125,-70.5625,15.5962890625,1.283203125,46.15087890625
"5239",-15.125,-70.4375,11.8310546875,1.51123046875,21.4189453125
"5240",-15.125,-70.3125,14.38916015625,13.8642578125,14.9140625
"5241",-14.875,-72.0625,191.05983988444,188.350677490234,195.131103515625
"5242",-14.875,-71.4375,15.9873046875,9.481689453125,28.521240234375
"5243",-14.875,-71.3125,16.1543782552083,0.055908203125,52.80810546875
"5244",-14.875,-71.1875,13.1642170815013,0.516357421875,44.989013671875
"5245",-14.875,-71.0625,18.1064562345806,0,74.157958984375
"5246",-14.875,-70.9375,17.3265933332772,0.01123046875,82.841796875
"5247",-14.875,-70.8125,12.8906285903033,0.001953125,88.579345703125
"5248",-14.875,-70.6875,16.5810303791261,0.336181640625,49.16748046875
"5249",-14.875,-70.5625,13.9615523726852,0.73486328125,44.580078125
"5250",-14.875,-70.4375,7.69220955141129,0.00634765625,17.0302734375
"5251",-14.875,-70.3125,7.2048828125,3.27783203125,9.70751953125
"5252",-14.625,-72.0625,176.758059692383,170.289901733398,182.663604736328
"5253",-14.625,-71.3125,13.6701185438368,1.452880859375,26.7568359375
"5254",-14.625,-71.1875,12.4790163201801,0.87646484375,40.22705078125
"5255",-14.625,-71.0625,15.3445181683217,0.01806640625,57.61328125
"5256",-14.625,-70.9375,20.6800272523476,0.07177734375,86.88720703125
"5257",-14.625,-70.8125,16.2810848335598,0.02587890625,100.468994140625
"5258",-14.625,-70.6875,14.1306290723052,0.030029296875,54.45849609375
"5259",-14.625,-70.5625,10.283795771708,0.232177734375,42.02001953125
"5260",-14.625,-70.4375,9.94693656589674,1.45458984375,38.65478515625
"5261",-14.625,-70.3125,4.03336588541667,0.1611328125,9.26416015625
"5262",-14.375,-72.0625,169.188064575195,169.188064575195,169.188064575195
"5263",-14.375,-71.9375,175.893272399902,175.699005126953,176.087539672852
"5264",-14.375,-71.1875,10.4961620043683,0.1513671875,23.238525390625
"5265",-14.375,-71.0625,13.8814296875,0.128173828125,42.691650390625
"5266",-14.375,-70.9375,22.1574561709449,0.024169921875,78.482177734375
"5267",-14.375,-70.8125,18.650152781653,0.028564453125,103.679931640625
"5268",-14.375,-70.6875,10.5792766881073,0.027099609375,57.49560546875
"5269",-14.375,-70.5625,11.0696459137992,0.01611328125,55.0673828125
"5270",-14.375,-70.4375,11.5040618896484,0.20166015625,38.9384765625
"5271",-14.375,-70.3125,8.92731843171296,0.18115234375,24.9560546875
"5272",-14.375,-70.1875,4.133203125,0.8525390625,6.64013671875
"5273",-14.125,-71.9375,176.098932902018,174.823348999023,177.383148193359
"5274",-14.125,-71.1875,11.60576171875,9.197509765625,13.195556640625
"5275",-14.125,-71.0625,11.1848520132212,2.097412109375,36.58935546875
"5276",-14.125,-70.9375,20.7464899782275,0.373291015625,75.566162109375
"5277",-14.125,-70.8125,16.9403041161269,0.07470703125,97.844970703125
"5278",-14.125,-70.6875,9.68416237145567,0.046142578125,52.201904296875
"5279",-14.125,-70.5625,14.3195918723581,0.012939453125,62.180908203125
"5280",-14.125,-70.4375,11.8964228269433,0.24658203125,40.886474609375
"5281",-14.125,-70.3125,8.63284013856132,0.01953125,31.4130859375
"5282",-14.125,-70.1875,7.97884114583333,1.31689453125,19.82177734375
"5283",-13.875,-71.9375,167.088310241699,161.635009765625,172.541610717773
"5284",-13.875,-71.0625,14.2844401041667,2.55126953125,21.712890625
"5285",-13.875,-70.9375,16.5751935686384,0.96484375,62.98095703125
"5286",-13.875,-70.8125,18.510030569588,0.015869140625,91.957275390625
"5287",-13.875,-70.6875,12.2518102517082,0.003173828125,59.533935546875
"5288",-13.875,-70.5625,13.5834798812866,0.027587890625,64.897216796875
"5289",-13.875,-70.4375,14.2624915256973,0.2275390625,64.466064453125
"5290",-13.875,-70.3125,10.2334436487269,0.02880859375,33.4189453125
"5291",-13.875,-70.1875,5.75470842633929,0.12939453125,25.85205078125
"5292",-13.625,-71.9375,153.355590820312,150.334259033203,156.376922607422
"5293",-13.625,-71.8125,146.234039306641,146.234039306641,146.234039306641
"5294",-13.625,-71.0625,13.6020914713542,3.233154296875,20.04052734375
"5295",-13.625,-70.9375,16.7422136579241,0.41162109375,50.384033203125
"5296",-13.625,-70.8125,16.9780147776884,0.044677734375,96.225341796875
"5297",-13.625,-70.6875,14.8783159285507,0.065673828125,62.92919921875
"5298",-13.625,-70.5625,13.3687877006271,0.0498046875,57.61181640625
"5299",-13.625,-70.4375,16.6379170034124,0.429931640625,66.78564453125
"5300",-13.625,-70.3125,11.5574263139205,0.39306640625,36.363525390625
"5301",-13.625,-70.1875,7.7578125,0.29931640625,32.01025390625
"5302",-13.625,-70.0625,1.23681640625,1.23681640625,1.23681640625
"5303",-13.375,-71.8125,161.888404846191,148.629425048828,169.86181640625
"5304",-13.375,-71.6875,153.226276397705,131.310424804688,170.563613891602
"5305",-13.375,-71.5625,245.192643907335,123.649475097656,305.004913330078
"5306",-13.375,-71.0625,14.5043334960938,13.2838134765625,15.724853515625
"5307",-13.375,-70.9375,14.63720703125,0.169921875,35.327880859375
"5308",-13.375,-70.8125,20.867628194518,0.18603515625,96.2451171875
"5309",-13.375,-70.6875,17.5110452044815,0.043701171875,97.14453125
"5310",-13.375,-70.5625,13.9930686950684,0.107666015625,66.642822265625
"5311",-13.375,-70.4375,14.6965851479388,0.004638671875,62.292236328125
"5312",-13.375,-70.3125,14.2800957174862,0.033447265625,50.773193359375
"5313",-13.375,-70.1875,10.3092151988636,0.65283203125,39.46875
"5314",-13.375,-70.0625,4.16208367598684,0.12158203125,15.36279296875
"5315",-13.125,-71.5625,253.105133056641,228.632339477539,261.900451660156
"5316",-13.125,-70.9375,12.4839375813802,0.8133544921875,20.1597900390625
"5317",-13.125,-70.8125,18.7522288809577,0.040771484375,75.59619140625
"5318",-13.125,-70.6875,16.3529192509542,0.05419921875,89.498046875
"5319",-13.125,-70.5625,14.5072483372044,0.00634765625,72.35595703125
"5320",-13.125,-70.4375,13.4391069003857,0.005859375,55.257568359375
"5321",-13.125,-70.3125,17.12291015625,0.636962890625,56.158203125
"5322",-13.125,-70.1875,12.375321821733,0.0107421875,34.2607421875
"5323",-13.125,-70.0625,9.31202210771277,0.0087890625,31.39013671875
"5324",-13.125,-69.9375,3.80029296875,0.90673828125,5.9150390625
"5325",-12.875,-70.9375,10.6322021484375,4.63916015625,19.1397705078125
"5326",-12.875,-70.8125,15.2124115566038,0.113037109375,45.3232421875
"5327",-12.875,-70.6875,17.5451514400653,0.079833984375,82.114501953125
"5328",-12.875,-70.5625,14.5230086293964,0.023681640625,74.205078125
"5329",-12.875,-70.4375,12.120189525463,0.083740234375,48.352294921875
"5330",-12.875,-70.3125,17.6733756510417,0.200439453125,61.435791015625
"5331",-12.875,-70.1875,14.8942503210616,0.26806640625,43.360107421875
"5332",-12.875,-70.0625,10.5121751868207,0.049072265625,30.9541015625
"5333",-12.875,-69.9375,5.24272017045455,0.478515625,15.212890625
"5334",-12.625,-70.8125,11.1498690518466,1.8642578125,25.29248046875
"5335",-12.625,-70.6875,15.2036646792763,0.509521484375,40.797607421875
"5336",-12.625,-70.5625,16.0396249181937,0.4140625,69.787841796875
"5337",-12.625,-70.4375,12.3581584000788,0.001708984375,64.888671875
"5338",-12.625,-70.3125,16.3536070478723,0.055419921875,55.148681640625
"5339",-12.625,-70.1875,15.5855011892791,0.835205078125,62.330810546875
"5340",-12.625,-70.0625,11.4613813920455,0.425048828125,35.794189453125
"5341",-12.625,-69.9375,7.53883539244186,0.19482421875,28.3232421875
"5342",-12.625,-69.8125,3.6595703125,0.1220703125,6.44287109375
"5343",-12.375,-70.6875,14.5471888950893,1.951416015625,39.974853515625
"5344",-12.375,-70.5625,15.0799068874783,0.1834716796875,67.81103515625
"5345",-12.375,-70.4375,14.9447777724848,0.336181640625,62.709716796875
"5346",-12.375,-70.3125,14.7577072071238,0.137451171875,54.54541015625
"5347",-12.375,-70.1875,14.61779296875,0.190673828125,48.489013671875
"5348",-12.375,-70.0625,11.0711712015086,0.029052734375,28.494873046875
"5349",-12.375,-69.9375,8.8908926156851,0.1015625,23.1962890625
"5350",-12.375,-69.8125,6.10018643465909,0.931640625,20.439453125
"5351",-12.125,-70.6875,10.7932739257812,3.2076416015625,17.874267578125
"5352",-12.125,-70.5625,14.3467845916748,0.8880615234375,41.4552001953125
"5353",-12.125,-70.4375,12.052440344769,0.0732421875,46.3994140625
"5354",-12.125,-70.3125,14.6691979204299,0.828125,55.570556640625
"5355",-12.125,-70.1875,12.781989788187,0.3125,41.953857421875
"5356",-12.125,-70.0625,14.069884765625,0.701171875,42.415771484375
"5357",-12.125,-69.9375,12.7229714695411,0.1025390625,36.3798828125
"5358",-12.125,-69.8125,7.59564208984375,1.349609375,17.78271484375
"5359",-11.875,-70.5625,13.9630126953125,1.9151611328125,34.0697021484375
"5360",-11.875,-70.4375,14.0179488019245,0.2550048828125,45.230224609375
"5361",-11.875,-70.3125,14.2491625176101,0.54443359375,56.54248046875
"5362",-11.875,-70.1875,11.4682696368243,0.0830078125,33.293212890625
"5363",-11.875,-70.0625,14.7318479859984,0.318603515625,48.322998046875
"5364",-11.875,-69.9375,14.7965578094242,0.76171875,33.740966796875
"5365",-11.875,-69.8125,11.787722120098,1.609375,28.764892578125
"5366",-11.875,-69.6875,13.616943359375,13.25830078125,13.9755859375
"5367",-11.625,-70.4375,14.5323541814631,5.8836669921875,34.6524658203125
"5368",-11.625,-70.3125,13.8066134982639,0.57373046875,54.06494140625
"5369",-11.625,-70.1875,12.4499980038817,0.0517578125,45.639404296875
"5370",-11.625,-70.0625,13.6004704655828,0.42333984375,48.074462890625
"5371",-11.625,-69.9375,14.5597151416843,0.122802734375,38.0234375
"5372",-11.625,-69.8125,12.873658459596,2.302490234375,28.690673828125
"5373",-11.625,-69.6875,12.7432861328125,10.607421875,17.31787109375
"5374",-11.375,-70.4375,29.05419921875,29.05419921875,29.05419921875
"5375",-11.375,-70.3125,12.6092597113715,0.34814453125,29.0784912109375
"5376",-11.375,-70.1875,14.271856035505,0.297607421875,45.466064453125
"5377",-11.375,-70.0625,14.2948064934717,0.65576171875,38.0533447265625
"5378",-11.375,-69.9375,13.7532208643922,0.480712890625,32.513427734375
"5379",-11.375,-69.8125,10.3946955174576,2.067138671875,21.70849609375
"5380",-11.375,-69.6875,10.8623046875,8.708984375,12.90380859375
"5381",-11.125,-70.3125,13.1167602539062,0.3170166015625,29.342529296875
"5382",-11.125,-70.1875,14.4345269097222,0.013671875,30.3018798828125
"5383",-11.125,-70.0625,10.7321070229135,0.593505859375,34.0654296875
"5384",-11.125,-69.9375,12.3169773646763,0.034423828125,30.849853515625
"5385",-11.125,-69.8125,9.99421205478985,0.99267578125,22.8818359375
"5386",-11.125,-69.6875,4.93896484375,4.93896484375,4.93896484375
"5387",-10.875,-70.3125,30.47412109375,30.47412109375,30.47412109375
"5388",-10.875,-70.1875,14.1830333362926,1.06591796875,25.8504638671875
"5389",-10.875,-70.0625,10.2282284007353,1.353271484375,23.95556640625
"5390",-10.875,-69.9375,12.0835463579963,0.17626953125,28.481201171875
"5391",-10.875,-69.8125,12.0397212921627,3.6171875,24.171630859375
"5392",-10.625,-70.1875,16.492822265625,13.406005859375,19.448974609375
"5393",-10.625,-70.0625,12.3856764573317,1.841552734375,23.13720703125
"5394",-10.625,-69.9375,10.2429412841797,2.5234375,21.85546875
"5395",-10.625,-69.8125,10.446051181891,3.460693359375,19.4267578125
"5396",-10.375,-70.0625,16.3065592447917,11.734375,22.90625
"5397",-10.375,-69.9375,10.782476515997,1.72998046875,17.65771484375
"5398",-10.375,-69.8125,9.18430397727273,3.591064453125,15.748779296875
"5399",-10.125,-69.9375,13.6570638020833,10.322509765625,19.861083984375
"5400",-10.125,-69.8125,10.0750275696216,4.013427734375,16.571533203125
