"","x","y","avg","min","max"
"1",-50.125,-50.3125,29.661376953125,29.661376953125,29.661376953125
"2",-50.125,-50.0625,5.8353515625,0,29.1767578125
"3",-49.875,-50.4375,28.951904296875,28.951904296875,28.951904296875
"4",-49.625,-50.5625,25.43017578125,25.43017578125,25.43017578125
"5",-49.375,-50.6875,27.99462890625,23.8916015625,32.09765625
"6",-49.375,-50.4375,33.1669921875,33.1669921875,33.1669921875
"7",-49.125,-50.6875,22.230712890625,22.230712890625,22.230712890625
"8",-49.125,-50.1875,30.719482421875,30.719482421875,30.719482421875
"9",-48.875,-50.9375,37.0888671875,37.0888671875,37.0888671875
"10",-48.875,-50.8125,20.57763671875,20.57763671875,20.57763671875
"11",-48.625,-50.5625,23.5224609375,23.5224609375,23.5224609375
"12",-48.625,-50.4375,29.056884765625,29.056884765625,29.056884765625
"13",-48.375,-51.1875,35.549072265625,35.549072265625,35.549072265625
"14",-48.125,-52.6875,35.207275390625,35.207275390625,35.207275390625
"15",-48.125,-52.5625,39.335693359375,39.335693359375,39.335693359375
"16",-47.875,-52.9375,45.09521484375,45.09521484375,45.09521484375
"17",-47.875,-52.6875,39.7723388671875,37.697265625,41.847412109375
"18",-47.875,-52.5625,39.576904296875,39.576904296875,39.576904296875
"19",-47.875,-52.3125,40.440673828125,40.440673828125,40.440673828125
"20",-47.875,-51.3125,34.291748046875,34.291748046875,34.291748046875
"21",-47.625,-52.9375,38.133544921875,38.133544921875,38.133544921875
"22",-47.625,-52.3125,37.5849609375,37.5849609375,37.5849609375
"23",-47.625,-51.4375,34.978515625,34.978515625,34.978515625
"24",-47.625,-50.4375,11.7138671875,11.7138671875,11.7138671875
"25",-47.625,-50.3125,9.32682291666667,6.38525390625,11.673095703125
"26",-47.625,-50.1875,5.170166015625,5.170166015625,5.170166015625
"27",-47.375,-53.1875,155.430725097656,70.940185546875,239.921264648438
"28",-47.375,-53.0625,234.51953125,227.937255859375,241.101806640625
"29",-47.375,-52.4375,40.377685546875,40.377685546875,40.377685546875
"30",-47.375,-52.3125,37.3273111979167,25.6259765625,44.5634765625
"31",-47.375,-52.1875,27.4365234375,27.4365234375,27.4365234375
"32",-47.375,-52.0625,44.32177734375,44.32177734375,44.32177734375
"33",-47.375,-51.8125,27.256591796875,27.256591796875,27.256591796875
"34",-47.375,-51.5625,32.131591796875,32.131591796875,32.131591796875
"35",-47.375,-50.4375,11.001953125,9.9365234375,12.0673828125
"36",-47.375,-50.3125,11.84912109375,11.84912109375,11.84912109375
"37",-47.375,-50.1875,2.413330078125,2.413330078125,2.413330078125
"38",-47.375,-50.0625,3.661376953125,3.661376953125,3.661376953125
"39",-47.125,-53.1875,170.457458496094,152.455932617188,188.458984375
"40",-47.125,-53.0625,101.623626708984,61.8465576171875,140.416015625
"41",-47.125,-52.9375,153.172424316406,104.68603515625,201.658813476562
"42",-47.125,-52.5625,25.28369140625,25.28369140625,25.28369140625
"43",-47.125,-52.1875,48.24755859375,48.24755859375,48.24755859375
"44",-47.125,-52.0625,29.468505859375,29.468505859375,29.468505859375
"45",-47.125,-51.9375,30.0654296875,30.0654296875,30.0654296875
"46",-47.125,-50.3125,5.64990234375,4.23779296875,7.06201171875
"47",-46.875,-53.3125,131.25,104.7734375,157.7265625
"48",-46.875,-53.1875,115.543579101562,115.543579101562,115.543579101562
"49",-46.875,-53.0625,74.5634765625,67.90625,79.7493896484375
"50",-46.875,-52.9375,97.9369873046875,52.3663330078125,187.821899414062
"51",-46.875,-52.6875,29.363037109375,29.363037109375,29.363037109375
"52",-46.875,-52.4375,45.508056640625,45.508056640625,45.508056640625
"53",-46.875,-52.1875,53.87646484375,53.87646484375,53.87646484375
"54",-46.875,-52.0625,43.75927734375,43.75927734375,43.75927734375
"55",-46.875,-50.1875,2.181640625,2.181640625,2.181640625
"56",-46.875,-50.0625,0.455810546875,0.455810546875,0.455810546875
"57",-46.625,-53.3125,157.573486328125,157.573486328125,157.573486328125
"58",-46.625,-53.0625,95.5130004882812,95.5130004882812,95.5130004882812
"59",-46.625,-52.9375,84.9993024553571,54.4173583984375,185.935791015625
"60",-46.625,-52.6875,29.11865234375,29.11865234375,29.11865234375
"61",-46.625,-52.4375,46.082763671875,44.036376953125,48.129150390625
"62",-46.625,-52.3125,45.564697265625,45.564697265625,45.564697265625
"63",-46.625,-52.1875,36.583984375,36.583984375,36.583984375
"64",-46.625,-50.3125,8.4735107421875,6.822021484375,10.125
"65",-46.625,-50.1875,11.2562120225694,0.033447265625,76.1728515625
"66",-46.625,-50.0625,11.0286865234375,0,100.489501953125
"67",-46.375,-53.4375,174.3291015625,174.3291015625,174.3291015625
"68",-46.375,-53.3125,90.054443359375,90.054443359375,90.054443359375
"69",-46.375,-53.0625,34.5322265625,0.994384765625,71.0970458984375
"70",-46.375,-52.9375,66.9228515625,66.9228515625,66.9228515625
"71",-46.375,-52.8125,153.7998046875,153.7998046875,153.7998046875
"72",-46.375,-52.5625,27.06494140625,26.799560546875,27.330322265625
"73",-46.375,-52.4375,37.5244140625,28.273193359375,46.775634765625
"74",-46.375,-52.1875,52.392822265625,50.89306640625,53.892578125
"75",-46.375,-50.8125,93.671240234375,91.3765869140625,96.4349365234375
"76",-46.375,-50.4375,34.8614624023437,13.01171875,93.8966064453125
"77",-46.375,-50.3125,18.8654296875,6.211181640625,34.811767578125
"78",-46.375,-50.1875,9.09634399414062,1.61669921875,27.691650390625
"79",-46.375,-50.0625,2.240771484375,0,8.748046875
"80",-46.125,-53.4375,154.633178710938,101.009521484375,208.2568359375
"81",-46.125,-53.1875,10.1973876953125,10.1973876953125,10.1973876953125
"82",-46.125,-53.0625,23.2894897460938,0.9052734375,69.0350341796875
"83",-46.125,-52.9375,59.3815673828125,1.9737548828125,96.030517578125
"84",-46.125,-52.5625,240.46630859375,240.46630859375,240.46630859375
"85",-46.125,-52.3125,46.8496907552083,46.1142578125,48.320556640625
"86",-46.125,-50.8125,98.6049194335938,93.238525390625,108.457641601562
"87",-46.125,-50.6875,115.113377162388,99.4193115234375,122.6240234375
"88",-46.125,-50.5625,80.3503011067708,36.4862060546875,109.928588867188
"89",-46.125,-50.4375,31.12841796875,9.407470703125,96.557373046875
"90",-46.125,-50.3125,23.4219156901042,0.199462890625,82.378662109375
"91",-46.125,-50.1875,9.03912353515625,1.1025390625,16.89013671875
"92",-46.125,-50.0625,23.5792410714286,0,97.401123046875
"93",-45.875,-53.4375,115.80126953125,115.80126953125,115.80126953125
"94",-45.875,-53.1875,29.8517659505208,7.471435546875,58.177001953125
"95",-45.875,-53.0625,29.9694137573242,0.132568359375,102.095703125
"96",-45.875,-52.9375,15.4401157924107,1.06005859375,57.3583984375
"97",-45.875,-52.8125,44.0693184988839,9.55126953125,263.009033203125
"98",-45.875,-52.6875,27.3602159288194,0.573974609375,139.87841796875
"99",-45.875,-52.5625,11.5209147135417,0.092529296875,31.75390625
"100",-45.875,-52.4375,16.471923828125,6.5478515625,23.6845703125
"101",-45.875,-52.3125,69.8875,4.4580078125,247.8798828125
"102",-45.875,-52.1875,51.8219401041667,47.908203125,54.666015625
"103",-45.875,-51.1875,63.859375,63.859375,63.859375
"104",-45.875,-50.6875,113.561676025391,108.253295898438,121.069580078125
"105",-45.875,-50.5625,28.5688032670455,1.3447265625,117.03369140625
"106",-45.875,-50.4375,18.9000396728516,0.3248291015625,40.1124267578125
"107",-45.875,-50.3125,5.25848388671875,0.68994140625,13.6630859375
"108",-45.875,-50.1875,9.69576009114583,0.109130859375,40.35009765625
"109",-45.875,-50.0625,0.237548828125,0,0.712646484375
"110",-45.625,-53.3125,93.7752380371094,19.3184814453125,218.658935546875
"111",-45.625,-53.1875,28.1318502987132,3.40771484375,90.451171875
"112",-45.625,-53.0625,10.2835896809896,1.252197265625,24.6343994140625
"113",-45.625,-52.9375,136.080919053819,5.7431640625,401.229248046875
"114",-45.625,-52.8125,52.8127790178571,0.527099609375,368.178466796875
"115",-45.625,-52.6875,45.3418907752404,0.1171875,145.168212890625
"116",-45.625,-52.5625,12.0084635416667,0.36181640625,27.64599609375
"117",-45.625,-52.4375,49.5298665364583,4.409912109375,130.583740234375
"118",-45.625,-52.3125,18.5077514648438,12.108642578125,25.87158203125
"119",-45.625,-52.1875,34.40673828125,8.786865234375,58.606689453125
"120",-45.625,-51.9375,57.564453125,57.564453125,57.564453125
"121",-45.625,-51.8125,52.638916015625,52.638916015625,52.638916015625
"122",-45.625,-51.5625,52.5537109375,52.388671875,52.71875
"123",-45.625,-51.4375,60.5572102864583,58.8720703125,63.927490234375
"124",-45.625,-51.3125,62.208984375,62.208984375,62.208984375
"125",-45.625,-51.1875,61.145263671875,61.145263671875,61.145263671875
"126",-45.625,-51.0625,65.55224609375,63.505615234375,67.598876953125
"127",-45.625,-50.9375,75.9674479166667,68.211669921875,85.396240234375
"128",-45.625,-50.6875,106.176177978516,100.603881835938,115.3017578125
"129",-45.625,-50.5625,16.1585998535156,0.6468505859375,33.44482421875
"130",-45.625,-50.4375,24.3890702097039,0.02783203125,151.324096679688
"131",-45.625,-50.3125,20.9455373663651,0.91650390625,138.061767578125
"132",-45.625,-50.1875,79.9345245361328,2.5693359375,416.963500976562
"133",-45.625,-50.0625,64.3486328125,0,439.60986328125
"134",-45.375,-53.5625,3.150634765625,3.150634765625,3.150634765625
"135",-45.375,-53.4375,52.277197265625,10.460205078125,172.113037109375
"136",-45.375,-53.3125,49.8283284505208,15.2010498046875,77.8021240234375
"137",-45.375,-53.1875,44.0468937800481,8.573486328125,241.959838867188
"138",-45.375,-53.0625,114.044132486979,10.69970703125,412.087890625
"139",-45.375,-52.9375,62.8670365767045,0.57177734375,289.225341796875
"140",-45.375,-52.8125,44.7245124368107,0.3388671875,358.655029296875
"141",-45.375,-52.6875,30.5521031821646,0.77099609375,164.75634765625
"142",-45.375,-52.5625,20.3291330645161,0.5205078125,116.293701171875
"143",-45.375,-52.4375,34.6138509114583,2.468994140625,73.773193359375
"144",-45.375,-52.3125,35.1399739583333,14.788330078125,75.830078125
"145",-45.375,-52.1875,95.5391845703125,10.86181640625,267.91162109375
"146",-45.375,-52.0625,45.49267578125,31.28125,59.7041015625
"147",-45.375,-51.9375,39.7393798828125,36.491455078125,42.9873046875
"148",-45.375,-51.8125,39.519287109375,39.519287109375,39.519287109375
"149",-45.375,-51.6875,43.3458251953125,40.264892578125,46.4267578125
"150",-45.375,-51.5625,49.063720703125,49.063720703125,49.063720703125
"151",-45.375,-50.9375,79.1390991210938,75.84716796875,82.4310302734375
"152",-45.375,-50.8125,100.425903320312,98.256103515625,102.595703125
"153",-45.375,-50.6875,50.7088012695312,0.773681640625,103.61083984375
"154",-45.375,-50.5625,31.477099609375,0.7156982421875,66.06787109375
"155",-45.375,-50.4375,66.4804103685462,0.21044921875,514.577514648438
"156",-45.375,-50.3125,36.4579816545759,1.7578125,144.02978515625
"157",-45.375,-50.1875,18.9213481702303,0.428955078125,78.981689453125
"158",-45.375,-50.0625,26.9788295200893,0,88.380859375
"159",-45.125,-53.8125,10.573828125,0.0087890625,32.90673828125
"160",-45.125,-53.6875,9.15535481770833,0.88232421875,29.74560546875
"161",-45.125,-53.5625,25.9851771763393,6.41015625,41.35302734375
"162",-45.125,-53.4375,103.442041015625,3.46728515625,432.87060546875
"163",-45.125,-53.3125,63.2232666015625,5.5657958984375,379.792602539062
"164",-45.125,-53.1875,107.430318580483,5.639892578125,555.408325195312
"165",-45.125,-53.0625,79.8948002567998,1.77490234375,480.835693359375
"166",-45.125,-52.9375,38.1586748543432,0.10986328125,306.24951171875
"167",-45.125,-52.8125,34.2434533160666,1.4580078125,327.69970703125
"168",-45.125,-52.6875,35.0108853044181,0.3115234375,156.311767578125
"169",-45.125,-52.5625,25.0360389122596,0.6708984375,126.694091796875
"170",-45.125,-52.4375,17.8978135850694,2.760009765625,48.103515625
"171",-45.125,-52.3125,60.6983778211806,18.6435546875,135.604248046875
"172",-45.125,-52.1875,47.3724772135417,36.88818359375,53.20849609375
"173",-45.125,-52.0625,41.2194010416667,25.20654296875,52.806640625
"174",-45.125,-51.9375,30.6044921875,30.6044921875,30.6044921875
"175",-45.125,-51.8125,37.92578125,37.92578125,37.92578125
"176",-45.125,-51.6875,41.0604248046875,36.33837890625,45.782470703125
"177",-45.125,-51.5625,80.9427490234375,79.447998046875,82.4375
"178",-45.125,-51.4375,83.268798828125,83.268798828125,83.268798828125
"179",-45.125,-51.3125,64.4328002929688,43.192626953125,84.438232421875
"180",-45.125,-51.1875,77.8126220703125,39.6494140625,87.801513671875
"181",-45.125,-50.8125,93.0747477213542,91.1751708984375,96.313720703125
"182",-45.125,-50.6875,64.2390950520833,1.349365234375,98.7664794921875
"183",-45.125,-50.5625,42.3081926618304,0.3804931640625,94.4376220703125
"184",-45.125,-50.4375,101.45269454153,0.778564453125,572.726806640625
"185",-45.125,-50.3125,48.8485107421875,0.0020751953125,135.8515625
"186",-45.125,-50.1875,36.8166432100184,0.290771484375,124.282592773438
"187",-45.125,-50.0625,12.8412017822266,0,98.3583984375
"188",-44.875,-53.9375,23.4658203125,5.25439453125,34.838134765625
"189",-44.875,-53.8125,12.3967982700893,0.149658203125,31.091796875
"190",-44.875,-53.6875,18.93798828125,6.104248046875,32.03125
"191",-44.875,-53.5625,49.6676391601562,9.21533203125,340.453491210938
"192",-44.875,-53.4375,83.7111658166956,4.905029296875,486.719116210938
"193",-44.875,-53.3125,88.7232895717826,2.3778076171875,590.418090820312
"194",-44.875,-53.1875,59.51136328125,0.967041015625,507.126708984375
"195",-44.875,-53.0625,53.2232637405396,0.05322265625,488.48291015625
"196",-44.875,-52.9375,40.0976525508996,1.046630859375,209.555908203125
"197",-44.875,-52.8125,30.2770517386642,0.281494140625,145.92919921875
"198",-44.875,-52.6875,27.777616743608,0.664794921875,152.93505859375
"199",-44.875,-52.5625,28.0574796434859,0.6328125,142.974365234375
"200",-44.875,-52.4375,27.5688622318097,0.51025390625,145.85205078125
"201",-44.875,-52.3125,27.4589029947917,0.591796875,117.877685546875
"202",-44.875,-52.1875,54.8141741071429,5.244140625,269.223388671875
"203",-44.875,-52.0625,52.215087890625,47.033203125,57.39697265625
"204",-44.875,-51.9375,49.90625,49.90625,49.90625
"205",-44.875,-51.6875,73.3993326822917,50.26318359375,88.314453125
"206",-44.875,-51.5625,33.02197265625,33.02197265625,33.02197265625
"207",-44.875,-51.4375,44.8369140625,43.341796875,46.33203125
"208",-44.875,-51.1875,80.0538024902344,38.837890625,87.2177734375
"209",-44.875,-50.8125,76.8806762695312,64.7037353515625,96.35888671875
"210",-44.875,-50.6875,119.314822926241,73.95361328125,613.365051269531
"211",-44.875,-50.5625,172.790031619188,1.8436279296875,705.366516113281
"212",-44.875,-50.4375,65.5849456787109,0.813232421875,688.831237792969
"213",-44.875,-50.3125,19.6312052408854,0.669921875,39.08154296875
"214",-44.875,-50.1875,39.7860290527344,0.36669921875,117.33056640625
"215",-44.875,-50.0625,30.1515682444853,0,82.32080078125
"216",-44.625,-54.1875,6.542236328125,6.542236328125,6.542236328125
"217",-44.625,-54.0625,17.8253173828125,6.5263671875,29.124267578125
"218",-44.625,-53.9375,15.702978515625,4.25732421875,29.087646484375
"219",-44.625,-53.8125,9.264599609375,1.166259765625,32.08984375
"220",-44.625,-53.6875,32.8333176832933,1.41796875,253.26220703125
"221",-44.625,-53.5625,46.676555129717,0.0703125,363.75439453125
"222",-44.625,-53.4375,52.9248737373737,1.83740234375,312.63525390625
"223",-44.625,-53.3125,92.9870143983422,2.0767822265625,614.540954589844
"224",-44.625,-53.1875,73.1498583544482,0.46435546875,548.844116210938
"225",-44.625,-53.0625,46.2679663085937,2.754150390625,348.274780273438
"226",-44.625,-52.9375,39.0732709099265,1.11962890625,199.795654296875
"227",-44.625,-52.8125,27.4353678385417,0.0478515625,346.3876953125
"228",-44.625,-52.6875,29.8036710778061,0.375,155.219482421875
"229",-44.625,-52.5625,24.3270783600984,0.072021484375,152.88134765625
"230",-44.625,-52.4375,29.6037760416667,1.322265625,138.79638671875
"231",-44.625,-52.3125,30.6549004448785,0.97021484375,152.45068359375
"232",-44.625,-52.1875,21.6827392578125,0.310791015625,52.503173828125
"233",-44.625,-52.0625,54.6688639322917,4.597900390625,150.726318359375
"234",-44.625,-51.9375,5.4942626953125,2.73046875,8.258056640625
"235",-44.625,-51.8125,12.521728515625,12.521728515625,12.521728515625
"236",-44.625,-51.6875,54.17919921875,14.046142578125,94.312255859375
"237",-44.625,-51.5625,38.225537109375,16.447021484375,47.343505859375
"238",-44.625,-51.1875,81.8504115513393,46.477783203125,91.0888671875
"239",-44.625,-51.0625,39.5909423828125,36.2880859375,43.749755859375
"240",-44.625,-50.9375,53.6421966552734,50.52685546875,60.32861328125
"241",-44.625,-50.8125,81.92880859375,55.8231201171875,99.5081787109375
"242",-44.625,-50.6875,191.776870727539,69.7720947265625,610.367431640625
"243",-44.625,-50.5625,91.2557983398438,4.8062744140625,636.533325195312
"244",-44.625,-50.4375,93.5255929129464,0.07421875,666.891235351562
"245",-44.625,-50.3125,27.4984828404018,0.0421142578125,131.144897460938
"246",-44.625,-50.1875,25.16455078125,0.31396484375,111.956665039062
"247",-44.625,-50.0625,12.2466997419085,0,117.262084960938
"248",-44.375,-54.1875,8.1531982421875,7.172607421875,9.1337890625
"249",-44.375,-54.0625,12.6216430664062,1.739990234375,29.34423828125
"250",-44.375,-53.9375,11.1911315917969,0.251953125,31.4775390625
"251",-44.375,-53.8125,60.712841796875,0.306396484375,227.52734375
"252",-44.375,-53.6875,71.65379874937,3.36279296875,390.563842773438
"253",-44.375,-53.5625,72.7101141888162,0.12646484375,585.435729980469
"254",-44.375,-53.4375,61.8068302235705,1.020263671875,342.627807617188
"255",-44.375,-53.3125,62.1918233235677,0.0440673828125,472.351318359375
"256",-44.375,-53.1875,76.6722759540264,2.5960693359375,442.071655273438
"257",-44.375,-53.0625,57.4107479519314,0.773193359375,314.83056640625
"258",-44.375,-52.9375,34.2844161987305,0.490966796875,257.258666992188
"259",-44.375,-52.8125,42.9098992598684,1.885986328125,346.725341796875
"260",-44.375,-52.6875,29.5558096902412,1.720458984375,81.10791015625
"261",-44.375,-52.5625,33.9782317405523,0.206787109375,151.4658203125
"262",-44.375,-52.4375,34.3023681640625,0.922607421875,142.4462890625
"263",-44.375,-52.3125,25.0226527622768,1.406494140625,164.27490234375
"264",-44.375,-52.1875,40.4036322699653,0.12158203125,278.706787109375
"265",-44.375,-52.0625,4.3402099609375,2.642333984375,6.0380859375
"266",-44.375,-51.9375,4.39349365234375,2.31982421875,6.6962890625
"267",-44.375,-51.8125,3.095947265625,3.095947265625,3.095947265625
"268",-44.375,-51.6875,87.70703125,87.70703125,87.70703125
"269",-44.375,-51.5625,26.6226399739583,16.672607421875,45.98095703125
"270",-44.375,-51.4375,42.1586100260417,37.950927734375,49.0166015625
"271",-44.375,-51.3125,87.9235026041667,83.40966796875,93.3916015625
"272",-44.375,-51.1875,60.2674153645833,38.005615234375,84.837646484375
"273",-44.375,-51.0625,28.9498969184028,21.900146484375,44.322509765625
"274",-44.375,-50.9375,91.55546875,26.219970703125,195.661499023438
"275",-44.375,-50.8125,76.0896317331414,19.90087890625,203.6015625
"276",-44.375,-50.6875,245.728847194362,5.603759765625,669.2802734375
"277",-44.375,-50.5625,126.02586613145,5.9208984375,621.329345703125
"278",-44.375,-50.4375,73.2013821072049,1.9208984375,644.308715820312
"279",-44.375,-50.3125,28.688918169807,1.7879638671875,151.084228515625
"280",-44.375,-50.1875,38.2463091681985,0.1165771484375,220.76904296875
"281",-44.375,-50.0625,11.2990199497768,0,106.259155273438
"282",-44.125,-54.3125,7.12686434659091,0.3037109375,11.164794921875
"283",-44.125,-54.1875,11.6397047776442,0.814208984375,20.926513671875
"284",-44.125,-54.0625,8.17755126953125,0.104736328125,25.36083984375
"285",-44.125,-53.9375,8.15029074928977,0.05859375,40.249267578125
"286",-44.125,-53.8125,44.5806287400266,1.1240234375,223.671630859375
"287",-44.125,-53.6875,44.5424920443831,1.359619140625,288.8125
"288",-44.125,-53.5625,75.0176555576609,2.5826416015625,475.796630859375
"289",-44.125,-53.4375,64.3188649247332,0.3167724609375,433.688659667969
"290",-44.125,-53.3125,45.3549232700893,0.018798828125,340.41845703125
"291",-44.125,-53.1875,57.3704319263933,0.02880859375,503.698059082031
"292",-44.125,-53.0625,45.6406446700977,0.03173828125,277.716552734375
"293",-44.125,-52.9375,24.7994001116071,0.834716796875,217.00048828125
"294",-44.125,-52.8125,29.8653986150568,4.781982421875,151.025390625
"295",-44.125,-52.6875,26.6928932883523,0.5849609375,106.3056640625
"296",-44.125,-52.5625,28.4261141690341,0.14111328125,146.970947265625
"297",-44.125,-52.4375,30.9950605119978,0.421630859375,147.3720703125
"298",-44.125,-52.3125,34.1381337691327,0.052978515625,175.936279296875
"299",-44.125,-52.1875,28.3731892903646,1.9365234375,147.10302734375
"300",-44.125,-52.0625,35.9623046875,2.117919921875,154.57958984375
"301",-44.125,-51.9375,156.71337890625,156.71337890625,156.71337890625
"302",-44.125,-51.8125,4.11669921875,3.219482421875,5.76806640625
"303",-44.125,-51.5625,48.947265625,18.2216796875,79.6728515625
"304",-44.125,-51.4375,47.4548950195312,39.216064453125,53.853515625
"305",-44.125,-51.3125,70.9066772460938,40.6396484375,88.282958984375
"306",-44.125,-51.1875,58.8203531901042,30.718994140625,108.425537109375
"307",-44.125,-51.0625,33.466064453125,25.3623046875,42.7490234375
"308",-44.125,-50.9375,100.377624511719,19.910888671875,198.962768554688
"309",-44.125,-50.8125,67.3995132446289,23.705078125,210.220825195312
"310",-44.125,-50.6875,124.617175292969,2.74755859375,656.640258789062
"311",-44.125,-50.5625,23.2694832938058,0.9635009765625,111.267333984375
"312",-44.125,-50.4375,20.891122000558,0.0911865234375,89.3040771484375
"313",-44.125,-50.3125,76.3431919642857,2.7642822265625,648.791259765625
"314",-44.125,-50.1875,12.9562891909951,0.1727294921875,80.0340576171875
"315",-44.125,-50.0625,9.15393784466912,0,42.5897216796875
"316",-43.875,-54.4375,6.37395685369318,0.75732421875,19.38525390625
"317",-43.875,-54.3125,9.03380237926136,0.37451171875,37.334228515625
"318",-43.875,-54.1875,12.697257749496,1.275146484375,38.16748046875
"319",-43.875,-54.0625,17.0662994384766,0.15283203125,32.255859375
"320",-43.875,-53.9375,9.05951397235577,0.03076171875,40.678955078125
"321",-43.875,-53.8125,31.4979522705078,0.39501953125,219.03759765625
"322",-43.875,-53.6875,36.4894876683012,0.070068359375,257.854248046875
"323",-43.875,-53.5625,39.2168867102949,0.384521484375,322.593139648438
"324",-43.875,-53.4375,51.1175062107741,0.269287109375,386.128051757812
"325",-43.875,-53.3125,63.1408801062632,0.0753173828125,549.369689941406
"326",-43.875,-53.1875,49.6919869949569,0.1339111328125,407.83740234375
"327",-43.875,-53.0625,46.3228013780382,0.348876953125,447.314819335938
"328",-43.875,-52.9375,28.3498093454461,0.005126953125,240.499145507812
"329",-43.875,-52.8125,25.1749055281929,0.019775390625,398.76318359375
"330",-43.875,-52.6875,23.2512461344401,0.18310546875,109.346923828125
"331",-43.875,-52.5625,24.1820417131696,0.320068359375,144.445556640625
"332",-43.875,-52.4375,24.2214734307651,0.507080078125,166.80029296875
"333",-43.875,-52.3125,30.0748415577168,0.0478515625,124.453369140625
"334",-43.875,-52.1875,24.7033813476563,0.04931640625,269.699951171875
"335",-43.875,-52.0625,20.2084530101103,1.935791015625,57.839111328125
"336",-43.875,-51.9375,54.833837890625,2.795166015625,159.356689453125
"337",-43.875,-51.8125,3.6815185546875,1.89794921875,5.465087890625
"338",-43.875,-51.6875,29.7266845703125,0.6982421875,53.244384765625
"339",-43.875,-51.5625,75.8509928385417,72.04150390625,79.225830078125
"340",-43.875,-51.4375,49.1197620738636,4.931884765625,82.84912109375
"341",-43.875,-51.3125,60.4532470703125,31.93359375,109.150390625
"342",-43.875,-51.1875,52.4374302455357,37.35107421875,118.804931640625
"343",-43.875,-51.0625,55.6650954026442,23.41162109375,199.689453125
"344",-43.875,-50.9375,69.1466674804688,24.5069580078125,81.8607177734375
"345",-43.875,-50.8125,95.0222015380859,21.1016845703125,215.39013671875
"346",-43.875,-50.6875,49.6302490234375,20.8067626953125,85.7984619140625
"347",-43.875,-50.5625,33.026123046875,4.665771484375,110.120727539062
"348",-43.875,-50.4375,69.0149230957031,5.7930908203125,263.00146484375
"349",-43.875,-50.3125,87.1267181396484,5.9935302734375,652.45068359375
"350",-43.875,-50.1875,12.9760853160511,0.27685546875,69.7061767578125
"351",-43.875,-50.0625,8.54713948567708,0,43.1597900390625
"352",-43.625,-54.6875,4.585205078125,4.190185546875,5.375244140625
"353",-43.625,-54.5625,6.0778076171875,1.27490234375,16.066650390625
"354",-43.625,-54.4375,9.38441162109375,0.51904296875,32.194580078125
"355",-43.625,-54.3125,9.65999930245536,1.204345703125,27.350341796875
"356",-43.625,-54.1875,10.672845884811,0.03662109375,38.83203125
"357",-43.625,-54.0625,11.3188041791524,0.009033203125,31.7685546875
"358",-43.625,-53.9375,14.3164672851562,1.35107421875,41.91357421875
"359",-43.625,-53.8125,15.0844851124043,0.736083984375,107.68994140625
"360",-43.625,-53.6875,36.46288602821,0.0263671875,298.240234375
"361",-43.625,-53.5625,45.6200136414762,0.063720703125,345.102294921875
"362",-43.625,-53.4375,50.4223486068401,0.100341796875,557.83740234375
"363",-43.625,-53.3125,50.2825661785982,0.10546875,569.027099609375
"364",-43.625,-53.1875,51.4039490481457,0.1376953125,452.599365234375
"365",-43.625,-53.0625,34.0373255249801,0.0374755859375,419.044799804688
"366",-43.625,-52.9375,28.4522426943236,0.021484375,307.5205078125
"367",-43.625,-52.8125,17.7802649011145,0.034912109375,112.518310546875
"368",-43.625,-52.6875,40.0392803485577,0.5849609375,415.8076171875
"369",-43.625,-52.5625,19.2629431522254,0.40576171875,145.2890625
"370",-43.625,-52.4375,27.2657688685826,0.0634765625,195.2587890625
"371",-43.625,-52.3125,29.0928747788915,0.027587890625,119.796875
"372",-43.625,-52.1875,22.1488749186198,0.234619140625,62.804443359375
"373",-43.625,-52.0625,29.0177327473958,0.95703125,137.9541015625
"374",-43.625,-51.9375,23.42099609375,0.170654296875,74.67919921875
"375",-43.625,-51.8125,46.6919189453125,0.979736328125,159.85986328125
"376",-43.625,-51.6875,49.5895298549107,2.61962890625,84.22314453125
"377",-43.625,-51.5625,45.24365234375,13.228271484375,82.717529296875
"378",-43.625,-51.4375,57.8083052201705,2.397705078125,98.794677734375
"379",-43.625,-51.3125,73.3145599365234,46.2283935546875,106.229248046875
"380",-43.625,-51.1875,60.631546823602,22.7825927734375,202.105712890625
"381",-43.625,-51.0625,52.1623853600543,17.0343017578125,193.459716796875
"382",-43.625,-50.9375,33.2728068033854,10.5604248046875,75.45556640625
"383",-43.625,-50.8125,101.015350341797,20.833984375,219.666748046875
"384",-43.625,-50.6875,65.6551983173077,35.5594482421875,107.02734375
"385",-43.625,-50.5625,67.1793670654297,1.5574951171875,272.002075195312
"386",-43.625,-50.4375,221.182012384588,14.1846923828125,693.489501953125
"387",-43.625,-50.3125,35.1898803710938,13.4683837890625,55.8790283203125
"388",-43.625,-50.1875,19.8910773782169,1.6839599609375,73.702880859375
"389",-43.625,-50.0625,4.68451799665179,0,36.0384521484375
"390",-43.375,-54.8125,0.83251953125,0.83251953125,0.83251953125
"391",-43.375,-54.6875,6.994677734375,4.28173828125,15.693115234375
"392",-43.375,-54.5625,6.57146990740741,0.02783203125,21.953125
"393",-43.375,-54.4375,11.792587890625,0.3662109375,44.048828125
"394",-43.375,-54.3125,10.1265419407895,0.519775390625,29.034912109375
"395",-43.375,-54.1875,11.6042431147412,0.185791015625,49.344970703125
"396",-43.375,-54.0625,12.4086516007133,0.599853515625,29.48486328125
"397",-43.375,-53.9375,12.7785006686374,0.330078125,39.747802734375
"398",-43.375,-53.8125,14.5283466045673,0.3681640625,73.009521484375
"399",-43.375,-53.6875,36.0803462710839,0.0849609375,325.69921875
"400",-43.375,-53.5625,54.4350394003046,0.1092529296875,384.066772460938
"401",-43.375,-53.4375,47.4680236106695,0.0152587890625,402.579467773438
"402",-43.375,-53.3125,110.623817689957,0.10986328125,691.186401367188
"403",-43.375,-53.1875,88.0180729824284,0.0396728515625,505.904296875
"404",-43.375,-53.0625,45.9403988899441,0.0174560546875,422.944458007812
"405",-43.375,-52.9375,32.6287124875992,0.037109375,354.749877929688
"406",-43.375,-52.8125,24.8078206380208,0.041259765625,266.477783203125
"407",-43.375,-52.6875,33.0755153026396,0.49072265625,420.4755859375
"408",-43.375,-52.5625,28.6474945068359,0.275390625,205.114501953125
"409",-43.375,-52.4375,23.0928441097862,2.597900390625,65.783935546875
"410",-43.375,-52.3125,31.3399713689631,0.5947265625,212.910888671875
"411",-43.375,-52.1875,28.1874408143939,0.570556640625,260.8720703125
"412",-43.375,-52.0625,21.0218941824777,2.002685546875,59.1337890625
"413",-43.375,-51.9375,31.588623046875,1.25,138.41943359375
"414",-43.375,-51.8125,39.0160929361979,2.6845703125,155.50146484375
"415",-43.375,-51.6875,33.5449829101562,2.39599609375,156.856201171875
"416",-43.375,-51.5625,60.5129801432292,19.63525390625,95.4547119140625
"417",-43.375,-51.4375,52.86474609375,2.854248046875,90.312744140625
"418",-43.375,-51.3125,73.8333062065972,22.72314453125,192.434936523438
"419",-43.375,-51.1875,57.737787882487,22.124267578125,95.6246337890625
"420",-43.375,-51.0625,63.7779929421165,8.9935302734375,107.609619140625
"421",-43.375,-50.9375,42.5339864095052,2.03759765625,108.4482421875
"422",-43.375,-50.8125,104.793701171875,2.281982421875,250.613525390625
"423",-43.375,-50.6875,110.98879107307,1.231201171875,263.972045898438
"424",-43.375,-50.5625,36.1821085611979,0.9898681640625,95.2960205078125
"425",-43.375,-50.4375,159.478376600477,4.1641845703125,711.513244628906
"426",-43.375,-50.3125,23.373291015625,8.7501220703125,34.2069091796875
"427",-43.375,-50.1875,23.6263078962054,6.1348876953125,78.054931640625
"428",-43.125,-54.8125,0.83740234375,0.83740234375,0.83740234375
"429",-43.125,-54.6875,4.16667829241071,0.05615234375,12.4013671875
"430",-43.125,-54.5625,6.70324254918981,0.055908203125,39.962158203125
"431",-43.125,-54.4375,10.3334786551339,1.450439453125,19.93798828125
"432",-43.125,-54.3125,9.67983511991279,0.0087890625,22.32861328125
"433",-43.125,-54.1875,15.6431382123162,0.510498046875,37.735107421875
"434",-43.125,-54.0625,11.7629228307846,0.631591796875,58.382080078125
"435",-43.125,-53.9375,11.695130591299,0.015869140625,46.258056640625
"436",-43.125,-53.8125,14.390059037642,0.086669921875,85.162353515625
"437",-43.125,-53.6875,29.2888909662523,0.258056640625,239.228881835938
"438",-43.125,-53.5625,64.9801985445396,0.48291015625,425.608276367188
"439",-43.125,-53.4375,135.823119156004,0.0643310546875,687.488525390625
"440",-43.125,-53.3125,177.289489538491,0.09783935546875,754.174865722656
"441",-43.125,-53.1875,204.134001922607,0.11328125,847.153076171875
"442",-43.125,-53.0625,93.0150820249087,0.086181640625,767.25537109375
"443",-43.125,-52.9375,36.7838726043701,0.029296875,651.47900390625
"444",-43.125,-52.8125,26.8194846128806,0.06494140625,609.116577148438
"445",-43.125,-52.6875,29.5963546238588,0.145263671875,398.53125
"446",-43.125,-52.5625,29.6765246692005,0.155517578125,232.706298828125
"447",-43.125,-52.4375,32.8825270432692,0.22705078125,200.668212890625
"448",-43.125,-52.3125,34.8764542289402,1.179931640625,194.037109375
"449",-43.125,-52.1875,36.4365792410714,1.95166015625,249.16650390625
"450",-43.125,-52.0625,18.7881905691964,5.62109375,85.361328125
"451",-43.125,-51.9375,34.1162388392857,1.0126953125,154.6923828125
"452",-43.125,-51.8125,26.4994873046875,3.49658203125,57.202392578125
"453",-43.125,-51.6875,53.1472919170673,3.783935546875,173.495849609375
"454",-43.125,-51.5625,76.7979377297794,8.239013671875,216.3935546875
"455",-43.125,-51.4375,89.8224172881155,18.711669921875,305.044311523438
"456",-43.125,-51.3125,81.8591845703125,5.313232421875,319.285034179688
"457",-43.125,-51.1875,68.6607055664062,22.4664306640625,219.809204101562
"458",-43.125,-51.0625,66.8753980553668,2.597412109375,217.807739257812
"459",-43.125,-50.9375,48.0583440607244,5.8511962890625,129.37109375
"460",-43.125,-50.8125,78.674201965332,8.25341796875,256.700073242188
"461",-43.125,-50.6875,86.789013671875,0.235107421875,252.328857421875
"462",-43.125,-50.5625,148.005142211914,23.2926025390625,709.442138671875
"463",-43.125,-50.4375,190.247138528263,23.7139892578125,718.351806640625
"464",-43.125,-50.3125,82.0539838005515,7.1766357421875,491.268432617188
"465",-43.125,-50.1875,16.472910563151,7.004150390625,26.7994384765625
"466",-42.875,-54.6875,11.2056477864583,0.62548828125,25.72119140625
"467",-42.875,-54.5625,3.62158203125,0.162353515625,12.390869140625
"468",-42.875,-54.4375,8.68010843211207,0.123046875,39.5458984375
"469",-42.875,-54.3125,14.8368123372396,0.470458984375,46.351806640625
"470",-42.875,-54.1875,17.6478334084535,1.146728515625,51.58984375
"471",-42.875,-54.0625,15.2765078787076,0.1337890625,33.998291015625
"472",-42.875,-53.9375,15.4295576791915,0.2783203125,86.2578125
"473",-42.875,-53.8125,18.5972377232143,0.007568359375,110.3271484375
"474",-42.875,-53.6875,36.1718331613848,0.16162109375,241.654418945312
"475",-42.875,-53.5625,67.1056800923738,0.7835693359375,457.895874023438
"476",-42.875,-53.4375,91.2856611772017,0.60784912109375,505.187194824219
"477",-42.875,-53.3125,155.254268317387,0.02691650390625,568.872436523438
"478",-42.875,-53.1875,216.960100741,0.1988525390625,792.030639648438
"479",-42.875,-53.0625,145.341638030367,0.0244140625,771.133178710938
"480",-42.875,-52.9375,103.155566099797,0.05419921875,1541.29675292969
"481",-42.875,-52.8125,41.9400787353516,0.00830078125,679.36474609375
"482",-42.875,-52.6875,40.5768161554711,0.064208984375,652.209228515625
"483",-42.875,-52.5625,21.5783224151465,0.00146484375,384.396728515625
"484",-42.875,-52.4375,21.6181750598255,0.01416015625,191.62939453125
"485",-42.875,-52.3125,31.2588748416385,0.468994140625,205.208984375
"486",-42.875,-52.1875,31.1998318142361,2.380126953125,153.245361328125
"487",-42.875,-52.0625,33.7043962149784,4.890869140625,256.66552734375
"488",-42.875,-51.9375,37.938720703125,5.254150390625,170.24169921875
"489",-42.875,-51.8125,42.0926555765086,4.01953125,118.314208984375
"490",-42.875,-51.6875,40.5441720145089,12.1436767578125,152.50244140625
"491",-42.875,-51.5625,50.7596978081597,10.080078125,158.393432617188
"492",-42.875,-51.4375,52.8901811079545,27.312255859375,87.36181640625
"493",-42.875,-51.3125,69.9870900121228,22.7685546875,330.22021484375
"494",-42.875,-51.1875,69.2344493036685,1.5391845703125,331.817626953125
"495",-42.875,-51.0625,106.629564689867,0.1219482421875,629.294128417969
"496",-42.875,-50.9375,77.146588493796,1.3236083984375,666.270446777344
"497",-42.875,-50.8125,86.3045849089927,1.610595703125,674.394775390625
"498",-42.875,-50.6875,73.1041962594697,5.4483642578125,671.577514648438
"499",-42.875,-50.5625,93.6148651123047,2.4617919921875,699.272338867188
"500",-42.875,-50.4375,71.1583704065393,2.759521484375,502.281982421875
"501",-42.875,-50.3125,143.260944184803,5.0504150390625,508.354125976562
"502",-42.875,-50.1875,120.54345703125,5.950439453125,478.832397460938
"503",-42.875,-50.0625,358.297403971354,318.72314453125,400.15771484375
"504",-42.625,-54.6875,14.2966796875,3.04541015625,24.625244140625
"505",-42.625,-54.5625,9.33537212171053,0.704833984375,37.908203125
"506",-42.625,-54.4375,10.9589743418236,0.62744140625,34.9755859375
"507",-42.625,-54.3125,17.2476243239183,0.94775390625,49.177001953125
"508",-42.625,-54.1875,15.860849114913,0.05322265625,48.105224609375
"509",-42.625,-54.0625,20.7111134572072,0.219970703125,82.6767578125
"510",-42.625,-53.9375,20.3524954659598,0.115966796875,123.7763671875
"511",-42.625,-53.8125,25.9776806640625,0.161865234375,137.511840820312
"512",-42.625,-53.6875,41.3152585029602,0.0654296875,250.40478515625
"513",-42.625,-53.5625,80.4297424316406,1.34857177734375,392.443237304688
"514",-42.625,-53.4375,111.076285893443,1.82635498046875,403.504913330078
"515",-42.625,-53.3125,155.507785118616,0.300567626953125,566.677673339844
"516",-42.625,-53.1875,188.21609990546,0.0400390625,645.5029296875
"517",-42.625,-53.0625,181.831853529986,0.47265625,1364.81713867188
"518",-42.625,-52.9375,124.618884028221,0.000244140625,1579.79833984375
"519",-42.625,-52.8125,59.5210560518153,0.028076171875,1441.84643554688
"520",-42.625,-52.6875,29.7687884771336,0.02734375,628.050170898438
"521",-42.625,-52.5625,27.2273712158203,0.00341796875,560.97216796875
"522",-42.625,-52.4375,19.5796101342577,0.002197265625,487.7099609375
"523",-42.625,-52.3125,26.3703365422747,0.071044921875,513.854248046875
"524",-42.625,-52.1875,28.4773040486273,0.2548828125,768.15625
"525",-42.625,-52.0625,56.2905595887382,0.1796875,849.980712890625
"526",-42.625,-51.9375,63.1315569196429,5.48681640625,982.18212890625
"527",-42.625,-51.8125,63.8473961871603,5.081298828125,229.177490234375
"528",-42.625,-51.6875,46.9477761008523,14.5345458984375,87.04736328125
"529",-42.625,-51.5625,27.7520751953125,9.4814453125,62.6131591796875
"530",-42.625,-51.4375,49.5323617117746,12.487548828125,106.926879882812
"531",-42.625,-51.3125,44.7330557016226,11.5477294921875,149.758178710938
"532",-42.625,-51.1875,40.33912109375,0.0771484375,140.776000976562
"533",-42.625,-51.0625,88.4859597342355,12.4322509765625,659.568542480469
"534",-42.625,-50.9375,77.112216126685,5.702880859375,658.768676757812
"535",-42.625,-50.8125,61.8695211971507,9.682861328125,328.880493164062
"536",-42.625,-50.6875,42.2098544506316,1.424072265625,94.1226806640625
"537",-42.625,-50.5625,40.9353775516633,6.626953125,91.762451171875
"538",-42.625,-50.4375,46.7577406939338,1.24072265625,176.14990234375
"539",-42.625,-50.3125,79.3995643028846,2.9114990234375,475.354614257812
"540",-42.625,-50.1875,82.1616644090222,6.9005126953125,486.599853515625
"541",-42.625,-50.0625,93.8584228515625,0,265.579956054688
"542",-42.375,-54.6875,15.26708984375,11.2001953125,19.333984375
"543",-42.375,-54.5625,11.5357937282986,1.642578125,32.322021484375
"544",-42.375,-54.4375,16.4041247758709,1.071533203125,96.240966796875
"545",-42.375,-54.3125,19.9543867735105,3.726318359375,90.79736328125
"546",-42.375,-54.1875,18.7995435138081,0.968505859375,84.44140625
"547",-42.375,-54.0625,20.6747773269127,1.578125,112.65625
"548",-42.375,-53.9375,20.5488947088068,0.593505859375,118.649169921875
"549",-42.375,-53.8125,32.9863425427534,0.1246337890625,290.013671875
"550",-42.375,-53.6875,73.3388914654246,1.2581787109375,282.074462890625
"551",-42.375,-53.5625,95.741707740946,7.21435546875,317.945098876953
"552",-42.375,-53.4375,84.2281776360706,1.95181274414062,315.486206054688
"553",-42.375,-53.3125,135.252149208305,0.77740478515625,655.811401367188
"554",-42.375,-53.1875,200.190484811594,0.159423828125,673.080688476562
"555",-42.375,-53.0625,116.591628856873,0.000244140625,1368.20971679688
"556",-42.375,-52.9375,53.0997437080836,0.0654296875,1224.40295410156
"557",-42.375,-52.8125,78.4283623046875,0.001953125,1048.01000976562
"558",-42.375,-52.6875,87.7393048562085,0.004150390625,1230.08251953125
"559",-42.375,-52.5625,59.5866108327672,0.0068359375,1088.07507324219
"560",-42.375,-52.4375,44.4181294501582,0.0029296875,777.674560546875
"561",-42.375,-52.3125,42.2535288783482,0.057373046875,785.215576171875
"562",-42.375,-52.1875,36.2249649953624,0.1416015625,746.022705078125
"563",-42.375,-52.0625,27.9137622974537,0.31591796875,727.666748046875
"564",-42.375,-51.9375,32.6836760764898,4.424072265625,513.601440429688
"565",-42.375,-51.8125,135.30005413553,5.432861328125,1197.36560058594
"566",-42.375,-51.6875,74.1892342403017,5.0701904296875,564.660522460938
"567",-42.375,-51.5625,60.9853935241699,7.376953125,261.732177734375
"568",-42.375,-51.4375,48.2974989149306,11.424072265625,193.064208984375
"569",-42.375,-51.3125,47.0408020019531,9.6383056640625,148.948852539062
"570",-42.375,-51.1875,37.6702117919922,9.30859375,139.48486328125
"571",-42.375,-51.0625,38.2146350491431,0.3380126953125,142.492065429688
"572",-42.375,-50.9375,44.6823585146949,0.6790771484375,162.040161132812
"573",-42.375,-50.8125,72.2735087076823,0.077880859375,579.845825195312
"574",-42.375,-50.6875,73.6169287109375,0.789306640625,536.633666992188
"575",-42.375,-50.5625,33.7379266648065,1.6383056640625,76.275146484375
"576",-42.375,-50.4375,57.1848426231971,0.5360107421875,171.557373046875
"577",-42.375,-50.3125,43.5352864583333,7.3736572265625,85.794677734375
"578",-42.375,-50.1875,38.7149091448103,8.645751953125,101.821533203125
"579",-42.375,-50.0625,40.8864571707589,0,115.064453125
"580",-42.125,-54.6875,16.5455322265625,13.857177734375,19.23388671875
"581",-42.125,-54.5625,17.0369660750679,0.3759765625,73.558837890625
"582",-42.125,-54.4375,13.0291654146635,0.00537109375,76.8076171875
"583",-42.125,-54.3125,19.1138461800509,0.30419921875,97.280517578125
"584",-42.125,-54.1875,17.2794944069602,0.029296875,92.780029296875
"585",-42.125,-54.0625,15.7374226430829,0.063720703125,97.638671875
"586",-42.125,-53.9375,28.0305651099281,0.197021484375,235.982421875
"587",-42.125,-53.8125,60.8340797862787,0.1390380859375,291.9306640625
"588",-42.125,-53.6875,90.2350774108127,0.28387451171875,309.289855957031
"589",-42.125,-53.5625,82.1190805485111,9.22154235839844,172.282028198242
"590",-42.125,-53.4375,76.8848690730269,2.48977661132812,173.294647216797
"591",-42.125,-53.3125,161.556484985352,0.16864013671875,630.989501953125
"592",-42.125,-53.1875,169.780879842824,0.4351806640625,1139.73059082031
"593",-42.125,-53.0625,173.539355573983,0.0809326171875,1356.54541015625
"594",-42.125,-52.9375,131.853920713116,0.0927734375,1236.73681640625
"595",-42.125,-52.8125,118.313674700366,0.033203125,1171.42175292969
"596",-42.125,-52.6875,83.1316435842803,0.000244140625,1151.10998535156
"597",-42.125,-52.5625,61.8154989472518,0.008544921875,1017.3291015625
"598",-42.125,-52.4375,46.3190854927744,0.00048828125,976.81005859375
"599",-42.125,-52.3125,39.2204275603342,0.053466796875,844.916748046875
"600",-42.125,-52.1875,44.0979337204032,0.1083984375,822.979736328125
"601",-42.125,-52.0625,48.9937819648035,0.183837890625,922.2294921875
"602",-42.125,-51.9375,43.3302759630927,0.1259765625,775.759033203125
"603",-42.125,-51.8125,35.5798735282791,1.506591796875,818.207641601562
"604",-42.125,-51.6875,87.4913160536024,7.1845703125,1236.40698242188
"605",-42.125,-51.5625,122.456436820652,4.231689453125,1250.57885742188
"606",-42.125,-51.4375,72.2262476870888,8.032470703125,1228.29724121094
"607",-42.125,-51.3125,54.1072366648707,7.474853515625,258.174926757812
"608",-42.125,-51.1875,56.6769002278646,5.7462158203125,244.081298828125
"609",-42.125,-51.0625,53.1621459960937,7.8712158203125,241.95263671875
"610",-42.125,-50.9375,51.9514493075284,3.102294921875,260.433227539062
"611",-42.125,-50.8125,66.7580682663691,7.57470703125,329.606689453125
"612",-42.125,-50.6875,127.202989366319,8.18603515625,500.332397460938
"613",-42.125,-50.5625,43.1080029296875,0.7305908203125,77.08642578125
"614",-42.125,-50.4375,31.7338175455729,0.0880126953125,162.1416015625
"615",-42.125,-50.3125,49.0811487833659,1.2928466796875,80.372314453125
"616",-42.125,-50.1875,36.7199287414551,0.06884765625,97.358642578125
"617",-42.125,-50.0625,12.5126439144737,0,95.407958984375
"618",-41.875,-54.8125,1.981201171875,1.981201171875,1.981201171875
"619",-41.875,-54.6875,7.32896592881944,1.352294921875,14.60791015625
"620",-41.875,-54.5625,20.1628933376736,0.10693359375,123.29443359375
"621",-41.875,-54.4375,14.1833570075758,0.430908203125,122.17431640625
"622",-41.875,-54.3125,15.0248835637019,0.380126953125,135.431396484375
"623",-41.875,-54.1875,18.7001293285473,0.06396484375,151.142822265625
"624",-41.875,-54.0625,24.8141309600515,0.702392578125,178.862548828125
"625",-41.875,-53.9375,66.9877094941981,4.867919921875,446.015319824219
"626",-41.875,-53.8125,95.5373463920467,5.8963623046875,327.293151855469
"627",-41.875,-53.6875,86.6463130004424,0.1497802734375,301.109527587891
"628",-41.875,-53.5625,87.5644353386815,14.4647369384766,141.607681274414
"629",-41.875,-53.4375,86.8740822812344,3.24151611328125,276.260864257812
"630",-41.875,-53.3125,155.977921304823,0.2628173828125,573.837768554688
"631",-41.875,-53.1875,72.1216430664062,0.0450439453125,1022.56286621094
"632",-41.875,-53.0625,101.758104977192,0.0428466796875,1204.17895507812
"633",-41.875,-52.9375,110.240096996835,0.074951171875,1336.955078125
"634",-41.875,-52.8125,107.793282750141,0.00048828125,1271.45947265625
"635",-41.875,-52.6875,61.304371021412,0.000244140625,1170.12512207031
"636",-41.875,-52.5625,98.216458468967,0.019775390625,1007.857421875
"637",-41.875,-52.4375,38.3664364176951,0.0078125,911.475341796875
"638",-41.875,-52.3125,35.9238171741013,0.06005859375,971.354736328125
"639",-41.875,-52.1875,49.5329610533634,0.109375,997.37255859375
"640",-41.875,-52.0625,46.1948386863426,0.3681640625,897.314208984375
"641",-41.875,-51.9375,46.7393172985406,0.085693359375,958.5205078125
"642",-41.875,-51.8125,58.5167352955812,0.964111328125,991.417236328125
"643",-41.875,-51.6875,65.2708410044185,1.58447265625,1055.53771972656
"644",-41.875,-51.5625,76.0083238133844,2.264892578125,947.558349609375
"645",-41.875,-51.4375,52.6069665857264,6.750244140625,916.09375
"646",-41.875,-51.3125,81.8800942025534,2.841796875,1264.66455078125
"647",-41.875,-51.1875,79.2675676618304,0.38623046875,1261.43505859375
"648",-41.875,-51.0625,128.883100585938,2.0966796875,1191.45385742188
"649",-41.875,-50.9375,44.174296875,1.77587890625,168.734375
"650",-41.875,-50.8125,39.6130105723505,11.529296875,147.158325195312
"651",-41.875,-50.6875,56.1549301147461,3.539306640625,143.537231445312
"652",-41.875,-50.5625,66.3408813476562,8.98291015625,294.721923828125
"653",-41.875,-50.4375,43.5222663879395,4.9598388671875,81.1649169921875
"654",-41.875,-50.3125,28.572021484375,0.756591796875,69.665771484375
"655",-41.875,-50.1875,27.5498809814453,0.743408203125,50.5679931640625
"656",-41.875,-50.0625,20.7137160528274,0,119.504028320312
"657",-41.625,-55.4375,6.903564453125,6.903564453125,6.903564453125
"658",-41.625,-55.3125,4.192626953125,3.090087890625,6.397705078125
"659",-41.625,-55.0625,3.7027587890625,0.6376953125,7.30322265625
"660",-41.625,-54.9375,3.64996337890625,1.96875,5.617919921875
"661",-41.625,-54.8125,3.20263671875,0.560791015625,5.4970703125
"662",-41.625,-54.6875,10.1234436035156,0.00732421875,38.107666015625
"663",-41.625,-54.5625,18.749765249399,2.161865234375,125.607177734375
"664",-41.625,-54.4375,13.7923245158032,0.01953125,123.25732421875
"665",-41.625,-54.3125,14.3632651391973,0.01416015625,71.1923828125
"666",-41.625,-54.1875,13.7835973893634,0.019287109375,44.138916015625
"667",-41.625,-54.0625,21.5960581024732,0.082763671875,71.634521484375
"668",-41.625,-53.9375,112.439181175458,2.852783203125,332.719665527344
"669",-41.625,-53.8125,144.219375308197,21.0718383789062,331.415618896484
"670",-41.625,-53.6875,86.2280633860621,23.6492385864258,124.436164855957
"671",-41.625,-53.5625,91.8606731108505,13.4083099365234,240.732406616211
"672",-41.625,-53.4375,125.701565946513,0.44189453125,494.123840332031
"673",-41.625,-53.3125,80.0994065010596,0.021484375,1104.63940429688
"674",-41.625,-53.1875,106.972667056224,0.02685546875,1183.21850585938
"675",-41.625,-53.0625,129.34189717753,0.08447265625,1420.60510253906
"676",-41.625,-52.9375,226.511710474047,0.07861328125,1584.9443359375
"677",-41.625,-52.8125,134.19431598695,0.064697265625,1323.25915527344
"678",-41.625,-52.6875,74.3214177710772,0.010498046875,1107.13549804688
"679",-41.625,-52.5625,64.966650390625,0.0048828125,2329.939453125
"680",-41.625,-52.4375,68.3702809121371,0.00341796875,2307.14233398438
"681",-41.625,-52.3125,52.6118263576342,0.053466796875,2233.6142578125
"682",-41.625,-52.1875,46.6950040070907,0.005615234375,2301.9033203125
"683",-41.625,-52.0625,66.6589804881841,0.07861328125,2377.4677734375
"684",-41.625,-51.9375,48.5467755998884,0.238037109375,2406.45361328125
"685",-41.625,-51.8125,45.4844815123315,0.119873046875,770.7216796875
"686",-41.625,-51.6875,43.2302074535473,0.325439453125,844.488525390625
"687",-41.625,-51.5625,47.3789753069196,0.2841796875,1077.60180664062
"688",-41.625,-51.4375,55.9937608506944,0.63232421875,1085.60852050781
"689",-41.625,-51.3125,93.9730047695879,0.845458984375,1113.80419921875
"690",-41.625,-51.1875,100.906254787071,5.024169921875,1056.39013671875
"691",-41.625,-51.0625,62.6111528445513,1.6982421875,1106.97290039062
"692",-41.625,-50.9375,124.487938133446,7.082763671875,1203.189453125
"693",-41.625,-50.8125,186.812484741211,3.072509765625,1294.35778808594
"694",-41.625,-50.6875,92.5415852864583,6.980712890625,1313.53173828125
"695",-41.625,-50.5625,44.9803385416667,0.6192626953125,279.293090820312
"696",-41.625,-50.4375,32.5328543526786,4.1654052734375,61.3724365234375
"697",-41.625,-50.3125,42.1912392064145,5.4049072265625,71.2501220703125
"698",-41.625,-50.1875,33.9883056640625,0.828125,45.0496826171875
"699",-41.625,-50.0625,6.3699951171875,0,38.219970703125
"700",-41.375,-56.3125,3.7408447265625,0.900146484375,6.58154296875
"701",-41.375,-56.0625,8.889404296875,8.889404296875,8.889404296875
"702",-41.375,-55.9375,4.2919921875,4.2919921875,4.2919921875
"703",-41.375,-55.8125,1.5093994140625,0.529052734375,2.48974609375
"704",-41.375,-55.6875,0.988037109375,0.988037109375,0.988037109375
"705",-41.375,-55.5625,2.02587890625,2.02587890625,2.02587890625
"706",-41.375,-55.4375,7.78125,7.78125,7.78125
"707",-41.375,-55.1875,4.472900390625,4.472900390625,4.472900390625
"708",-41.375,-55.0625,20.3344116210938,1.00634765625,40.626953125
"709",-41.375,-54.9375,31.3065795898438,0.41943359375,46.442138671875
"710",-41.375,-54.8125,26.6024322509766,1.891845703125,48.967529296875
"711",-41.375,-54.6875,27.3851318359375,0.69482421875,63.650390625
"712",-41.375,-54.5625,12.5764372452446,0.19140625,58.68212890625
"713",-41.375,-54.4375,18.5877653423109,0.3974609375,125.714599609375
"714",-41.375,-54.3125,24.0314706655649,0.002197265625,128.757080078125
"715",-41.375,-54.1875,34.3903112627262,0.037109375,134.605224609375
"716",-41.375,-54.0625,34.3293990779985,0.128662109375,153.33154296875
"717",-41.375,-53.9375,86.6011062944439,0.970703125,268.416137695312
"718",-41.375,-53.8125,112.612598363091,44.5173034667969,222.165863037109
"719",-41.375,-53.6875,93.4594777665048,14.0807647705078,134.591659545898
"720",-41.375,-53.5625,97.1978063304522,0.995361328125,364.218566894531
"721",-41.375,-53.4375,69.3108191490173,0.1070556640625,389.690063476562
"722",-41.375,-53.3125,94.1255594889323,0.0372314453125,1196.80126953125
"723",-41.375,-53.1875,151.047502925152,0.0048828125,1462.64953613281
"724",-41.375,-53.0625,125.070087489797,0.216064453125,1460.7353515625
"725",-41.375,-52.9375,78.4346633400616,0.00244140625,1195.31726074219
"726",-41.375,-52.8125,47.5939052130586,0.017822265625,1112.07482910156
"727",-41.375,-52.6875,24.5985608436083,0.02001953125,2340.39892578125
"728",-41.375,-52.5625,32.754042233703,0.034423828125,2335.5205078125
"729",-41.375,-52.4375,31.5795308752469,0.029052734375,676.337646484375
"730",-41.375,-52.3125,35.3932297438313,0.012939453125,840.229248046875
"731",-41.375,-52.1875,34.1521220590876,0.02197265625,858.129638671875
"732",-41.375,-52.0625,38.3850319602273,0.006591796875,878.426025390625
"733",-41.375,-51.9375,70.9640690730168,0.002685546875,2488.11694335938
"734",-41.375,-51.8125,68.8091156093302,0.11767578125,2562.87133789062
"735",-41.375,-51.6875,91.6855038463841,0.158203125,2591.1865234375
"736",-41.375,-51.5625,63.3923098987528,0.0146484375,906.9658203125
"737",-41.375,-51.4375,41.425270199158,0.026611328125,803.263671875
"738",-41.375,-51.3125,37.7376017898479,0.392822265625,988.852783203125
"739",-41.375,-51.1875,71.2279131489415,2.02099609375,1181.91003417969
"740",-41.375,-51.0625,77.5476312404726,2.034423828125,1171.08557128906
"741",-41.375,-50.9375,45.1433443509615,1.533203125,482.05810546875
"742",-41.375,-50.8125,85.3849945068359,3.96728515625,1348.71057128906
"743",-41.375,-50.6875,303.290825338925,1.2568359375,1542.19921875
"744",-41.375,-50.5625,96.8954925537109,4.1962890625,1523.0791015625
"745",-41.375,-50.4375,55.8000284830729,3.9234619140625,288.132080078125
"746",-41.375,-50.3125,39.4758436414931,5.8326416015625,69.5318603515625
"747",-41.375,-50.1875,36.7341948009673,1.1676025390625,65.8427734375
"748",-41.375,-50.0625,15.8624363319547,0,148.27978515625
"749",-41.125,-55.9375,8.71533203125,8.52490234375,8.90576171875
"750",-41.125,-55.6875,9.5810546875,9.5810546875,9.5810546875
"751",-41.125,-55.5625,9.222412109375,9.222412109375,9.222412109375
"752",-41.125,-55.1875,9.817138671875,9.817138671875,9.817138671875
"753",-41.125,-55.0625,23.7597791883681,3.697509765625,40.083740234375
"754",-41.125,-54.9375,19.8012413611779,0.01904296875,67.456787109375
"755",-41.125,-54.8125,24.0079616970486,1.32373046875,65.471923828125
"756",-41.125,-54.6875,28.1885393415179,1.75341796875,60.705810546875
"757",-41.125,-54.5625,31.1254194210737,7.641845703125,66.8095703125
"758",-41.125,-54.4375,22.4851491044207,0.49755859375,101.1728515625
"759",-41.125,-54.3125,20.7578877613957,0.110595703125,100.926513671875
"760",-41.125,-54.1875,25.1787833921371,0.00634765625,131.158935546875
"761",-41.125,-54.0625,18.2730886285955,0.09130859375,164.63818359375
"762",-41.125,-53.9375,80.4613727750326,0.1224365234375,440.766723632812
"763",-41.125,-53.8125,116.755060921728,8.6029052734375,362.411712646484
"764",-41.125,-53.6875,98.1403639550303,10.9223480224609,162.194366455078
"765",-41.125,-53.5625,61.5860111218993,0.0743408203125,303.557861328125
"766",-41.125,-53.4375,81.4381257141528,0.0792236328125,1197.0439453125
"767",-41.125,-53.3125,98.9022078263132,0.2598876953125,1301.25952148438
"768",-41.125,-53.1875,129.090268656767,0.296142578125,1412.421875
"769",-41.125,-53.0625,57.5607427956795,0.040771484375,1157.28857421875
"770",-41.125,-52.9375,26.869571858315,0.02880859375,797.21337890625
"771",-41.125,-52.8125,33.2428224813605,0.085693359375,2269.58984375
"772",-41.125,-52.6875,29.0221620156453,0.00537109375,2329.39599609375
"773",-41.125,-52.5625,23.6510397673081,0.015625,674.806396484375
"774",-41.125,-52.4375,23.2246203534864,0.021240234375,661.45751953125
"775",-41.125,-52.3125,21.2906041096166,0.004150390625,253.86865234375
"776",-41.125,-52.1875,28.1572055550509,0.007080078125,509.24169921875
"777",-41.125,-52.0625,14.8026417699353,0.00341796875,393.885498046875
"778",-41.125,-51.9375,33.1108376242898,0.01953125,897.577880859375
"779",-41.125,-51.8125,36.015766161878,0.082763671875,971.366455078125
"780",-41.125,-51.6875,41.3563797224813,0.043212890625,2530.19873046875
"781",-41.125,-51.5625,47.5694751525193,0.019775390625,959.856689453125
"782",-41.125,-51.4375,45.0739092759683,0.246337890625,1001.53344726562
"783",-41.125,-51.3125,55.9934536492154,0.099853515625,1025.37060546875
"784",-41.125,-51.1875,62.0352851364213,0.376953125,940.68017578125
"785",-41.125,-51.0625,56.5998251778739,0.031005859375,1175.5341796875
"786",-41.125,-50.9375,76.2891125801282,2.871826171875,1340.96594238281
"787",-41.125,-50.8125,62.1013047960069,0.722900390625,1447.212890625
"788",-41.125,-50.6875,42.3264007568359,4.16650390625,232.087280273438
"789",-41.125,-50.5625,346.650505719866,4.543701171875,1673.18151855469
"790",-41.125,-50.4375,297.457683694774,0.644775390625,1656.82434082031
"791",-41.125,-50.3125,101.16236328125,0.3087158203125,697.585693359375
"792",-41.125,-50.1875,155.161460474918,3.050048828125,1719.75244140625
"793",-41.125,-50.0625,23.5425868678737,0,1718.23229980469
"794",-40.875,-56.3125,0.2109375,0.2109375,0.2109375
"795",-40.875,-56.1875,1.503173828125,1.503173828125,1.503173828125
"796",-40.875,-55.9375,10.1328125,6.462646484375,13.802978515625
"797",-40.875,-55.8125,13.529541015625,13.529541015625,13.529541015625
"798",-40.875,-55.3125,6.74015299479167,2.715087890625,8.752685546875
"799",-40.875,-55.1875,24.9174194335938,1.4208984375,56.88916015625
"800",-40.875,-55.0625,21.2079806857639,1.033203125,64.439697265625
"801",-40.875,-54.9375,25.5272867838542,1.669921875,62.833740234375
"802",-40.875,-54.8125,23.9809184827303,0.843017578125,68.359619140625
"803",-40.875,-54.6875,20.3638538707386,0.099853515625,97.890625
"804",-40.875,-54.5625,24.1006518167163,0.06591796875,105.124267578125
"805",-40.875,-54.4375,32.2663361305414,0.1474609375,200.308227539062
"806",-40.875,-54.3125,20.8777488708496,0.4530029296875,117.335693359375
"807",-40.875,-54.1875,18.0437074497768,0.17578125,110.7607421875
"808",-40.875,-54.0625,18.3736301410524,0.439208984375,118.42138671875
"809",-40.875,-53.9375,43.5554589084461,0.953857421875,457.476928710938
"810",-40.875,-53.8125,86.4099092801412,6.97650146484375,277.934448242188
"811",-40.875,-53.6875,82.2405853742435,1.755859375,393.284271240234
"812",-40.875,-53.5625,42.6687839117774,0.073974609375,1048.55822753906
"813",-40.875,-53.4375,111.97944862177,0.0260009765625,1131.30920410156
"814",-40.875,-53.3125,145.969055788174,0.0673828125,1224.01196289062
"815",-40.875,-53.1875,115.64647212573,0.055908203125,1205.71081542969
"816",-40.875,-53.0625,39.4043633100494,0.003662109375,1125.47253417969
"817",-40.875,-52.9375,48.1184331154337,0.002685546875,2133.6640625
"818",-40.875,-52.8125,37.5434336205051,0.00390625,2195.35229492188
"819",-40.875,-52.6875,26.1840780049428,0.026123046875,681.80810546875
"820",-40.875,-52.5625,22.6149680777772,0.012451171875,673.05810546875
"821",-40.875,-52.4375,22.9903477624869,0.012451171875,602.32177734375
"822",-40.875,-52.3125,29.2139224309991,0.054931640625,562.3291015625
"823",-40.875,-52.1875,25.0328542052061,0.010009765625,561.23388671875
"824",-40.875,-52.0625,18.7043559611345,0.003662109375,451.4619140625
"825",-40.875,-51.9375,20.2709612165179,0.009033203125,892.651123046875
"826",-40.875,-51.8125,22.0343798828125,0.165283203125,919.77001953125
"827",-40.875,-51.6875,31.7697394182141,0.050537109375,937.636474609375
"828",-40.875,-51.5625,31.3275694271427,0.12109375,1069.53247070312
"829",-40.875,-51.4375,43.2559979413007,0.02294921875,1056.93725585938
"830",-40.875,-51.3125,38.6869293754623,0.10888671875,1081.09741210938
"831",-40.875,-51.1875,42.8184007410195,0.043212890625,1042.6396484375
"832",-40.875,-51.0625,62.4619471121043,0.104736328125,1017.22412109375
"833",-40.875,-50.9375,64.2387550278465,0.008056640625,966.990478515625
"834",-40.875,-50.8125,98.2664083426339,1.033447265625,1489.05444335938
"835",-40.875,-50.6875,65.0763437906901,3.576416015625,1091.55847167969
"836",-40.875,-50.5625,61.9640767415365,6.959716796875,1141.58288574219
"837",-40.875,-50.4375,94.3508580525716,2.092529296875,1179.5966796875
"838",-40.875,-50.3125,238.676382211538,1.251953125,1668.28442382812
"839",-40.875,-50.1875,406.390139315991,5.3272705078125,1752.37536621094
"840",-40.875,-50.0625,81.2865503740487,0,1745.83032226562
"841",-40.625,-56.0625,4.987548828125,4.987548828125,4.987548828125
"842",-40.625,-55.8125,14.20654296875,14.20654296875,14.20654296875
"843",-40.625,-55.5625,13.8486328125,13.8486328125,13.8486328125
"844",-40.625,-55.4375,2.11124674479167,0.131103515625,4.236083984375
"845",-40.625,-55.3125,13.970556640625,0.4140625,37.61962890625
"846",-40.625,-55.1875,11.7189127604167,0.125244140625,39.348388671875
"847",-40.625,-55.0625,10.2487441687275,0.203369140625,31.813232421875
"848",-40.625,-54.9375,11.5534457502694,0.275146484375,36.5625
"849",-40.625,-54.8125,14.3985108833092,1.417724609375,107.44970703125
"850",-40.625,-54.6875,12.5234313192247,0.3369140625,76.008056640625
"851",-40.625,-54.5625,16.7455799191497,0.4091796875,83.283447265625
"852",-40.625,-54.4375,16.5805987814198,2.96533203125,152.194091796875
"853",-40.625,-54.3125,28.4079498826412,0.411865234375,230.480224609375
"854",-40.625,-54.1875,18.1848238950276,0.114501953125,116.267822265625
"855",-40.625,-54.0625,16.1014699685678,0.00634765625,121.27783203125
"856",-40.625,-53.9375,47.8717789114859,1.281494140625,522.36962890625
"857",-40.625,-53.8125,65.4450241537655,5.93927001953125,414.217834472656
"858",-40.625,-53.6875,55.7763023040861,1.20989990234375,366.889434814453
"859",-40.625,-53.5625,78.8235537997159,0.017822265625,1150.68823242188
"860",-40.625,-53.4375,190.90722361216,0.01708984375,1379.97314453125
"861",-40.625,-53.3125,98.4009034019649,0.076904296875,1264.32189941406
"862",-40.625,-53.1875,59.891821572947,0.09619140625,1209.05688476562
"863",-40.625,-53.0625,29.5567432160073,0.002685546875,2161.22973632812
"864",-40.625,-52.9375,39.9502644089033,0.002197265625,2112.1328125
"865",-40.625,-52.8125,31.9182764689128,0.017578125,647.3134765625
"866",-40.625,-52.6875,27.9026174407871,0.007080078125,642.77880859375
"867",-40.625,-52.5625,22.9060400166643,0.030517578125,617.999267578125
"868",-40.625,-52.4375,23.9106641981337,0.01806640625,588.942138671875
"869",-40.625,-52.3125,24.5174821920956,0.060546875,614.927001953125
"870",-40.625,-52.1875,42.2060669456067,0.125732421875,585.236328125
"871",-40.625,-52.0625,20.9226499495968,0.0595703125,575.77978515625
"872",-40.625,-51.9375,30.3813265793615,0.01611328125,530.0224609375
"873",-40.625,-51.8125,23.0011305408798,0.039306640625,526.833251953125
"874",-40.625,-51.6875,21.0364369587726,0.022216796875,471.080078125
"875",-40.625,-51.5625,21.4313776590738,0.055908203125,458.13818359375
"876",-40.625,-51.4375,30.5763901719102,0.03857421875,815.091552734375
"877",-40.625,-51.3125,25.4586096869575,0.005126953125,944.833251953125
"878",-40.625,-51.1875,36.757109375,0.063232421875,1094.14868164062
"879",-40.625,-51.0625,37.2584811654061,0.035400390625,910.37841796875
"880",-40.625,-50.9375,45.9518107864092,0.040771484375,971.014892578125
"881",-40.625,-50.8125,58.0055937826883,0.08154296875,981.591064453125
"882",-40.625,-50.6875,83.2098133433949,2.38916015625,1416.61645507812
"883",-40.625,-50.5625,77.9022014642217,0.10546875,1240.20764160156
"884",-40.625,-50.4375,88.2812344825874,3.5849609375,1388.626953125
"885",-40.625,-50.3125,75.8428693498884,1.8076171875,1183.87951660156
"886",-40.625,-50.1875,92.6261630588108,0.654541015625,1279.107421875
"887",-40.625,-50.0625,3.73875542360554,0,244.71435546875
"888",-40.375,-55.6875,13.4775390625,13.4775390625,13.4775390625
"889",-40.375,-55.4375,6.1298828125,2.146728515625,14.26123046875
"890",-40.375,-55.3125,17.8620461856618,1.300537109375,51.3291015625
"891",-40.375,-55.1875,10.5951815518466,0.122802734375,19.168701171875
"892",-40.375,-55.0625,9.91666226773649,0.455322265625,31.724853515625
"893",-40.375,-54.9375,12.0027154416454,0.0654296875,96.208251953125
"894",-40.375,-54.8125,16.2848241051962,0.21728515625,99.465576171875
"895",-40.375,-54.6875,15.3995576746324,0.12548828125,73.130859375
"896",-40.375,-54.5625,25.9198296994579,0.411865234375,131.679443359375
"897",-40.375,-54.4375,18.8299386160714,0.013671875,142.066650390625
"898",-40.375,-54.3125,36.47223473649,0.9046630859375,277.548828125
"899",-40.375,-54.1875,34.6541033894026,0.4412841796875,266.601440429688
"900",-40.375,-54.0625,16.7581763968084,0.024658203125,170.6005859375
"901",-40.375,-53.9375,44.6479717845648,0.5263671875,543.544982910156
"902",-40.375,-53.8125,81.5025776454381,9.01995849609375,570.312866210938
"903",-40.375,-53.6875,61.8281485208651,0.08251953125,1284.2099609375
"904",-40.375,-53.5625,355.193529438769,0.015625,1506.208984375
"905",-40.375,-53.4375,194.4006524086,0.047119140625,1436.224609375
"906",-40.375,-53.3125,68.4783753352379,0.012451171875,1224.61181640625
"907",-40.375,-53.1875,48.4150154850565,0.00537109375,1145.37023925781
"908",-40.375,-53.0625,36.6457394787865,0.02099609375,2295.6640625
"909",-40.375,-52.9375,27.534243650542,0.0185546875,674.31103515625
"910",-40.375,-52.8125,19.0767710615949,0.00244140625,101.45263671875
"911",-40.375,-52.6875,16.4920045767257,0.019775390625,119.143310546875
"912",-40.375,-52.5625,18.3409184047154,0.0166015625,198.467529296875
"913",-40.375,-52.4375,18.8448221555898,0.1015625,104.6083984375
"914",-40.375,-52.3125,17.6166804776647,0.01416015625,616.04833984375
"915",-40.375,-52.1875,20.8187745109437,0.038330078125,591.41064453125
"916",-40.375,-52.0625,29.8393401536554,0.01123046875,572.97900390625
"917",-40.375,-51.9375,29.6933858360493,0.01123046875,621.767333984375
"918",-40.375,-51.8125,25.0592972685768,0.042236328125,616.9873046875
"919",-40.375,-51.6875,25.1681436854085,0.010986328125,613.87255859375
"920",-40.375,-51.5625,26.6860750030359,0.005859375,610.448974609375
"921",-40.375,-51.4375,27.6079284954519,0.0029296875,616.891845703125
"922",-40.375,-51.3125,33.3130761508284,0.037109375,754.823486328125
"923",-40.375,-51.1875,26.6515582776122,0.019775390625,632.750244140625
"924",-40.375,-51.0625,27.5942244506235,0.003173828125,1114.17651367188
"925",-40.375,-50.9375,36.279052734375,0.034423828125,1116.37109375
"926",-40.375,-50.8125,38.7932259012539,0.073974609375,953.26123046875
"927",-40.375,-50.6875,38.7455413035857,0.052734375,888.787841796875
"928",-40.375,-50.5625,59.1569502752447,1.16259765625,1059.64282226562
"929",-40.375,-50.4375,70.19037606783,0.419921875,1254.06140136719
"930",-40.375,-50.3125,73.0477069294283,0.010986328125,1355.79541015625
"931",-40.375,-50.1875,54.1847564395111,0.33935546875,1237.515625
"932",-40.375,-50.0625,7.53407406833947,0,1388.15246582031
"933",-40.125,-55.5625,12.439208984375,12.439208984375,12.439208984375
"934",-40.125,-55.4375,9.79410226004464,0.86181640625,23.19287109375
"935",-40.125,-55.3125,13.3026482077206,0.418212890625,47.75
"936",-40.125,-55.1875,11.1800028483073,0.056640625,26.698974609375
"937",-40.125,-55.0625,11.1926000258502,0.36865234375,30.056396484375
"938",-40.125,-54.9375,14.8637019230769,0.193603515625,114.25439453125
"939",-40.125,-54.8125,17.0670946465164,0.760986328125,96.9345703125
"940",-40.125,-54.6875,17.6364516314338,0.20068359375,105.678466796875
"941",-40.125,-54.5625,23.2252658420139,0.087158203125,121.419189453125
"942",-40.125,-54.4375,62.9871468892912,0.028076171875,322.028900146484
"943",-40.125,-54.3125,99.5771319948394,0.4930419921875,401.180908203125
"944",-40.125,-54.1875,30.7957703637295,0.06005859375,142.831665039062
"945",-40.125,-54.0625,20.4955710386619,0.302490234375,108.59375
"946",-40.125,-53.9375,33.8755055303159,0.005615234375,206.283081054688
"947",-40.125,-53.8125,29.6346297414679,0.0152587890625,331.867370605469
"948",-40.125,-53.6875,206.765291876542,0.015869140625,1618.46447753906
"949",-40.125,-53.5625,333.469988723028,0.0013427734375,1601.60107421875
"950",-40.125,-53.4375,61.9833879059436,0.022705078125,1312.53930664062
"951",-40.125,-53.3125,39.6179841694079,0.009033203125,2108.5029296875
"952",-40.125,-53.1875,36.7861851951628,0.024169921875,2199.81591796875
"953",-40.125,-53.0625,22.1703259985602,0.025634765625,542.0986328125
"954",-40.125,-52.9375,29.752661663553,0.030517578125,547.753173828125
"955",-40.125,-52.8125,18.1169861910636,0.060302734375,277.147216796875
"956",-40.125,-52.6875,18.4785138811384,0.064697265625,204.276611328125
"957",-40.125,-52.5625,17.1753995653609,0,157.282470703125
"958",-40.125,-52.4375,16.9021837957974,0.0615234375,104.41357421875
"959",-40.125,-52.3125,22.5695613580771,0.037109375,558.123779296875
"960",-40.125,-52.1875,30.3646272452346,0.1533203125,611.145263671875
"961",-40.125,-52.0625,27.0394733708079,0.011474609375,618.600830078125
"962",-40.125,-51.9375,24.1634419987711,0.108154296875,620.45458984375
"963",-40.125,-51.8125,25.239588356803,0.002685546875,543.3349609375
"964",-40.125,-51.6875,20.6047598961556,0.00048828125,244.123291015625
"965",-40.125,-51.5625,22.6868721134755,0.012939453125,112.557861328125
"966",-40.125,-51.4375,28.850251604797,0.170166015625,504.94970703125
"967",-40.125,-51.3125,28.8645042136863,0.064208984375,573.771484375
"968",-40.125,-51.1875,41.7472965406335,0.02734375,709.92578125
"969",-40.125,-51.0625,32.16228573211,0.004638671875,685.276611328125
"970",-40.125,-50.9375,23.1928084608148,0.007080078125,637.650634765625
"971",-40.125,-50.8125,27.7050185785061,0.01708984375,1111.75708007812
"972",-40.125,-50.6875,37.2301815257353,0.2236328125,1135.29077148438
"973",-40.125,-50.5625,43.0908427040958,0.1103515625,1203.36206054688
"974",-40.125,-50.4375,45.6821625476747,0.422607421875,927.1748046875
"975",-40.125,-50.3125,53.3700463793429,0.667724609375,1238.14135742188
"976",-40.125,-50.1875,49.5939642061853,0.444091796875,1025.57568359375
"977",-40.125,-50.0625,5.616350095566,0,1243.27575683594
"978",-39.875,-55.4375,10.5091552734375,0.872314453125,20.14599609375
"979",-39.875,-55.3125,9.90857651654412,0.25439453125,27.251953125
"980",-39.875,-55.1875,10.7885890151515,0.486572265625,46.39697265625
"981",-39.875,-55.0625,14.2615395075158,0.522705078125,116.28173828125
"982",-39.875,-54.9375,12.9425120634191,0.047607421875,51.95947265625
"983",-39.875,-54.8125,14.2256130642361,0.615478515625,42.567138671875
"984",-39.875,-54.6875,13.0332158076299,0.129638671875,34.2978515625
"985",-39.875,-54.5625,26.6490536897079,0.02197265625,97.69482421875
"986",-39.875,-54.4375,82.2127477822184,6.7774658203125,408.604248046875
"987",-39.875,-54.3125,69.307760517249,0.3306884765625,424.614929199219
"988",-39.875,-54.1875,20.551973525792,0.10205078125,76.1951904296875
"989",-39.875,-54.0625,20.1425415039062,0.154052734375,100.294311523438
"990",-39.875,-53.9375,82.5749422709147,0.01025390625,1202.43151855469
"991",-39.875,-53.8125,604.80563601932,0.006103515625,1619.82006835938
"992",-39.875,-53.6875,447.612698860356,0.0672607421875,1601.56030273438
"993",-39.875,-53.5625,195.920069854114,0.012451171875,1485.50378417969
"994",-39.875,-53.4375,47.735898199314,0.0029296875,1218.59741210938
"995",-39.875,-53.3125,44.7204209858341,0.08203125,2305.96044921875
"996",-39.875,-53.1875,14.6474753485786,0.024658203125,188.463623046875
"997",-39.875,-53.0625,25.2493567833534,0.00732421875,364.9658203125
"998",-39.875,-52.9375,25.4370046009475,0.06787109375,556.740234375
"999",-39.875,-52.8125,23.843477281041,0.00146484375,538.652587890625
"1000",-39.875,-52.6875,18.3508813830389,0.0615234375,201.114013671875
"1001",-39.875,-52.5625,18.5019345703125,0.042236328125,151.282470703125
"1002",-39.875,-52.4375,24.3638796506228,0.115478515625,284.209228515625
"1003",-39.875,-52.3125,20.5958995692777,0.023193359375,283.416015625
"1004",-39.875,-52.1875,31.2920217413651,0.00537109375,604.07421875
"1005",-39.875,-52.0625,17.0119622395833,0.074462890625,107.6083984375
"1006",-39.875,-51.9375,26.2579907869038,0.053955078125,591.074951171875
"1007",-39.875,-51.8125,23.6330117318144,0.021240234375,132.857421875
"1008",-39.875,-51.6875,29.2994847790948,0.1279296875,500.619140625
"1009",-39.875,-51.5625,28.4656946518842,0.019775390625,502.79443359375
"1010",-39.875,-51.4375,31.066748046875,0.02099609375,552.4052734375
"1011",-39.875,-51.3125,27.4486320944393,0.037841796875,563.8369140625
"1012",-39.875,-51.1875,34.3467567418501,0.1435546875,587.271728515625
"1013",-39.875,-51.0625,33.8285340482767,0.13134765625,602.386474609375
"1014",-39.875,-50.9375,28.3673978176165,0.1220703125,638.994384765625
"1015",-39.875,-50.8125,24.0807872637091,0.27294921875,645.44482421875
"1016",-39.875,-50.6875,28.4734721603789,0.05810546875,661.46044921875
"1017",-39.875,-50.5625,25.2932788745777,0.018798828125,922.575927734375
"1018",-39.875,-50.4375,41.1440162061312,0.1494140625,1293.88793945312
"1019",-39.875,-50.3125,41.8070798098386,0.007080078125,1080.91137695312
"1020",-39.875,-50.1875,49.7712832207604,0.030517578125,1376.43579101562
"1021",-39.875,-50.0625,6.14577229817708,0,1625.79943847656
"1022",-39.625,-55.4375,10,10,10
"1023",-39.625,-55.3125,8.732421875,8.732421875,8.732421875
"1024",-39.625,-55.1875,8.86343383789062,0.70654296875,21.437744140625
"1025",-39.625,-55.0625,11.4653611823694,0.41162109375,34.8994140625
"1026",-39.625,-54.9375,14.568473815918,0.10791015625,120.56787109375
"1027",-39.625,-54.8125,14.2775765352471,0.06201171875,52.9716796875
"1028",-39.625,-54.6875,11.5575080422794,0.009521484375,44.60498046875
"1029",-39.625,-54.5625,20.2738745904738,0.5908203125,91.9715576171875
"1030",-39.625,-54.4375,28.7652197943793,0.2802734375,101.447387695312
"1031",-39.625,-54.3125,28.6576853785022,0.52734375,91.4908447265625
"1032",-39.625,-54.1875,34.6532858824119,0.78173828125,102.144775390625
"1033",-39.625,-54.0625,81.2809992863582,2.769775390625,255.10498046875
"1034",-39.625,-53.9375,147.515544128418,0.0157470703125,333.967803955078
"1035",-39.625,-53.8125,128.249165224225,0.0081787109375,1437.64636230469
"1036",-39.625,-53.6875,111.375344878262,0.013427734375,1503.51220703125
"1037",-39.625,-53.5625,32.8631986367582,0.01513671875,465.473876953125
"1038",-39.625,-53.4375,31.5215132034133,0.03271484375,2219.62329101562
"1039",-39.625,-53.3125,17.0145725462793,0.03857421875,356.17626953125
"1040",-39.625,-53.1875,18.1898410194799,0.033935546875,276.830322265625
"1041",-39.625,-53.0625,28.864664156143,0.096435546875,343.26708984375
"1042",-39.625,-52.9375,34.5894536944242,0.01171875,544.890380859375
"1043",-39.625,-52.8125,21.5044974532782,0.005859375,545.36328125
"1044",-39.625,-52.6875,16.1549336996423,0.033935546875,200.742919921875
"1045",-39.625,-52.5625,19.1783023924137,0.015625,159.4228515625
"1046",-39.625,-52.4375,23.9677427279874,0.035888671875,289.40625
"1047",-39.625,-52.3125,18.6171243469046,0.0234375,165.6826171875
"1048",-39.625,-52.1875,21.6795572916667,0.07177734375,106.746826171875
"1049",-39.625,-52.0625,33.6772635948701,0.04931640625,607.51708984375
"1050",-39.625,-51.9375,31.6874815192356,0.027587890625,598.36962890625
"1051",-39.625,-51.8125,27.3995329324672,0.0517578125,604.470703125
"1052",-39.625,-51.6875,22.5102558135986,0.007568359375,620.14501953125
"1053",-39.625,-51.5625,31.2527927943638,0.043701171875,597.7236328125
"1054",-39.625,-51.4375,29.6175902142785,0.000732421875,595.10791015625
"1055",-39.625,-51.3125,32.4107559511326,0.2119140625,591.022216796875
"1056",-39.625,-51.1875,25.2394192852551,0.00146484375,263.05322265625
"1057",-39.625,-51.0625,25.2792438943365,0.22021484375,197.37841796875
"1058",-39.625,-50.9375,23.0492010997279,0.057373046875,153.706787109375
"1059",-39.625,-50.8125,23.6847612878313,0.044189453125,199.626953125
"1060",-39.625,-50.6875,18.6796127319336,0.010498046875,198.5517578125
"1061",-39.625,-50.5625,18.1038766488137,0.006591796875,200.19677734375
"1062",-39.625,-50.4375,20.0111650530801,0.015869140625,632.698486328125
"1063",-39.625,-50.3125,18.9098201603084,0.00341796875,730.003173828125
"1064",-39.625,-50.1875,22.083655587078,0.006591796875,670.990234375
"1065",-39.625,-50.0625,7.85481290924953,0,808.260009765625
"1066",-39.375,-55.4375,8.914892578125,5.60546875,11.77685546875
"1067",-39.375,-55.3125,10.3907285748106,4.635986328125,16.014404296875
"1068",-39.375,-55.1875,9.59556995738636,1.735107421875,19.447265625
"1069",-39.375,-55.0625,9.41376410590278,0.010009765625,47.734375
"1070",-39.375,-54.9375,8.60828691647377,0.001708984375,97.569580078125
"1071",-39.375,-54.8125,8.28877965415396,0.2060546875,30.8662109375
"1072",-39.375,-54.6875,12.0983403043927,0.047119140625,41.571533203125
"1073",-39.375,-54.5625,33.6075981987847,0.0255126953125,188.359252929688
"1074",-39.375,-54.4375,63.1302889560131,1.639404296875,192.952514648438
"1075",-39.375,-54.3125,56.6928731557485,3.9127197265625,154.396484375
"1076",-39.375,-54.1875,88.2229450367115,13.75439453125,204.148712158203
"1077",-39.375,-54.0625,112.038877680061,0.766876220703125,279.326049804688
"1078",-39.375,-53.9375,142.417653319656,0.224578857421875,284.251586914062
"1079",-39.375,-53.8125,129.130205036375,0.095733642578125,338.426879882812
"1080",-39.375,-53.6875,63.7975607850498,0.00189208984375,535.070922851562
"1081",-39.375,-53.5625,28.9933807037689,0.00341796875,251.761962890625
"1082",-39.375,-53.4375,38.3414641523783,0.272705078125,2205.00048828125
"1083",-39.375,-53.3125,21.7098810532514,0.054443359375,365.2607421875
"1084",-39.375,-53.1875,17.7884300006593,0.029541015625,81.34033203125
"1085",-39.375,-53.0625,15.9886746852518,0.03759765625,138.8896484375
"1086",-39.375,-52.9375,14.7287359940378,0.019775390625,87.612060546875
"1087",-39.375,-52.8125,13.0387589304071,0.009765625,63.8271484375
"1088",-39.375,-52.6875,17.1227153056377,0.00048828125,200.32177734375
"1089",-39.375,-52.5625,21.6041904734142,0.0126953125,316.132080078125
"1090",-39.375,-52.4375,23.086588303015,0.04443359375,320.392333984375
"1091",-39.375,-52.3125,23.9250444423653,0.016845703125,331.691162109375
"1092",-39.375,-52.1875,21.9626783288043,0.00634765625,324.7138671875
"1093",-39.375,-52.0625,24.2422872876364,0.050048828125,326.95361328125
"1094",-39.375,-51.9375,33.5181634742093,0.00830078125,609.130615234375
"1095",-39.375,-51.8125,41.2680530894886,0.204345703125,604.344970703125
"1096",-39.375,-51.6875,34.4850797833137,0.019287109375,602.938720703125
"1097",-39.375,-51.5625,28.2010164221939,0.135986328125,259.6962890625
"1098",-39.375,-51.4375,27.2753603068832,0.264404296875,132.9169921875
"1099",-39.375,-51.3125,27.6409865159255,0.02880859375,174.77734375
"1100",-39.375,-51.1875,23.1736251395089,0.0322265625,171.9375
"1101",-39.375,-51.0625,24.8117183810217,0.010498046875,223.780029296875
"1102",-39.375,-50.9375,18.8418953469943,0.021484375,204.77734375
"1103",-39.375,-50.8125,14.4810872010145,0.00634765625,225.536376953125
"1104",-39.375,-50.6875,13.7264185044372,0.03271484375,399.05810546875
"1105",-39.375,-50.5625,11.0292856273289,0.00537109375,429.967529296875
"1106",-39.375,-50.4375,18.2801920572917,0.09423828125,449.69580078125
"1107",-39.375,-50.3125,19.7997419330436,0.00390625,455.718505859375
"1108",-39.375,-50.1875,18.9697508708739,0.016357421875,257.421630859375
"1109",-39.375,-50.0625,9.44335833610372,0,90.302734375
"1110",-39.125,-56.5625,853.140014648438,832.231201171875,874.048828125
"1111",-39.125,-56.4375,991.396362304688,939.2861328125,1032.3427734375
"1112",-39.125,-56.3125,1033.58532714844,1033.58532714844,1033.58532714844
"1113",-39.125,-55.9375,4.719482421875,4.719482421875,4.719482421875
"1114",-39.125,-55.8125,10.4184814453125,6.000244140625,18.654541015625
"1115",-39.125,-55.6875,7.92764718191964,0.407958984375,16.97216796875
"1116",-39.125,-55.5625,7.05770596590909,0.41064453125,21.215576171875
"1117",-39.125,-55.4375,9.91260490795173,0.9765625,19.35205078125
"1118",-39.125,-55.3125,10.49005859375,0.607666015625,17.574951171875
"1119",-39.125,-55.1875,9.67804827008929,4.6181640625,17.335693359375
"1120",-39.125,-55.0625,3.491455078125,0.002685546875,9.533935546875
"1121",-39.125,-54.9375,8.55448545258621,0.152587890625,42.976806640625
"1122",-39.125,-54.8125,8.77814416040348,0.38720703125,38.53662109375
"1123",-39.125,-54.6875,20.5882500542535,0.052978515625,151.186279296875
"1124",-39.125,-54.5625,76.9126251220703,1.906982421875,210.161605834961
"1125",-39.125,-54.4375,71.2940190633138,41.1769714355469,104.311050415039
"1126",-39.125,-54.3125,83.1068645276521,41.7346801757812,167.960327148438
"1127",-39.125,-54.1875,75.095671292009,3.16464233398438,172.740524291992
"1128",-39.125,-54.0625,31.3453794068928,0.439544677734375,148.226440429688
"1129",-39.125,-53.9375,51.7159173699874,0.287155151367188,222.659286499023
"1130",-39.125,-53.8125,148.977883168404,0.014678955078125,323.315032958984
"1131",-39.125,-53.6875,96.354682451413,0.0118408203125,562.782470703125
"1132",-39.125,-53.5625,49.0393121892756,0.021728515625,413.41650390625
"1133",-39.125,-53.4375,29.0913200378418,0.006591796875,2271.67822265625
"1134",-39.125,-53.3125,22.3422218971407,0.00341796875,360.83984375
"1135",-39.125,-53.1875,16.2819814253827,0.012451171875,82.09033203125
"1136",-39.125,-53.0625,16.0804087320964,0.01708984375,97.290283203125
"1137",-39.125,-52.9375,14.9901595455205,0.0078125,129.385009765625
"1138",-39.125,-52.8125,15.1815209173387,0.05078125,138.32275390625
"1139",-39.125,-52.6875,18.8823979215802,0.0029296875,209.098876953125
"1140",-39.125,-52.5625,25.8502136834777,0.021484375,319.616455078125
"1141",-39.125,-52.4375,22.131154826536,0.00341796875,327.1953125
"1142",-39.125,-52.3125,25.2731565241228,0.075927734375,335.937744140625
"1143",-39.125,-52.1875,20.5838660288665,0.033447265625,327.14892578125
"1144",-39.125,-52.0625,18.6578539868335,0.00341796875,142.24267578125
"1145",-39.125,-51.9375,27.1489415832322,0.002197265625,275.844482421875
"1146",-39.125,-51.8125,26.5601040857919,0.115234375,418.394287109375
"1147",-39.125,-51.6875,27.8216988985656,0.025634765625,189.822021484375
"1148",-39.125,-51.5625,25.8368502445859,0.01123046875,116.739013671875
"1149",-39.125,-51.4375,28.4123958871384,0.067626953125,122.1806640625
"1150",-39.125,-51.3125,19.7523232736895,0.01220703125,125.707275390625
"1151",-39.125,-51.1875,22.8886275679977,0.0341796875,203.50439453125
"1152",-39.125,-51.0625,16.2345544116985,0.02001953125,127.6787109375
"1153",-39.125,-50.9375,8.28785732026734,0.00927734375,129.4814453125
"1154",-39.125,-50.8125,9.86032404545114,0.00244140625,384.4794921875
"1155",-39.125,-50.6875,9.89401771282328,0.029296875,111.60986328125
"1156",-39.125,-50.5625,12.5042263679979,0.01123046875,108.31298828125
"1157",-39.125,-50.4375,8.75407167862022,0.0078125,103.68505859375
"1158",-39.125,-50.3125,9.88651886878655,0.00732421875,45.23388671875
"1159",-39.125,-50.1875,14.5863844651442,0.04150390625,68.52734375
"1160",-39.125,-50.0625,10.6766122982202,0,114.4794921875
"1161",-38.875,-56.6875,793.865966796875,793.865966796875,793.865966796875
"1162",-38.875,-56.5625,802.35888671875,802.35888671875,802.35888671875
"1163",-38.875,-56.3125,1073.85493164062,1031.14868164062,1097.49597167969
"1164",-38.875,-56.1875,9.9033203125,7.93359375,11.873046875
"1165",-38.875,-55.9375,9.06932373046875,1.343994140625,18.487548828125
"1166",-38.875,-55.8125,5.12944684709821,0.603271484375,23.695556640625
"1167",-38.875,-55.6875,8.74775654560811,0.950927734375,22.531005859375
"1168",-38.875,-55.5625,6.89922332763672,0.104248046875,25.586181640625
"1169",-38.875,-55.4375,8.37773749168883,0.34716796875,31.01171875
"1170",-38.875,-55.3125,8.11387453797043,0.68359375,16.05810546875
"1171",-38.875,-55.1875,9.969482421875,2.0400390625,17.94580078125
"1172",-38.875,-55.0625,5.00511410361842,0.197021484375,15.17529296875
"1173",-38.875,-54.9375,10.4718729654948,0.088623046875,104.12646484375
"1174",-38.875,-54.8125,16.8472723191784,0.33447265625,69.5728759765625
"1175",-38.875,-54.6875,64.3623591831752,1.394287109375,166.267272949219
"1176",-38.875,-54.5625,135.801520637844,69.3812866210938,172.28337097168
"1177",-38.875,-54.4375,144.924390792847,102.238624572754,169.370513916016
"1178",-38.875,-54.3125,72.8670744054458,31.1825180053711,97.7463684082031
"1179",-38.875,-54.1875,90.5342578887939,17.3192443847656,162.432281494141
"1180",-38.875,-54.0625,55.749531139027,0.784225463867188,158.300506591797
"1181",-38.875,-53.9375,16.8582147737829,0.125595092773438,184.564407348633
"1182",-38.875,-53.8125,134.599201971246,0.474884033203125,285.976715087891
"1183",-38.875,-53.6875,109.181781493212,0.1502685546875,329.59716796875
"1184",-38.875,-53.5625,46.83362707931,0.552734375,560.199462890625
"1185",-38.875,-53.4375,47.5827741851077,0.001708984375,2216.99096679688
"1186",-38.875,-53.3125,21.2352201915923,0.143798828125,337.831787109375
"1187",-38.875,-53.1875,18.8250068530702,0.021240234375,156.174560546875
"1188",-38.875,-53.0625,16.7178118918842,0,95.9345703125
"1189",-38.875,-52.9375,14.1366092116207,0.013671875,68.48046875
"1190",-38.875,-52.8125,18.7836866656553,0.0185546875,133.667236328125
"1191",-38.875,-52.6875,17.7620892591879,0.06103515625,104.87109375
"1192",-38.875,-52.5625,22.062118902439,0.1064453125,314.407470703125
"1193",-38.875,-52.4375,20.5362864064646,0.026123046875,317.53173828125
"1194",-38.875,-52.3125,32.4119489397321,0.05322265625,340.188720703125
"1195",-38.875,-52.1875,25.8933047537076,0.094970703125,340.18896484375
"1196",-38.875,-52.0625,24.5708656311035,0.17919921875,281.553466796875
"1197",-38.875,-51.9375,24.1613669093651,0.031982421875,278.963134765625
"1198",-38.875,-51.8125,22.5407801112522,0.033203125,282.851318359375
"1199",-38.875,-51.6875,25.6871970572123,0.05712890625,420.55029296875
"1200",-38.875,-51.5625,20.8238253147482,0.035888671875,119.6103515625
"1201",-38.875,-51.4375,22.6494564416274,0.196533203125,118.857177734375
"1202",-38.875,-51.3125,22.1877183446344,0.01171875,125.949951171875
"1203",-38.875,-51.1875,16.4706169103238,0.0244140625,78.927978515625
"1204",-38.875,-51.0625,14.0199661711733,0.005859375,181.141357421875
"1205",-38.875,-50.9375,12.4433092271959,0.03173828125,132.04296875
"1206",-38.875,-50.8125,7.59601702008929,0.0078125,374.943115234375
"1207",-38.875,-50.6875,9.7094834045794,0.0361328125,403.93798828125
"1208",-38.875,-50.5625,9.27804308321886,0.04541015625,105.1455078125
"1209",-38.875,-50.4375,7.43085554534314,0.00830078125,65.111328125
"1210",-38.875,-50.3125,6.3724800590035,0.00048828125,26.9560546875
"1211",-38.875,-50.1875,8.58706825657895,0.02880859375,41.17236328125
"1212",-38.875,-50.0625,2.33208745503597,0,37.5224609375
"1213",-38.625,-56.5625,781.097412109375,781.097412109375,781.097412109375
"1214",-38.625,-56.3125,761.661706542969,10.129150390625,1096.04174804688
"1215",-38.625,-56.1875,604.671072823661,7.986083984375,1059.02746582031
"1216",-38.625,-56.0625,4.20135498046875,0.8974609375,11.74755859375
"1217",-38.625,-55.9375,11.5136387711864,0.615966796875,21.157958984375
"1218",-38.625,-55.8125,10.7655534415409,0.37060546875,22.113525390625
"1219",-38.625,-55.6875,8.96396570038377,0.1171875,28.608154296875
"1220",-38.625,-55.5625,9.917236328125,0.07177734375,38.759521484375
"1221",-38.625,-55.4375,9.60049243683511,0.38525390625,40.025634765625
"1222",-38.625,-55.3125,9.13272530691964,0.063232421875,28.204345703125
"1223",-38.625,-55.1875,7.95772879464286,0.054931640625,16.759765625
"1224",-38.625,-55.0625,5.40472966974432,0.19873046875,18.06640625
"1225",-38.625,-54.9375,12.4873560855263,0.656982421875,128.779541015625
"1226",-38.625,-54.8125,49.2406081047611,3.71630859375,109.083526611328
"1227",-38.625,-54.6875,80.3649205052575,0.4564208984375,123.993530273438
"1228",-38.625,-54.5625,83.361336996389,0.402755737304688,159.888687133789
"1229",-38.625,-54.4375,88.8799774494577,0.94189453125,184.542373657227
"1230",-38.625,-54.3125,68.9945143030045,0.168365478515625,183.748870849609
"1231",-38.625,-54.1875,64.3414999028688,0.0450592041015625,168.487426757812
"1232",-38.625,-54.0625,23.1947907519942,0.0515899658203125,166.371459960938
"1233",-38.625,-53.9375,11.2261876015768,0.147918701171875,182.603057861328
"1234",-38.625,-53.8125,56.2227369836495,0.097198486328125,237.774932861328
"1235",-38.625,-53.6875,125.096696225469,0.022216796875,364.740203857422
"1236",-38.625,-53.5625,39.1520276191907,0.09912109375,387.521362304688
"1237",-38.625,-53.4375,44.0031784129255,0.048095703125,2343.64208984375
"1238",-38.625,-53.3125,21.960675582145,0.11279296875,301.86328125
"1239",-38.625,-53.1875,22.0934192554371,0.040771484375,317.27294921875
"1240",-38.625,-53.0625,13.7129810933534,0.02392578125,101.623291015625
"1241",-38.625,-52.9375,18.0912903624696,0.023681640625,112.602294921875
"1242",-38.625,-52.8125,21.58740234375,0.231201171875,113.83447265625
"1243",-38.625,-52.6875,20.5189404296875,0.064208984375,140.322509765625
"1244",-38.625,-52.5625,23.4188742749268,0.108642578125,308.562744140625
"1245",-38.625,-52.4375,23.5191778712517,0.14501953125,278.620849609375
"1246",-38.625,-52.3125,24.071494497904,0.02490234375,341.967041015625
"1247",-38.625,-52.1875,20.4265090942383,0.101318359375,103.1669921875
"1248",-38.625,-52.0625,24.3345367431641,0.05908203125,284.946044921875
"1249",-38.625,-51.9375,20.5700877892517,0.030517578125,153.67333984375
"1250",-38.625,-51.8125,18.550833953373,0.058349609375,272.30419921875
"1251",-38.625,-51.6875,22.836682048065,0.00439453125,420.000732421875
"1252",-38.625,-51.5625,25.6483420028168,0.130859375,412.851806640625
"1253",-38.625,-51.4375,21.4121794669859,0.020751953125,264.464111328125
"1254",-38.625,-51.3125,22.8345595851089,0.0888671875,269.023681640625
"1255",-38.625,-51.1875,14.3558435136346,0.00634765625,112.31884765625
"1256",-38.625,-51.0625,12.7791541869135,0.0029296875,121.83447265625
"1257",-38.625,-50.9375,12.0895342293432,0,132.1689453125
"1258",-38.625,-50.8125,8.46284133477918,0.01220703125,176.05859375
"1259",-38.625,-50.6875,6.60421743116961,0.001953125,182.45751953125
"1260",-38.625,-50.5625,7.19621318095439,0.0126953125,450.35107421875
"1261",-38.625,-50.4375,6.4471238080193,0.01220703125,191.19140625
"1262",-38.625,-50.3125,6.09503090218322,0.08251953125,43.24609375
"1263",-38.625,-50.1875,6.5599762991573,0.0087890625,35.5576171875
"1264",-38.625,-50.0625,2.51236563355383,0,38.88720703125
"1265",-38.375,-56.5625,777.534912109375,777.534912109375,777.534912109375
"1266",-38.375,-56.3125,1338.9770711263,978.337646484375,2910.72802734375
"1267",-38.375,-56.1875,763.592219426082,1.003173828125,1068.79455566406
"1268",-38.375,-56.0625,55.7220791903409,0.94287109375,1053.33984375
"1269",-38.375,-55.9375,9.84938848586309,0.9228515625,25.301513671875
"1270",-38.375,-55.8125,110.074048145708,0.388671875,2807.5283203125
"1271",-38.375,-55.6875,107.181729105495,0.04736328125,3107.62915039062
"1272",-38.375,-55.5625,183.123447563812,0.00439453125,3131.92749023438
"1273",-38.375,-55.4375,326.90223504505,0.01416015625,3213.41040039062
"1274",-38.375,-55.3125,8.19346543609119,0.40673828125,26.197998046875
"1275",-38.375,-55.1875,6.9925537109375,0.1328125,18.0341796875
"1276",-38.375,-55.0625,7.431640625,1.882080078125,19.86279296875
"1277",-38.375,-54.9375,50.5124883884337,0.7255859375,197.25244140625
"1278",-38.375,-54.8125,55.4264926081118,0.5179443359375,137.939727783203
"1279",-38.375,-54.6875,68.8839773095172,0.055999755859375,181.427398681641
"1280",-38.375,-54.5625,91.1943601820204,0.0652313232421875,186.762954711914
"1281",-38.375,-54.4375,34.2807731628418,0.111282348632812,186.577499389648
"1282",-38.375,-54.3125,24.0472222405511,0.0042877197265625,96.9104919433594
"1283",-38.375,-54.1875,29.7511691610322,0.0196533203125,113.071403503418
"1284",-38.375,-54.0625,26.7584027216985,0.081451416015625,142.570709228516
"1285",-38.375,-53.9375,12.7787194853847,0.228744506835938,44.8061103820801
"1286",-38.375,-53.8125,15.0858978065285,0.0097503662109375,223.566741943359
"1287",-38.375,-53.6875,143.658311974512,0.012176513671875,469.768249511719
"1288",-38.375,-53.5625,69.0643908852025,0.0648193359375,499.017211914062
"1289",-38.375,-53.4375,23.4684459758255,0.00732421875,195.489013671875
"1290",-38.375,-53.3125,40.1783348570479,0.03857421875,2424.498046875
"1291",-38.375,-53.1875,21.1230535333807,0.005615234375,307.18505859375
"1292",-38.375,-53.0625,17.1434506698393,0.0810546875,180.884765625
"1293",-38.375,-52.9375,14.3655827926377,0.046142578125,105.6845703125
"1294",-38.375,-52.8125,17.1192953927176,0.0087890625,372.355224609375
"1295",-38.375,-52.6875,25.2278685856387,0.02099609375,382.755126953125
"1296",-38.375,-52.5625,23.0219544027453,0.026611328125,379.00830078125
"1297",-38.375,-52.4375,19.5699541224515,0.00048828125,371.08447265625
"1298",-38.375,-52.3125,29.5695911085749,0.078369140625,368.74609375
"1299",-38.375,-52.1875,21.0756372305063,0,274.9111328125
"1300",-38.375,-52.0625,18.4951544664577,0.05859375,282.8466796875
"1301",-38.375,-51.9375,25.3039902509269,0.007080078125,179.91943359375
"1302",-38.375,-51.8125,22.190139894563,0.019775390625,167.77490234375
"1303",-38.375,-51.6875,21.3812465872816,0.001708984375,136.03515625
"1304",-38.375,-51.5625,21.7553951539855,0.1396484375,416.60888671875
"1305",-38.375,-51.4375,19.4330518424856,0.00390625,121.92431640625
"1306",-38.375,-51.3125,18.1342033858408,0.0087890625,268.628173828125
"1307",-38.375,-51.1875,17.5836269162736,0.00537109375,122.1748046875
"1308",-38.375,-51.0625,13.6153107625575,0.013671875,117.828125
"1309",-38.375,-50.9375,9.45819769965278,0.013671875,136.337890625
"1310",-38.375,-50.8125,9.92184012276786,0.046875,60.45947265625
"1311",-38.375,-50.6875,7.88633585319245,0.0703125,44.02001953125
"1312",-38.375,-50.5625,7.1318954839939,0.0048828125,96.7060546875
"1313",-38.375,-50.4375,12.2413131359012,0.0009765625,486.8662109375
"1314",-38.375,-50.3125,8.59649098916833,0.01708984375,193.521484375
"1315",-38.375,-50.1875,15.5846653114371,0.025390625,186.10693359375
"1316",-38.375,-50.0625,4.48615105597527,0,162.0888671875
"1317",-38.125,-56.5625,769.826904296875,769.826904296875,769.826904296875
"1318",-38.125,-56.4375,3053.58837890625,2982.29956054688,3072.53466796875
"1319",-38.125,-56.3125,2909.13415527344,2906.82592773438,2911.4423828125
"1320",-38.125,-56.1875,729.999572753906,1.07373046875,2907.79125976562
"1321",-38.125,-56.0625,204.602764892578,0.210693359375,2909.04736328125
"1322",-38.125,-55.9375,224.332931290812,0.724853515625,3035.90869140625
"1323",-38.125,-55.8125,118.60341389974,0.152099609375,3100.6748046875
"1324",-38.125,-55.6875,10.024908156622,0.069091796875,40.58251953125
"1325",-38.125,-55.5625,9.3302743094308,0.09423828125,42.10888671875
"1326",-38.125,-55.4375,61.3486692194353,0.49267578125,3186.25170898438
"1327",-38.125,-55.3125,44.5578211167279,0.207275390625,3055.93359375
"1328",-38.125,-55.1875,7.58444393382353,0.29248046875,18.7490234375
"1329",-38.125,-55.0625,11.9267578125,0.57861328125,64.098388671875
"1330",-38.125,-54.9375,101.951208496094,3.348388671875,266.946105957031
"1331",-38.125,-54.8125,135.88082936268,0.594696044921875,272.662048339844
"1332",-38.125,-54.6875,108.948981000231,0.445114135742188,174.494537353516
"1333",-38.125,-54.5625,59.6491444905599,0.703689575195312,124.511138916016
"1334",-38.125,-54.4375,24.9080538581399,0.0940704345703125,105.921371459961
"1335",-38.125,-54.3125,21.0342771429765,0.169845581054688,99.0437088012695
"1336",-38.125,-54.1875,15.5899196016616,0.1275634765625,55.1982727050781
"1337",-38.125,-54.0625,22.2393732324111,0.16522216796875,72.4118347167969
"1338",-38.125,-53.9375,24.4341603225132,0.0430755615234375,134.295761108398
"1339",-38.125,-53.8125,158.177277893403,0.0107421875,268.224700927734
"1340",-38.125,-53.6875,176.796222588233,0.0535888671875,401.652008056641
"1341",-38.125,-53.5625,119.769394704947,0.19287109375,526.351196289062
"1342",-38.125,-53.4375,29.4627502441406,0.2071533203125,356.972412109375
"1343",-38.125,-53.3125,56.2558772646148,0.015625,2530.76000976562
"1344",-38.125,-53.1875,24.170341722893,0.01806640625,312.953125
"1345",-38.125,-53.0625,15.1023208288838,0.012939453125,189.237548828125
"1346",-38.125,-52.9375,16.8360979803677,0.015380859375,199.058349609375
"1347",-38.125,-52.8125,16.9901380626433,0.008056640625,372.613525390625
"1348",-38.125,-52.6875,20.9014806126062,0.029296875,372.390380859375
"1349",-38.125,-52.5625,19.7649140271722,0.046875,380.80322265625
"1350",-38.125,-52.4375,33.5711993644251,0.019775390625,1072.25146484375
"1351",-38.125,-52.3125,21.886623550511,0.030029296875,1078.81201171875
"1352",-38.125,-52.1875,18.488094697363,0.274658203125,133.855712890625
"1353",-38.125,-52.0625,21.5109855250308,0.195556640625,176.3505859375
"1354",-38.125,-51.9375,23.1181214238556,0.0458984375,128.9208984375
"1355",-38.125,-51.8125,19.26836412387,0.0087890625,116.742919921875
"1356",-38.125,-51.6875,21.6556098090278,0.00390625,167.423583984375
"1357",-38.125,-51.5625,22.9464194557884,0.00341796875,406.1171875
"1358",-38.125,-51.4375,18.6811098531987,0.025390625,275.1171875
"1359",-38.125,-51.3125,17.0292586141558,0.05078125,117.44189453125
"1360",-38.125,-51.1875,15.0357366193805,0.0439453125,120.2529296875
"1361",-38.125,-51.0625,12.2780335441468,0.0322265625,126.6416015625
"1362",-38.125,-50.9375,10.1502464175842,0.046875,53.3388671875
"1363",-38.125,-50.8125,9.80725569751381,0.02978515625,63.01025390625
"1364",-38.125,-50.6875,5.33788741262336,0.00048828125,47.39453125
"1365",-38.125,-50.5625,4.22883948501276,0.00927734375,33.09814453125
"1366",-38.125,-50.4375,9.01236539273649,0.03271484375,466.1123046875
"1367",-38.125,-50.3125,10.0340673828125,0.017578125,468.90087890625
"1368",-38.125,-50.1875,10.9300555889423,0.07373046875,91.689453125
"1369",-38.125,-50.0625,4.01140651573129,0,41.76416015625
"1370",-37.875,-56.5625,799.087646484375,785.66796875,812.50732421875
"1371",-37.875,-56.4375,3063.70027669271,3059.572265625,3071.95629882812
"1372",-37.875,-56.3125,34.0498046875,31.985595703125,36.114013671875
"1373",-37.875,-56.1875,12.8680974786932,0.200439453125,35.5498046875
"1374",-37.875,-56.0625,303.321616908482,0.982177734375,3087.54296875
"1375",-37.875,-55.9375,20.5367034544428,0.045166015625,969.901611328125
"1376",-37.875,-55.8125,82.4985028731922,0.013916015625,3187.2783203125
"1377",-37.875,-55.6875,53.8466418362403,0.09814453125,2859.61376953125
"1378",-37.875,-55.5625,70.0073675858347,0.037109375,3165.98852539062
"1379",-37.875,-55.4375,104.479963030134,0.037109375,3180.90258789062
"1380",-37.875,-55.3125,8.43912179129464,0.1025390625,21.30224609375
"1381",-37.875,-55.1875,4.8745361328125,0.115478515625,13.47119140625
"1382",-37.875,-55.0625,58.1314156668527,0.270751953125,277.338439941406
"1383",-37.875,-54.9375,81.4191318359375,0.8687744140625,428.833312988281
"1384",-37.875,-54.8125,60.5102657561607,0.01031494140625,242.340515136719
"1385",-37.875,-54.6875,53.1810403551374,0.02099609375,237.144622802734
"1386",-37.875,-54.5625,15.1232135260283,0.00604248046875,247.858612060547
"1387",-37.875,-54.4375,39.9846119480279,0.0017242431640625,226.005126953125
"1388",-37.875,-54.3125,22.0590318007276,0.0282135009765625,120.08479309082
"1389",-37.875,-54.1875,12.8281345510841,0.0610198974609375,77.0368118286133
"1390",-37.875,-54.0625,13.3768152288488,0.0368881225585938,65.5824813842773
"1391",-37.875,-53.9375,32.9303137991163,0.139678955078125,140.721298217773
"1392",-37.875,-53.8125,58.6155739254422,0.0446929931640625,245.115264892578
"1393",-37.875,-53.6875,61.1286065458047,0.007965087890625,343.426696777344
"1394",-37.875,-53.5625,109.912143100131,0.04742431640625,545.483703613281
"1395",-37.875,-53.4375,35.6067012264039,0.00634765625,447.441040039062
"1396",-37.875,-53.3125,56.5158824760373,0.058837890625,2587.19067382812
"1397",-37.875,-53.1875,24.1441434972426,0.01904296875,605.08154296875
"1398",-37.875,-53.0625,14.8335667299421,0.08544921875,114.808349609375
"1399",-37.875,-52.9375,19.7703964605564,0.023681640625,215.16064453125
"1400",-37.875,-52.8125,26.2015030506514,0.115966796875,247.79931640625
"1401",-37.875,-52.6875,25.1118853007277,0.0947265625,192.215087890625
"1402",-37.875,-52.5625,22.8631315685454,0.12939453125,190.6064453125
"1403",-37.875,-52.4375,33.5694981876959,0.012451171875,432.705322265625
"1404",-37.875,-52.3125,32.3258426430171,0.127197265625,1110.724609375
"1405",-37.875,-52.1875,23.5169109861493,0.0400390625,182.37353515625
"1406",-37.875,-52.0625,27.3445349584652,0.081298828125,180.7314453125
"1407",-37.875,-51.9375,26.3757368208052,0.0087890625,459.5302734375
"1408",-37.875,-51.8125,18.8780973735609,0.014892578125,138.968017578125
"1409",-37.875,-51.6875,20.6924162789677,0.012451171875,132.814453125
"1410",-37.875,-51.5625,24.6124931469298,0.010498046875,384.1845703125
"1411",-37.875,-51.4375,14.7879128344482,0.0244140625,126.056640625
"1412",-37.875,-51.3125,14.5074589170259,0.109375,45.95751953125
"1413",-37.875,-51.1875,11.5459386804602,0.015625,106.0693359375
"1414",-37.875,-51.0625,10.5852593315972,0.05517578125,52.64306640625
"1415",-37.875,-50.9375,7.97418212890625,0.0166015625,38.115234375
"1416",-37.875,-50.8125,8.84040178571429,0.068359375,49.44873046875
"1417",-37.875,-50.6875,5.81706448549724,0.02392578125,44.7578125
"1418",-37.875,-50.5625,7.64391776842949,0.05322265625,40.314453125
"1419",-37.875,-50.4375,4.94776068793403,0.01611328125,34.75390625
"1420",-37.875,-50.3125,4.88705842391304,0.04296875,31.4609375
"1421",-37.875,-50.1875,24.3571019665948,0.0732421875,512.6689453125
"1422",-37.875,-50.0625,4.77728515625,0,27.3037109375
"1423",-37.625,-56.8125,1257.8453125,8.064453125,3131.810546875
"1424",-37.625,-56.6875,997.685651506696,5.92041015625,3100.60595703125
"1425",-37.625,-56.5625,2315.92333984375,30.923095703125,3096.16137695312
"1426",-37.625,-56.4375,1031.00838216146,32.502685546875,3025.328125
"1427",-37.625,-56.3125,894.726911272321,9.97314453125,3087.712890625
"1428",-37.625,-56.1875,189.92775591682,0.170654296875,3086.1455078125
"1429",-37.625,-56.0625,154.003579582967,0.293701171875,3091.90283203125
"1430",-37.625,-55.9375,74.0215840242347,0.08837890625,3180.28564453125
"1431",-37.625,-55.8125,64.7132397032621,0.27294921875,3120.47485351562
"1432",-37.625,-55.6875,36.1087544759115,0.302734375,3078.60034179688
"1433",-37.625,-55.5625,11.6790969436233,0.1240234375,93.332275390625
"1434",-37.625,-55.4375,9.7964605287064,0.469482421875,23.942138671875
"1435",-37.625,-55.3125,16.2950497581845,0.54248046875,122.676513671875
"1436",-37.625,-55.1875,22.7233615451389,0.348876953125,89.48046875
"1437",-37.625,-55.0625,29.4878899665294,0.1356201171875,252.777099609375
"1438",-37.625,-54.9375,76.138248726981,1.161376953125,561.867858886719
"1439",-37.625,-54.8125,88.7706974225166,0.01617431640625,196.479797363281
"1440",-37.625,-54.6875,102.466551371983,0.012786865234375,243.05419921875
"1441",-37.625,-54.5625,111.879121240867,0.012603759765625,243.123336791992
"1442",-37.625,-54.4375,129.984941905512,0.0434112548828125,220.243026733398
"1443",-37.625,-54.3125,97.0968723442718,0.002471923828125,219.401992797852
"1444",-37.625,-54.1875,65.6360870614344,0.024078369140625,160.135925292969
"1445",-37.625,-54.0625,14.7493940625111,0.00521039962768555,97.307861328125
"1446",-37.625,-53.9375,27.6630443773772,0.04510498046875,104.776191711426
"1447",-37.625,-53.8125,40.8232616470893,0.011199951171875,219.90592956543
"1448",-37.625,-53.6875,100.1854985848,0.0009613037109375,353.042755126953
"1449",-37.625,-53.5625,109.686086226483,0.01904296875,555.964050292969
"1450",-37.625,-53.4375,46.3469590783757,0.0142822265625,466.642333984375
"1451",-37.625,-53.3125,44.3607958280123,0.030029296875,2604.38989257812
"1452",-37.625,-53.1875,33.5342580647486,0.020751953125,2715.03125
"1453",-37.625,-53.0625,13.5770354844723,0.001220703125,120.405517578125
"1454",-37.625,-52.9375,21.8884433689963,0.03662109375,194.971923828125
"1455",-37.625,-52.8125,29.5148894570091,0.048828125,324.337646484375
"1456",-37.625,-52.6875,24.8375779291279,0.104736328125,132.320922851562
"1457",-37.625,-52.5625,27.1324399038462,0.276123046875,245.367431640625
"1458",-37.625,-52.4375,21.0372034801136,0.042724609375,107.678955078125
"1459",-37.625,-52.3125,35.7366648977592,0.14404296875,1140.92883300781
"1460",-37.625,-52.1875,24.2599931196733,0.044921875,176.57470703125
"1461",-37.625,-52.0625,22.7743454836728,0.01513671875,179.0126953125
"1462",-37.625,-51.9375,28.6803779268404,0.099365234375,462.25048828125
"1463",-37.625,-51.8125,28.3601511101974,0.064697265625,461.81298828125
"1464",-37.625,-51.6875,20.6624328613281,0.068603515625,423.012451171875
"1465",-37.625,-51.5625,22.0048151908161,0.013671875,399.265380859375
"1466",-37.625,-51.4375,12.3724169710498,0.0087890625,125.8623046875
"1467",-37.625,-51.3125,12.359258844989,0.0078125,46.1513671875
"1468",-37.625,-51.1875,11.2495353929924,0.00439453125,42.1552734375
"1469",-37.625,-51.0625,10.4374186197917,0.01953125,30.4345703125
"1470",-37.625,-50.9375,9.80422447467672,0.04052734375,55.18505859375
"1471",-37.625,-50.8125,15.6507927389706,0.08349609375,53.35107421875
"1472",-37.625,-50.6875,10.8919116870777,0.0283203125,46.1416015625
"1473",-37.625,-50.5625,8.74765014648438,0.3193359375,45.658203125
"1474",-37.625,-50.4375,4.4697021484375,0.201171875,17.517578125
"1475",-37.625,-50.3125,8.41544596354167,0.33447265625,30.4375
"1476",-37.625,-50.1875,8.35414858217593,0.0888671875,35.49267578125
"1477",-37.625,-50.0625,9.68758138020833,0,33.05859375
"1478",-37.375,-57.5625,12.6962890625,12.6962890625,12.6962890625
"1479",-37.375,-57.3125,160.727416992188,0.192138671875,933.659912109375
"1480",-37.375,-57.1875,180.504959106445,0.874755859375,939.583984375
"1481",-37.375,-57.0625,111.192233615451,0.010498046875,957.67431640625
"1482",-37.375,-56.9375,814.243915264423,1.046142578125,3186.310546875
"1483",-37.375,-56.8125,194.823063151042,1.8876953125,1006.61083984375
"1484",-37.375,-56.6875,12.42236328125,0.3662109375,35.2734375
"1485",-37.375,-56.5625,13.7074092741935,0.031005859375,36.197021484375
"1486",-37.375,-56.4375,8.010986328125,0.136962890625,30.62255859375
"1487",-37.375,-56.3125,9.65184020996094,0.089111328125,46.83056640625
"1488",-37.375,-56.1875,9.02972111936475,0.131103515625,23.564208984375
"1489",-37.375,-56.0625,57.4222330729167,0.0380859375,3173.90576171875
"1490",-37.375,-55.9375,69.6400498610276,0.06982421875,3171.50122070312
"1491",-37.375,-55.8125,9.59889051649306,0.11474609375,31.2529296875
"1492",-37.375,-55.6875,14.0988872689261,3.572021484375,64.507568359375
"1493",-37.375,-55.5625,16.2905310428504,2.75634765625,70.426513671875
"1494",-37.375,-55.4375,11.4485509535846,0.464599609375,62.69921875
"1495",-37.375,-55.3125,11.848870171441,0.4501953125,70.049560546875
"1496",-37.375,-55.1875,13.5555270010965,0.021484375,180.30810546875
"1497",-37.375,-55.0625,49.8043453172706,0.405029296875,405.63525390625
"1498",-37.375,-54.9375,82.0856840090644,0.132965087890625,496.082305908203
"1499",-37.375,-54.8125,125.800574210521,0.206344604492188,217.960845947266
"1500",-37.375,-54.6875,106.597164154053,0.00311279296875,197.791763305664
"1501",-37.375,-54.5625,103.81895522566,1.24913024902344,166.714614868164
"1502",-37.375,-54.4375,162.152158539871,0.064910888671875,232.432098388672
"1503",-37.375,-54.3125,125.50765895033,0.0034942626953125,229.370758056641
"1504",-37.375,-54.1875,22.8798259212857,1.79829025268555,142.93359375
"1505",-37.375,-54.0625,31.1499652862549,2.82396697998047,68.7445526123047
"1506",-37.375,-53.9375,48.3922254354647,0.313949584960938,117.854156494141
"1507",-37.375,-53.8125,126.661432674096,0.001556396484375,233.260894775391
"1508",-37.375,-53.6875,144.844444297952,0.0028533935546875,324.100219726562
"1509",-37.375,-53.5625,167.1371576194,0.50048828125,595.557312011719
"1510",-37.375,-53.4375,67.7666452011624,0.139892578125,512.231140136719
"1511",-37.375,-53.3125,32.4398187462258,0.0595703125,291.73681640625
"1512",-37.375,-53.1875,52.0028885071536,0.01318359375,2712.54370117188
"1513",-37.375,-53.0625,20.2535286458333,0.028564453125,673.79150390625
"1514",-37.375,-52.9375,22.9836583956866,0.03564453125,190.69775390625
"1515",-37.375,-52.8125,29.0501160913584,0.35009765625,317.9814453125
"1516",-37.375,-52.6875,29.7347351827739,0.29736328125,341.33349609375
"1517",-37.375,-52.5625,24.2934186951188,0.2900390625,266.12109375
"1518",-37.375,-52.4375,21.609191694416,0.027099609375,194.247802734375
"1519",-37.375,-52.3125,32.9854629758805,0.104248046875,1115.99658203125
"1520",-37.375,-52.1875,21.7259021196209,0.001220703125,152.62890625
"1521",-37.375,-52.0625,22.0045107886905,0.08837890625,177.937744140625
"1522",-37.375,-51.9375,21.5423799402574,0.007080078125,454.936767578125
"1523",-37.375,-51.8125,26.884033203125,0.010009765625,137.739013671875
"1524",-37.375,-51.6875,24.9269376730617,0.02978515625,360.205810546875
"1525",-37.375,-51.5625,18.6631994247437,0.15576171875,397.139892578125
"1526",-37.375,-51.4375,15.4462816642992,0.017578125,424.5673828125
"1527",-37.375,-51.3125,10.397455124628,0.06591796875,56.70068359375
"1528",-37.375,-51.1875,16.2532123766447,0.00537109375,107.748046875
"1529",-37.375,-51.0625,11.9518779032939,0.10205078125,82.68115234375
"1530",-37.375,-50.9375,20.6592029389881,0.171875,90.31005859375
"1531",-37.375,-50.8125,15.4968001994681,0.197265625,44.76513671875
"1532",-37.375,-50.6875,19.4766555059524,0.2568359375,42.85888671875
"1533",-37.375,-50.5625,10.772436923668,0.00048828125,53.44384765625
"1534",-37.375,-50.4375,9.85212053571429,0.13671875,34.12158203125
"1535",-37.375,-50.3125,10.2913754111842,0.291015625,41.8603515625
"1536",-37.375,-50.1875,13.3191324869792,0.25634765625,37.9638671875
"1537",-37.375,-50.0625,17.2279459635417,0,42.1328125
"1538",-37.125,-57.6875,14.3046875,14.3046875,14.3046875
"1539",-37.125,-57.5625,18.2577311197917,2.460205078125,27.802978515625
"1540",-37.125,-57.4375,120.971051897321,0.091552734375,789.190185546875
"1541",-37.125,-57.3125,50.5903564453125,0.081298828125,860.111572265625
"1542",-37.125,-57.1875,95.6023779296875,0.0341796875,1119.42077636719
"1543",-37.125,-57.0625,51.377236328125,0.17041015625,1063.59326171875
"1544",-37.125,-56.9375,249.172420726103,0.26513671875,3214.9365234375
"1545",-37.125,-56.8125,93.3118489583333,0.22216796875,962.327880859375
"1546",-37.125,-56.6875,61.3064522879464,0.0498046875,909.849853515625
"1547",-37.125,-56.5625,11.7329756573933,0.10107421875,43.10986328125
"1548",-37.125,-56.4375,8.12938611260776,0.1396484375,31.152587890625
"1549",-37.125,-56.3125,61.0841613769531,0.03076171875,3174.01953125
"1550",-37.125,-56.1875,49.9102783203125,0.02734375,3163.8251953125
"1551",-37.125,-56.0625,51.8736397879464,0.039794921875,3171.3046875
"1552",-37.125,-55.9375,108.058936334425,0.041259765625,3089.95385742188
"1553",-37.125,-55.8125,11.6197233072917,0.016357421875,103.624267578125
"1554",-37.125,-55.6875,22.8988729940878,1.86669921875,162.624877929688
"1555",-37.125,-55.5625,19.3877092997233,0.166015625,130.657836914062
"1556",-37.125,-55.4375,11.8878723501462,0.539794921875,98.3701171875
"1557",-37.125,-55.3125,14.0150862068966,0.163330078125,89.85791015625
"1558",-37.125,-55.1875,21.1812149850946,0.136474609375,208.26025390625
"1559",-37.125,-55.0625,76.1852725963687,0.1429443359375,418.152465820312
"1560",-37.125,-54.9375,119.351122012617,0.011627197265625,262.092803955078
"1561",-37.125,-54.8125,123.684161731631,0.09991455078125,223.211517333984
"1562",-37.125,-54.6875,103.160807601544,0.08892822265625,203.420120239258
"1563",-37.125,-54.5625,60.124755859375,0.008880615234375,167.469696044922
"1564",-37.125,-54.4375,34.9090785980225,0.0080108642578125,125.507598876953
"1565",-37.125,-54.3125,67.3155643509655,0.103363037109375,139.123474121094
"1566",-37.125,-54.1875,7.64395732255209,0.693249702453613,28.2000045776367
"1567",-37.125,-54.0625,40.8006888203237,2.18079376220703,109.900115966797
"1568",-37.125,-53.9375,90.4907510168265,1.63584899902344,153.892913818359
"1569",-37.125,-53.8125,105.149221822103,0.117813110351562,221.856094360352
"1570",-37.125,-53.6875,104.378396442958,0.432907104492188,195.265518188477
"1571",-37.125,-53.5625,134.620727269473,1.52337646484375,508.327880859375
"1572",-37.125,-53.4375,100.322768813454,0.513671875,595.667785644531
"1573",-37.125,-53.3125,39.9180627441406,0.0577392578125,335.8671875
"1574",-37.125,-53.1875,40.5337702233022,0.059814453125,2683.6328125
"1575",-37.125,-53.0625,15.020095855774,0.09130859375,165.09326171875
"1576",-37.125,-52.9375,27.5030862764099,0.339111328125,767.64892578125
"1577",-37.125,-52.8125,30.1126361685739,0.307373046875,865.928100585938
"1578",-37.125,-52.6875,56.2078185869749,0.27392578125,987.613098144531
"1579",-37.125,-52.5625,59.8698190307617,0.013916015625,1129.09094238281
"1580",-37.125,-52.4375,32.4742304412412,0.0126953125,1450.33471679688
"1581",-37.125,-52.3125,33.575972861432,0.0107421875,1321.80786132812
"1582",-37.125,-52.1875,18.7464065100314,0.015869140625,161.160400390625
"1583",-37.125,-52.0625,18.7014299098069,0.006591796875,172.796875
"1584",-37.125,-51.9375,22.5665427436059,0.1513671875,432.074951171875
"1585",-37.125,-51.8125,21.8223021446503,0.03955078125,347.189453125
"1586",-37.125,-51.6875,19.0375859319827,0.05419921875,344.241455078125
"1587",-37.125,-51.5625,15.0835771736624,0.01611328125,140.71044921875
"1588",-37.125,-51.4375,20.1883562114877,0.1103515625,479.48876953125
"1589",-37.125,-51.3125,15.7390451738911,0.078125,106.2158203125
"1590",-37.125,-51.1875,14.4776500355114,0.00927734375,79.15869140625
"1591",-37.125,-51.0625,13.3306354025136,0.03125,49.791015625
"1592",-37.125,-50.9375,15.9988382273707,0.10546875,56.6630859375
"1593",-37.125,-50.8125,18.9630111882716,0.0908203125,90.1123046875
"1594",-37.125,-50.6875,20.0985600897606,0.22412109375,87.4130859375
"1595",-37.125,-50.5625,9.90548095703125,0.3056640625,43.7861328125
"1596",-37.125,-50.4375,17.597412109375,0.3935546875,48.208984375
"1597",-37.125,-50.3125,9.11732700892857,0.4765625,36.75390625
"1598",-37.125,-50.1875,12.0574035644531,0.29443359375,42.84423828125
"1599",-37.125,-50.0625,9.99541766826923,0,49.044921875
"1600",-36.875,-57.8125,18.178955078125,18.178955078125,18.178955078125
"1601",-36.875,-57.6875,19.7333374023438,2.124755859375,36.2900390625
"1602",-36.875,-57.5625,9.479345703125,0.11572265625,24.97607421875
"1603",-36.875,-57.4375,74.6847256747159,0.034912109375,765.716552734375
"1604",-36.875,-57.3125,124.853106689453,0.09765625,1202.89074707031
"1605",-36.875,-57.1875,40.5866461859809,0.035400390625,1151.83581542969
"1606",-36.875,-57.0625,329.04736328125,0.107666015625,3470.81372070312
"1607",-36.875,-56.9375,87.5583052201705,0.041015625,900.656982421875
"1608",-36.875,-56.8125,75.881352742513,0.02783203125,3150.0791015625
"1609",-36.875,-56.6875,121.377179509943,0.128662109375,3128.66821289062
"1610",-36.875,-56.5625,72.8604676293545,0.030029296875,3134.41650390625
"1611",-36.875,-56.4375,113.948536592371,0.106201171875,3110.95556640625
"1612",-36.875,-56.3125,113.284384450605,0.177734375,3184.06640625
"1613",-36.875,-56.1875,57.2128684303977,0.05078125,3118.93334960938
"1614",-36.875,-56.0625,64.3672578456038,0.1044921875,3094.10717773438
"1615",-36.875,-55.9375,12.0587623232887,0.061767578125,109.119873046875
"1616",-36.875,-55.8125,12.2680348115809,0.028564453125,79.041015625
"1617",-36.875,-55.6875,12.5140326605903,0.02685546875,56.115234375
"1618",-36.875,-55.5625,11.7300351016171,0.14013671875,84.579345703125
"1619",-36.875,-55.4375,11.0117653586648,0.106689453125,72.19482421875
"1620",-36.875,-55.3125,12.3071947419242,0.09033203125,303.70751953125
"1621",-36.875,-55.1875,40.0109341386436,0.210205078125,344.564208984375
"1622",-36.875,-55.0625,78.7712835296383,0.0126953125,411.620727539062
"1623",-36.875,-54.9375,132.313006060464,1.36483764648438,351.689697265625
"1624",-36.875,-54.8125,102.207952430449,2.77156066894531,250.526947021484
"1625",-36.875,-54.6875,96.9653289202348,0.674667358398438,196.933563232422
"1626",-36.875,-54.5625,78.9169373613723,0.100334167480469,134.458526611328
"1627",-36.875,-54.4375,49.6520179729072,0.291400909423828,91.1559219360352
"1628",-36.875,-54.3125,57.9578704833984,57.9578704833984,57.9578704833984
"1629",-36.875,-54.1875,8.90380525588989,0.62539529800415,49.4541969299316
"1630",-36.875,-54.0625,51.8123267141132,0.101898193359375,147.134552001953
"1631",-36.875,-53.9375,98.1641681967261,0.072113037109375,190.980972290039
"1632",-36.875,-53.8125,106.981825459543,0.353057861328125,200.991394042969
"1633",-36.875,-53.6875,97.3880817779867,1.20191955566406,230.197158813477
"1634",-36.875,-53.5625,125.92399232416,0.10888671875,512.588317871094
"1635",-36.875,-53.4375,95.7699435763889,1.47210693359375,585.24658203125
"1636",-36.875,-53.3125,37.8099523980521,0.0692138671875,482.552368164062
"1637",-36.875,-53.1875,50.1249067651944,0.022216796875,2700.49365234375
"1638",-36.875,-53.0625,18.5344416377755,0.087646484375,199.89208984375
"1639",-36.875,-52.9375,22.1989953113578,0.246337890625,153.473876953125
"1640",-36.875,-52.8125,23.2902092991105,0.035888671875,150.580444335938
"1641",-36.875,-52.6875,69.8857634037508,0.3558349609375,1012.04498291016
"1642",-36.875,-52.5625,58.9453959196879,0.0205078125,1594.48474121094
"1643",-36.875,-52.4375,80.3809094038166,0.192138671875,1648.53198242188
"1644",-36.875,-52.3125,23.9912578173706,0.003662109375,199.384033203125
"1645",-36.875,-52.1875,17.0658479533588,0.00048828125,172.6884765625
"1646",-36.875,-52.0625,16.4361215352426,0.007080078125,165.583740234375
"1647",-36.875,-51.9375,21.3713233150653,0.01904296875,394.92529296875
"1648",-36.875,-51.8125,21.5664273485725,0.00048828125,356.989990234375
"1649",-36.875,-51.6875,19.2196468145595,0.0224609375,444.0068359375
"1650",-36.875,-51.5625,14.6343307783019,0.00048828125,459.9326171875
"1651",-36.875,-51.4375,15.3231127635542,0.0234375,117.97607421875
"1652",-36.875,-51.3125,14.4334746570122,0.00244140625,104.9287109375
"1653",-36.875,-51.1875,10.7981266505282,0.10888671875,46.927734375
"1654",-36.875,-51.0625,13.3638209292763,0.00439453125,76.2841796875
"1655",-36.875,-50.9375,13.2786365855824,0.09130859375,55.91357421875
"1656",-36.875,-50.8125,15.79572265625,0.18115234375,52.2978515625
"1657",-36.875,-50.6875,18.3765162417763,0.01611328125,91.2529296875
"1658",-36.875,-50.5625,13.6007100768008,0.29150390625,88.00732421875
"1659",-36.875,-50.4375,21.8547668457031,0.80419921875,92.126953125
"1660",-36.875,-50.3125,23.9673502604167,0.00244140625,109
"1661",-36.875,-50.1875,15.4779296875,0.16259765625,45.94091796875
"1662",-36.875,-50.0625,13.7155412946429,0.171875,54.3662109375
"1663",-36.625,-57.9375,2492.61808268229,2437.8505859375,2545.47973632812
"1664",-36.625,-57.8125,2558.41345214844,2545.1279296875,2583.94873046875
"1665",-36.625,-57.6875,19.7056477864583,9.048095703125,30.957275390625
"1666",-36.625,-57.5625,11.6964518229167,1.27001953125,37.270263671875
"1667",-36.625,-57.4375,93.5433213975694,0.915771484375,783.742919921875
"1668",-36.625,-57.3125,3.57197840073529,0.09619140625,8.662841796875
"1669",-36.625,-57.1875,401.352043383049,0.302734375,3500.57421875
"1670",-36.625,-57.0625,340.469756155303,0.223876953125,3476.6494140625
"1671",-36.625,-56.9375,148.242858072917,0.046142578125,3172.43188476562
"1672",-36.625,-56.8125,8.49671863374256,0.075439453125,32.468994140625
"1673",-36.625,-56.6875,9.94059870793269,0.01513671875,51.858154296875
"1674",-36.625,-56.5625,8.63836263020833,0.5478515625,29.103271484375
"1675",-36.625,-56.4375,6.57971660907452,0.58154296875,17.272216796875
"1676",-36.625,-56.3125,130.787568359375,0.02587890625,3053.43627929688
"1677",-36.625,-56.1875,16.7589217476223,0.159423828125,60.0335693359375
"1678",-36.625,-56.0625,28.4385121663411,3.586669921875,71.3365478515625
"1679",-36.625,-55.9375,23.575290333141,2.48681640625,199.023986816406
"1680",-36.625,-55.8125,10.3877935143156,0.011962890625,55.08447265625
"1681",-36.625,-55.6875,10.2518335459184,0.00244140625,61.388671875
"1682",-36.625,-55.5625,10.9114237467448,0.0263671875,66.60791015625
"1683",-36.625,-55.4375,19.6941149635036,0.0703125,287.35595703125
"1684",-36.625,-55.3125,59.2900034923427,0.136962890625,295.641357421875
"1685",-36.625,-55.1875,94.9916597772591,0.94140625,363.21240234375
"1686",-36.625,-55.0625,140.586185738909,1.0010986328125,462.344665527344
"1687",-36.625,-54.9375,161.469625671387,1.29208374023438,237.253433227539
"1688",-36.625,-54.8125,77.5562188932211,0.251739501953125,188.732788085938
"1689",-36.625,-54.6875,98.7646479067595,0.00201416015625,167.237442016602
"1690",-36.625,-54.5625,102.770467838771,0.103034973144531,155.158355712891
"1691",-36.625,-54.4375,57.7252330780029,0.0645751953125,127.430213928223
"1692",-36.625,-54.3125,51.949133767022,0.189712524414062,140.642135620117
"1693",-36.625,-54.1875,64.0274656629099,0.213140487670898,135.511840820312
"1694",-36.625,-54.0625,104.91673706799,0.785728454589844,174.394271850586
"1695",-36.625,-53.9375,111.002811335918,5.79641723632812,191.109512329102
"1696",-36.625,-53.8125,106.481969353987,2.52285766601562,207.64714050293
"1697",-36.625,-53.6875,98.2223439100312,0.142074584960938,280.709289550781
"1698",-36.625,-53.5625,122.694412669197,0.00836181640625,528.016357421875
"1699",-36.625,-53.4375,65.9434020356982,0.190185546875,571.692626953125
"1700",-36.625,-53.3125,23.0518692436568,0.031494140625,172.097290039062
"1701",-36.625,-53.1875,57.3472540838068,0.010986328125,2696.18212890625
"1702",-36.625,-53.0625,15.3616268984921,0.166015625,184.984130859375
"1703",-36.625,-52.9375,20.1852579752604,0.766357421875,118.788818359375
"1704",-36.625,-52.8125,53.7567471590909,0.087890625,1582.85583496094
"1705",-36.625,-52.6875,49.5556879694455,0.20361328125,1584.63562011719
"1706",-36.625,-52.5625,33.0359152238921,0.01513671875,1555.00732421875
"1707",-36.625,-52.4375,24.1041998368275,0.015625,201.14404296875
"1708",-36.625,-52.3125,25.3414427559331,0.001708984375,204.295654296875
"1709",-36.625,-52.1875,19.4063138094815,0.00390625,210.391357421875
"1710",-36.625,-52.0625,18.0041101931371,0.02197265625,164.836669921875
"1711",-36.625,-51.9375,21.8374374718975,0.00244140625,392.5654296875
"1712",-36.625,-51.8125,17.0907740846894,0.001953125,141.362548828125
"1713",-36.625,-51.6875,21.6757933856451,0.01513671875,445.611083984375
"1714",-36.625,-51.5625,16.0216186103952,0.02490234375,116.451171875
"1715",-36.625,-51.4375,13.2662998855494,0.0791015625,106.958984375
"1716",-36.625,-51.3125,11.9340386284722,0.025390625,104.484375
"1717",-36.625,-51.1875,12.5300927349902,0.103515625,72.08056640625
"1718",-36.625,-51.0625,13.0185998987269,0.00244140625,70.74169921875
"1719",-36.625,-50.9375,14.013719245569,0.09716796875,74.01171875
"1720",-36.625,-50.8125,17.9007276686947,0.24853515625,72.3251953125
"1721",-36.625,-50.6875,19.7818488354953,0.03076171875,91.8359375
"1722",-36.625,-50.5625,11.9491261449353,0.05908203125,52.228515625
"1723",-36.625,-50.4375,19.1387369791667,0.1337890625,57.65283203125
"1724",-36.625,-50.3125,34.9336344401042,6.3603515625,83.21826171875
"1725",-36.625,-50.1875,36.4598022460938,6.611572265625,85.93115234375
"1726",-36.625,-50.0625,15.5737809806034,0,101.14013671875
"1727",-36.375,-57.8125,2571.05078125,2425.79272460938,2719.919921875
"1728",-36.375,-57.6875,14.5729370117188,0.19189453125,45.044189453125
"1729",-36.375,-57.5625,6.83525390625,1.02099609375,19.58984375
"1730",-36.375,-57.4375,65.1646118164062,0.153076171875,735.31982421875
"1731",-36.375,-57.3125,14.962978515625,0.117919921875,235.984130859375
"1732",-36.375,-57.1875,172.288079982851,0.539306640625,3490.39404296875
"1733",-36.375,-57.0625,283.065745035807,0.04736328125,3520.88037109375
"1734",-36.375,-56.9375,23.8203500600962,0.011962890625,1147.71264648438
"1735",-36.375,-56.8125,8.35026575307377,0.08984375,26.760009765625
"1736",-36.375,-56.6875,8.02148825024802,0.357177734375,31.95166015625
"1737",-36.375,-56.5625,5.82387488996479,0.013916015625,24.9267578125
"1738",-36.375,-56.4375,7.58929885643116,0.00146484375,35.177978515625
"1739",-36.375,-56.3125,77.4481105161517,0.00732421875,3088.71435546875
"1740",-36.375,-56.1875,44.3149580522017,0.032470703125,3082.82153320312
"1741",-36.375,-56.0625,9.47995087594697,0.021728515625,38.101806640625
"1742",-36.375,-55.9375,7.56573621961806,0.013671875,58.513916015625
"1743",-36.375,-55.8125,8.77703440411491,0.0859375,45.458984375
"1744",-36.375,-55.6875,18.2025340113147,0.090087890625,236.468017578125
"1745",-36.375,-55.5625,21.3012828178146,0.0849609375,247.89404296875
"1746",-36.375,-55.4375,82.8501508328024,0.165771484375,476.225402832031
"1747",-36.375,-55.3125,147.727836298187,0.10009765625,658.773315429688
"1748",-36.375,-55.1875,127.872494500595,1.22308349609375,551.484680175781
"1749",-36.375,-55.0625,121.224380013602,0.594833374023438,371.175415039062
"1750",-36.375,-54.9375,161.170083764883,0.843643188476562,233.557922363281
"1751",-36.375,-54.8125,68.7655440803588,0.196807861328125,171.324447631836
"1752",-36.375,-54.6875,91.0685678209577,5.57942199707031,132.118530273438
"1753",-36.375,-54.5625,113.018447028266,69.2383651733398,131.488388061523
"1754",-36.375,-54.3125,41.9926440499046,2.83712768554688,128.898223876953
"1755",-36.375,-54.1875,100.945943459697,11.0221557617188,152.219299316406
"1756",-36.375,-54.0625,114.990235193225,3.37704467773438,190.240386962891
"1757",-36.375,-53.9375,111.02880865561,1.1412353515625,201.273956298828
"1758",-36.375,-53.8125,80.5424337039592,0.1776123046875,242.158538818359
"1759",-36.375,-53.6875,119.733749934605,0.830215454101562,461.784545898438
"1760",-36.375,-53.5625,91.0818626361186,0.182373046875,562.943298339844
"1761",-36.375,-53.4375,48.9762010706185,0.025146484375,389.767700195312
"1762",-36.375,-53.3125,20.7805270026712,0.0477294921875,183.667236328125
"1763",-36.375,-53.1875,53.6166024191338,0.004638671875,2751.52416992188
"1764",-36.375,-53.0625,18.2020099431818,0.195556640625,116.433349609375
"1765",-36.375,-52.9375,27.7509341944534,0.9306640625,1278.64245605469
"1766",-36.375,-52.8125,78.1155047052557,0.102783203125,1498.42822265625
"1767",-36.375,-52.6875,19.5347028459821,0.00634765625,129.192138671875
"1768",-36.375,-52.5625,22.7509894120066,0.014404296875,192.591796875
"1769",-36.375,-52.4375,20.4235340207122,0.03271484375,190.2392578125
"1770",-36.375,-52.3125,19.165828751929,0.0546875,194.42333984375
"1771",-36.375,-52.1875,20.0783308044938,0.018310546875,198.261474609375
"1772",-36.375,-52.0625,16.2002051194173,0.007080078125,136.70947265625
"1773",-36.375,-51.9375,19.0550724178166,0.01171875,146.9599609375
"1774",-36.375,-51.8125,18.282238914853,0.01611328125,437.914306640625
"1775",-36.375,-51.6875,18.784811137635,0.05615234375,146.9375
"1776",-36.375,-51.5625,14.5850666942684,0.0693359375,105.3154296875
"1777",-36.375,-51.4375,15.6818300189394,0.00048828125,100.61572265625
"1778",-36.375,-51.3125,10.0521836818609,0.01806640625,76.0869140625
"1779",-36.375,-51.1875,12.9748557150901,0.0458984375,66.734375
"1780",-36.375,-51.0625,13.8193173008111,0.01416015625,71.86279296875
"1781",-36.375,-50.9375,13.7206550366951,0.06298828125,78.87646484375
"1782",-36.375,-50.8125,17.1476434725467,0.83203125,60.408203125
"1783",-36.375,-50.6875,13.2438108766234,0.0791015625,57.1591796875
"1784",-36.375,-50.5625,10.4547304095644,0.0439453125,54.06982421875
"1785",-36.375,-50.4375,20.3913713727679,0.37646484375,70.21435546875
"1786",-36.375,-50.3125,29.3777077414773,0.72265625,131.947998046875
"1787",-36.375,-50.1875,23.5977434430804,0.10791015625,75.85009765625
"1788",-36.375,-50.0625,39.2832728794643,0,160.4248046875
"1789",-36.125,-57.8125,2409.2401297433,3.64599609375,2831.35034179688
"1790",-36.125,-57.6875,2274.73788686899,7.879150390625,2873.2392578125
"1791",-36.125,-57.5625,66.8507690429688,1.7490234375,229.521484375
"1792",-36.125,-57.4375,73.9925818810096,0.123046875,823.5283203125
"1793",-36.125,-57.3125,276.891913519965,0.04443359375,3222.51293945312
"1794",-36.125,-57.1875,127.216796875,0.047119140625,3213.28173828125
"1795",-36.125,-57.0625,196.357967909946,0.04248046875,3504.650390625
"1796",-36.125,-56.9375,49.5703843060662,0.24169921875,3502.81323242188
"1797",-36.125,-56.8125,58.3166836825284,0.005859375,1155.6640625
"1798",-36.125,-56.6875,6.97859108664773,0.05859375,20.199462890625
"1799",-36.125,-56.5625,8.94323391384549,0.232666015625,35.87548828125
"1800",-36.125,-56.4375,8.95321994357639,0.02490234375,40.72021484375
"1801",-36.125,-56.3125,10.1767192639803,0.04296875,97.2548828125
"1802",-36.125,-56.1875,95.5513904816514,0.069580078125,3112.68334960938
"1803",-36.125,-56.0625,11.7711227704894,0.0966796875,39.53955078125
"1804",-36.125,-55.9375,9.0648193359375,0.084716796875,45.753662109375
"1805",-36.125,-55.8125,13.2099399480345,0.025634765625,204.963134765625
"1806",-36.125,-55.6875,23.8906598772321,0.065185546875,226.8974609375
"1807",-36.125,-55.5625,63.6714551842731,0.62353515625,425.351196289062
"1808",-36.125,-55.4375,184.747005540497,5.373779296875,657.289245605469
"1809",-36.125,-55.3125,201.201586850843,0.9114990234375,643.213928222656
"1810",-36.125,-55.1875,108.677820712705,0.915634155273438,348.002136230469
"1811",-36.125,-55.0625,80.9548593994918,0.532730102539062,180.181915283203
"1812",-36.125,-54.9375,96.5557757621204,0.106109619140625,188.513275146484
"1813",-36.125,-54.8125,53.3701962516421,1.01075744628906,145.654418945312
"1814",-36.125,-54.4375,74.1543187534108,8.62841796875,115.803741455078
"1815",-36.125,-54.3125,101.136128343855,0.31695556640625,169.727142333984
"1816",-36.125,-54.1875,110.016015067029,0.41632080078125,208.49853515625
"1817",-36.125,-54.0625,115.371091175316,0.36126708984375,210.113265991211
"1818",-36.125,-53.9375,112.013732038898,1.07389831542969,200.371459960938
"1819",-36.125,-53.8125,84.4613882187874,0.0850830078125,451.402404785156
"1820",-36.125,-53.6875,47.9729219503071,0.0050048828125,462.72900390625
"1821",-36.125,-53.5625,36.4888441593886,0,387.5224609375
"1822",-36.125,-53.4375,22.185832587558,0.02099609375,218.639038085938
"1823",-36.125,-53.3125,42.2516255326705,0.093505859375,2806.69848632812
"1824",-36.125,-53.1875,32.1363073434797,0.1083984375,2756.400390625
"1825",-36.125,-53.0625,35.4150971912202,0.2841796875,1229.0576171875
"1826",-36.125,-52.9375,43.7549010961591,0.108642578125,1250.48864746094
"1827",-36.125,-52.8125,26.355959211077,0.06982421875,544.305908203125
"1828",-36.125,-52.6875,22.3140948751698,0.08251953125,191.693359375
"1829",-36.125,-52.5625,21.9747125330106,0.002197265625,198.28759765625
"1830",-36.125,-52.4375,19.7178904912243,0.0087890625,159.363525390625
"1831",-36.125,-52.3125,22.8811329147579,0.0537109375,186.205322265625
"1832",-36.125,-52.1875,17.5800104843074,0.002685546875,192.78271484375
"1833",-36.125,-52.0625,16.7139475310178,0.03759765625,128.501953125
"1834",-36.125,-51.9375,15.6370119296706,0.04443359375,130.05078125
"1835",-36.125,-51.8125,17.2762231719628,0.00390625,448.58056640625
"1836",-36.125,-51.6875,16.247949572577,0.0400390625,141.404296875
"1837",-36.125,-51.5625,17.1478156323703,0.03759765625,123.86376953125
"1838",-36.125,-51.4375,10.6028757036102,0.08056640625,62.6083984375
"1839",-36.125,-51.3125,11.1397854551977,0.06494140625,61.8447265625
"1840",-36.125,-51.1875,12.4635257320804,0.0791015625,65.38330078125
"1841",-36.125,-51.0625,15.1672952586207,0.140625,69.35546875
"1842",-36.125,-50.9375,16.8176349577357,0.1982421875,83.13818359375
"1843",-36.125,-50.8125,13.096928914388,0.001953125,46.47607421875
"1844",-36.125,-50.6875,14.7291160789696,0.19580078125,58.43115234375
"1845",-36.125,-50.5625,11.3745190065299,0.06396484375,38.8671875
"1846",-36.125,-50.4375,15.8075256347656,0.02978515625,46.828857421875
"1847",-36.125,-50.3125,16.6196451822917,0.05810546875,85.08056640625
"1848",-36.125,-50.1875,4.67390950520833,0.650390625,14.8662109375
"1849",-36.125,-50.0625,39.63623046875,39.63623046875,39.63623046875
"1850",-35.875,-57.8125,2380.57531738281,0.36669921875,2873.91772460938
"1851",-35.875,-57.6875,2584.98991699219,4.468505859375,2912.08447265625
"1852",-35.875,-57.5625,981.353210449219,0.270263671875,2903.7060546875
"1853",-35.875,-57.4375,86.9904563210227,1.11328125,829.581298828125
"1854",-35.875,-57.3125,192.840318080357,0.388427734375,3317.74365234375
"1855",-35.875,-57.1875,62.5594915574597,0.336669921875,3285.58129882812
"1856",-35.875,-57.0625,57.7565706983025,2.452392578125,3249.96826171875
"1857",-35.875,-56.9375,185.111386056674,0.779052734375,3488.34155273438
"1858",-35.875,-56.8125,144.890785618832,0.069091796875,3511.76586914062
"1859",-35.875,-56.6875,7.11857096354167,0.0546875,17.544921875
"1860",-35.875,-56.5625,10.4286405918962,0.462890625,35.5546875
"1861",-35.875,-56.4375,11.7940710819129,0.224853515625,105.2109375
"1862",-35.875,-56.3125,8.35365427276234,0.319580078125,32.629638671875
"1863",-35.875,-56.1875,105.28466796875,0.264892578125,3139.27319335938
"1864",-35.875,-56.0625,11.7134109246926,0.136474609375,37.65087890625
"1865",-35.875,-55.9375,11.1553611385012,0.035400390625,62.637451171875
"1866",-35.875,-55.8125,16.2783727575231,0.3095703125,226.510009765625
"1867",-35.875,-55.6875,48.0472360602914,0.580078125,505.533935546875
"1868",-35.875,-55.5625,141.764315178591,0.408935546875,777.541870117188
"1869",-35.875,-55.4375,205.532677482156,1.24462890625,645.106994628906
"1870",-35.875,-55.3125,166.411283493042,0.13604736328125,439.184875488281
"1871",-35.875,-55.1875,120.163685456165,0.0371551513671875,219.9423828125
"1872",-35.875,-55.0625,91.1184173230304,0.426773071289062,142.587951660156
"1873",-35.875,-54.9375,75.5525234161861,0.147109985351562,156.399078369141
"1874",-35.875,-54.8125,52.6103609661723,1.22731781005859,122.405006408691
"1875",-35.875,-54.6875,70.8154159545898,1.469482421875,103.35897064209
"1876",-35.875,-54.5625,97.6814603805542,0.389007568359375,159.54248046875
"1877",-35.875,-54.4375,115.574670618231,0.60577392578125,194.06950378418
"1878",-35.875,-54.3125,125.545462533791,0.410934448242188,213.490417480469
"1879",-35.875,-54.1875,106.137618253296,1.04745483398438,210.844772338867
"1880",-35.875,-54.0625,107.778432700748,1.47341918945312,208.681915283203
"1881",-35.875,-53.9375,111.717890909273,0.017578125,271.171661376953
"1882",-35.875,-53.8125,93.9877729009113,0.154083251953125,560.743530273438
"1883",-35.875,-53.6875,56.5266622363719,0.001220703125,529.388366699219
"1884",-35.875,-53.5625,32.5180182206003,0.05615234375,301.224487304688
"1885",-35.875,-53.4375,45.3165049027423,0.063720703125,2822.45166015625
"1886",-35.875,-53.3125,38.6080117262047,0.050048828125,2828.6328125
"1887",-35.875,-53.1875,30.3429784156357,0.08642578125,1190.12182617188
"1888",-35.875,-53.0625,25.5647043568465,0.0498046875,496.82373046875
"1889",-35.875,-52.9375,34.5724309399524,0.001708984375,488.948974609375
"1890",-35.875,-52.8125,31.3871600456958,0.020263671875,448.572265625
"1891",-35.875,-52.6875,18.069145307149,0.152587890625,152.724609375
"1892",-35.875,-52.5625,21.7572491901677,0.183837890625,185.506103515625
"1893",-35.875,-52.4375,21.5052961448043,0.042724609375,196.3740234375
"1894",-35.875,-52.3125,19.4493621529885,0.011474609375,188.599853515625
"1895",-35.875,-52.1875,15.5960780753825,0.02783203125,121.135986328125
"1896",-35.875,-52.0625,17.4999882906175,0.08935546875,131.16015625
"1897",-35.875,-51.9375,20.4525986203722,0.02490234375,441.004638671875
"1898",-35.875,-51.8125,15.5780112257282,0.0283203125,444.82177734375
"1899",-35.875,-51.6875,16.5694087658898,0.03515625,135.91650390625
"1900",-35.875,-51.5625,15.6757086941516,0.1845703125,64.046875
"1901",-35.875,-51.4375,10.8073626332938,0.001953125,63.53759765625
"1902",-35.875,-51.3125,9.65203135500672,0.04150390625,61.30615234375
"1903",-35.875,-51.1875,9.85055318692835,0.05908203125,60.6337890625
"1904",-35.875,-51.0625,14.9778156413899,0.07080078125,71.27783203125
"1905",-35.875,-50.9375,14.485849609375,0.19921875,85.69482421875
"1906",-35.875,-50.8125,18.8005229151526,2.1806640625,55.66552734375
"1907",-35.875,-50.6875,18.9529673258464,0.0048828125,68.56884765625
"1908",-35.875,-50.5625,19.7026554987981,0.52880859375,62.674072265625
"1909",-35.875,-50.4375,17.2602025082237,2.944580078125,43.59423828125
"1910",-35.875,-50.3125,20.8407592773438,0.0009765625,88.38818359375
"1911",-35.875,-50.1875,7.768603515625,0.88037109375,24.21630859375
"1912",-35.875,-50.0625,8.1064453125,0,25.783203125
"1913",-35.625,-57.9375,9.908935546875,7.842529296875,13.115234375
"1914",-35.625,-57.8125,2919.09216308594,2918.23364257812,2919.95068359375
"1915",-35.625,-57.5625,586.382215711806,0.892333984375,2519.67138671875
"1916",-35.625,-57.4375,263.459853515625,0.432373046875,3184.41943359375
"1917",-35.625,-57.3125,125.310739617599,0.011474609375,3319.49609375
"1918",-35.625,-57.1875,13.4300397600446,0.662841796875,99.1123046875
"1919",-35.625,-57.0625,15.1048001802885,0.179931640625,97.433837890625
"1920",-35.625,-56.9375,19.3531380208333,0.020263671875,222.51513671875
"1921",-35.625,-56.8125,161.924712171053,0.09716796875,3295.06665039062
"1922",-35.625,-56.6875,240.951469672905,0.127197265625,3522.06811523438
"1923",-35.625,-56.5625,62.8139069120763,0.27294921875,3132.1923828125
"1924",-35.625,-56.4375,7.923828125,0.076171875,34.283447265625
"1925",-35.625,-56.3125,10.705635178257,0.086669921875,95.12109375
"1926",-35.625,-56.1875,97.3749128069197,0.0078125,3136.37255859375
"1927",-35.625,-56.0625,11.6143821022727,0.097412109375,41.55859375
"1928",-35.625,-55.9375,14.6238630531478,0.436767578125,47.630126953125
"1929",-35.625,-55.8125,15.2167758855345,1.358154296875,225.576416015625
"1930",-35.625,-55.6875,90.0841571646677,0.0849609375,436.328857421875
"1931",-35.625,-55.5625,133.897747338642,0.620849609375,756.348876953125
"1932",-35.625,-55.4375,163.056088652566,1.1326904296875,369.245666503906
"1933",-35.625,-55.3125,125.676746434406,0.494522094726562,242.05793762207
"1934",-35.625,-55.1875,110.686469100451,7.06950378417969,170.380386352539
"1935",-35.625,-55.0625,76.2067128499349,0.72967529296875,132.332580566406
"1936",-35.625,-54.9375,68.7573707160049,0.0055999755859375,221.067749023438
"1937",-35.625,-54.8125,58.3338303460015,0.00506591796875,221.052627563477
"1938",-35.625,-54.6875,71.3382155245001,0.317657470703125,141.41975402832
"1939",-35.625,-54.5625,106.062347093009,0.462722778320312,200.338760375977
"1940",-35.625,-54.4375,113.932592887789,0.0036468505859375,230.120971679688
"1941",-35.625,-54.3125,126.007936496546,0.0549163818359375,233.039398193359
"1942",-35.625,-54.1875,100.858184325104,1.73345947265625,182.785110473633
"1943",-35.625,-54.0625,101.790172797907,0.791305541992188,333.499328613281
"1944",-35.625,-53.9375,80.4348393854105,0.0087890625,524.702026367188
"1945",-35.625,-53.8125,45.518328289653,0.0841064453125,515.081115722656
"1946",-35.625,-53.6875,46.159918859807,0.03076171875,313.978881835938
"1947",-35.625,-53.5625,47.3321111090829,0.05078125,2810.74829101562
"1948",-35.625,-53.4375,23.2058357747396,0.07470703125,1206.94506835938
"1949",-35.625,-53.3125,22.6837865369073,0.114501953125,1207.17504882812
"1950",-35.625,-53.1875,23.4620411956365,0.107177734375,527.6337890625
"1951",-35.625,-53.0625,34.1952478745404,0.060791015625,513.222412109375
"1952",-35.625,-52.9375,33.134286063058,0.031982421875,450.64501953125
"1953",-35.625,-52.8125,35.1744722195757,0.2197265625,433.361083984375
"1954",-35.625,-52.6875,24.9267113095238,0.014892578125,422.560791015625
"1955",-35.625,-52.5625,20.8378144585655,0.10009765625,202.0986328125
"1956",-35.625,-52.4375,20.3534648766678,0.013916015625,154.62255859375
"1957",-35.625,-52.3125,18.9686677494151,0.16650390625,156.888671875
"1958",-35.625,-52.1875,19.8386211736733,0.05029296875,124.781005859375
"1959",-35.625,-52.0625,23.910183097079,0.04541015625,426.35205078125
"1960",-35.625,-51.9375,19.9577835302033,0.0673828125,106.2822265625
"1961",-35.625,-51.8125,17.2091870989118,0.08837890625,108.2802734375
"1962",-35.625,-51.6875,19.0021270875506,0.10400390625,129.51904296875
"1963",-35.625,-51.5625,13.1703958790205,0.0751953125,91.43603515625
"1964",-35.625,-51.4375,13.2887180535368,0.0078125,92.00830078125
"1965",-35.625,-51.3125,12.274403561828,0.04833984375,50.31005859375
"1966",-35.625,-51.1875,12.4784037840433,0.0205078125,90.43896484375
"1967",-35.625,-51.0625,11.1291805314429,0.0537109375,89.56298828125
"1968",-35.625,-50.9375,15.3377078605098,0.08056640625,180.62646484375
"1969",-35.625,-50.8125,20.5681317862818,0.8740234375,82.61962890625
"1970",-35.625,-50.6875,23.8638837621846,1.62744140625,100.574951171875
"1971",-35.625,-50.5625,27.9565273187099,7.76806640625,74.88427734375
"1972",-35.625,-50.4375,19.9678633840461,0.90966796875,46.210693359375
"1973",-35.625,-50.3125,16.2219172297297,5.264404296875,55.4775390625
"1974",-35.625,-50.1875,9.62779134114583,0.064453125,42.111328125
"1975",-35.625,-50.0625,9.00273786272321,0,76.16796875
"1976",-35.375,-58.0625,12.745361328125,12.586181640625,12.904541015625
"1977",-35.375,-57.9375,9.31608072916667,6.964111328125,10.542236328125
"1978",-35.375,-57.8125,0.488525390625,0.488525390625,0.488525390625
"1979",-35.375,-57.6875,1525.70251464844,3.51318359375,3047.89184570312
"1980",-35.375,-57.5625,253.668678977273,0.1689453125,2520.56030273438
"1981",-35.375,-57.4375,295.270869140625,0.05322265625,3179.3203125
"1982",-35.375,-57.3125,67.0015333744518,0.191162109375,3296.27514648438
"1983",-35.375,-57.1875,11.7683392693015,0.020751953125,74.0107421875
"1984",-35.375,-57.0625,11.2625409294577,0.061279296875,74.9521484375
"1985",-35.375,-56.9375,7.29328264508929,0.125,28.54296875
"1986",-35.375,-56.8125,23.2078459366508,0.023193359375,1096.47875976562
"1987",-35.375,-56.6875,337.756143259448,0.37158203125,3503.28686523438
"1988",-35.375,-56.5625,115.636442296645,0.140380859375,1748.8330078125
"1989",-35.375,-56.4375,155.202638324938,0.29052734375,3159.85571289062
"1990",-35.375,-56.3125,73.7199816347948,0.20458984375,3139.5927734375
"1991",-35.375,-56.1875,10.6559038304571,0.86376953125,31.43603515625
"1992",-35.375,-56.0625,9.95184409781678,0.107421875,37.031982421875
"1993",-35.375,-55.9375,14.7464374431129,0.03955078125,73.670654296875
"1994",-35.375,-55.8125,20.5768092622693,0.6123046875,199.2783203125
"1995",-35.375,-55.6875,54.3993424212346,0.374755859375,396.238403320312
"1996",-35.375,-55.5625,123.877155751064,0.109130859375,612.217895507812
"1997",-35.375,-55.4375,158.776953986628,4.55783081054688,556.581176757812
"1998",-35.375,-55.3125,120.892349584415,0.88287353515625,254.727752685547
"1999",-35.375,-55.1875,106.542815984682,0.123275756835938,146.632583618164
"2000",-35.375,-55.0625,64.3176123577615,0.0518951416015625,125.083282470703
"2001",-35.375,-54.9375,129.479417593368,0.00457763671875,223.554107666016
"2002",-35.375,-54.8125,134.075952349088,0.0048980712890625,270.30908203125
"2003",-35.375,-54.6875,138.46922120802,0.024322509765625,251.466156005859
"2004",-35.375,-54.5625,127.790193150959,0.26202392578125,259.1474609375
"2005",-35.375,-54.4375,143.380460295287,0.22589111328125,438.653991699219
"2006",-35.375,-54.3125,149.338182869197,0.03216552734375,541.964965820312
"2007",-35.375,-54.1875,122.736679598411,0.331314086914062,583.877685546875
"2008",-35.375,-54.0625,74.3860173116203,0.11907958984375,566.697998046875
"2009",-35.375,-53.9375,45.8059531620571,0.02972412109375,470.395080566406
"2010",-35.375,-53.8125,59.4345673781175,0.092041015625,2794.05395507812
"2011",-35.375,-53.6875,66.4705222332416,0.24365234375,2826.75854492188
"2012",-35.375,-53.5625,44.318922393176,0.068603515625,2802.38110351562
"2013",-35.375,-53.4375,23.9465255257469,0.507080078125,1191.86279296875
"2014",-35.375,-53.3125,22.8826024510839,0.3828125,154.03759765625
"2015",-35.375,-53.1875,29.574382802166,0.0673828125,575.36328125
"2016",-35.375,-53.0625,28.7312244233631,0.038818359375,162.4638671875
"2017",-35.375,-52.9375,21.2651510799632,0.015625,202.221435546875
"2018",-35.375,-52.8125,26.1057120309749,0.02197265625,425.46484375
"2019",-35.375,-52.6875,24.6712536885642,0.115234375,417.554443359375
"2020",-35.375,-52.5625,20.593552501166,0.00537109375,218.181396484375
"2021",-35.375,-52.4375,20.2123421012581,0.0087890625,161.47314453125
"2022",-35.375,-52.3125,19.2510858025995,0.1064453125,155.17041015625
"2023",-35.375,-52.1875,20.6239632054379,0.0380859375,414.896728515625
"2024",-35.375,-52.0625,16.7488606770833,0.0234375,140.9267578125
"2025",-35.375,-51.9375,18.378759466066,0.0107421875,98.5859375
"2026",-35.375,-51.8125,16.1125239754865,0.07080078125,122.6923828125
"2027",-35.375,-51.6875,16.5907801797945,0.02734375,200.50830078125
"2028",-35.375,-51.5625,14.709217130829,0.1103515625,113.75439453125
"2029",-35.375,-51.4375,12.0463630334655,0.00341796875,72.61572265625
"2030",-35.375,-51.3125,17.0168603515625,0.09716796875,95.4482421875
"2031",-35.375,-51.1875,15.6896404887355,0.02392578125,157.0390625
"2032",-35.375,-51.0625,16.6657174379771,0.05224609375,143.5185546875
"2033",-35.375,-50.9375,18.4620990175189,0.08740234375,148.15673828125
"2034",-35.375,-50.8125,27.9460119298986,0.31103515625,222.232421875
"2035",-35.375,-50.6875,20.322509765625,1.43505859375,66.841796875
"2036",-35.375,-50.5625,20.7466844831194,0.197021484375,85.2041015625
"2037",-35.375,-50.4375,24.6455485026042,1.02978515625,75.2177734375
"2038",-35.375,-50.3125,18.0023094383446,0.0078125,58.70263671875
"2039",-35.375,-50.1875,18.2556694878472,0.1083984375,45.71826171875
"2040",-35.375,-50.0625,3.94808585183662,0,45.316650390625
"2041",-35.125,-58.1875,21.379150390625,21.379150390625,21.379150390625
"2042",-35.125,-58.0625,15.10595703125,11.105224609375,19.106689453125
"2043",-35.125,-57.9375,16.936767578125,8.09375,27.803466796875
"2044",-35.125,-57.8125,28.7633056640625,27.476806640625,30.0498046875
"2045",-35.125,-57.6875,1063.82145182292,1.058837890625,3186.1181640625
"2046",-35.125,-57.5625,463.492987738715,1.635009765625,3198.63256835938
"2047",-35.125,-57.4375,46.3950619904891,1.063232421875,909.88525390625
"2048",-35.125,-57.3125,136.730792705829,0.1591796875,3272.87646484375
"2049",-35.125,-57.1875,10.7079329952117,0.239013671875,70.065673828125
"2050",-35.125,-57.0625,11.3731325383772,0.5234375,37.5283203125
"2051",-35.125,-56.9375,10.1673560952241,0.317626953125,42.41064453125
"2052",-35.125,-56.8125,386.934463676365,0.003173828125,3990.72607421875
"2053",-35.125,-56.6875,1458.22325931378,0.0107421875,4014.23852539062
"2054",-35.125,-56.5625,148.552631948186,0.132080078125,1914.71118164062
"2055",-35.125,-56.4375,226.692734938401,0.0390625,1866.31359863281
"2056",-35.125,-56.3125,30.9781188964844,0.160400390625,287.73291015625
"2057",-35.125,-56.1875,28.6515655517578,0.00732421875,302.1005859375
"2058",-35.125,-56.0625,12.7421135179924,0.16015625,114.609375
"2059",-35.125,-55.9375,13.9974830264137,0.00390625,59.05322265625
"2060",-35.125,-55.8125,15.2895062883324,0.05712890625,164.587646484375
"2061",-35.125,-55.6875,50.1147547717343,2.933349609375,405.708374023438
"2062",-35.125,-55.5625,100.113360099986,0.0140380859375,703.200317382812
"2063",-35.125,-55.4375,143.513182978744,2.43577575683594,630.961669921875
"2064",-35.125,-55.3125,125.784659717957,0.492156982421875,224.186813354492
"2065",-35.125,-55.1875,123.131765751824,0.104965209960938,247.970642089844
"2066",-35.125,-55.0625,112.965293792725,0.206901550292969,197.476455688477
"2067",-35.125,-54.9375,92.5964713202582,0.277091979980469,181.610763549805
"2068",-35.125,-54.8125,155.295860686288,1.06082153320312,248.627212524414
"2069",-35.125,-54.6875,146.2164006186,0.30029296875,258.765716552734
"2070",-35.125,-54.5625,103.394697375284,0.05126953125,488.719665527344
"2071",-35.125,-54.4375,90.2183983212426,0.3582763671875,526.939025878906
"2072",-35.125,-54.3125,88.5274536619148,0.692138671875,654.679321289062
"2073",-35.125,-54.1875,49.684808453943,0.0888671875,599.18994140625
"2074",-35.125,-54.0625,28.1019416845939,0.00341796875,377.575073242188
"2075",-35.125,-53.9375,82.9835467113874,0.058837890625,2706.1220703125
"2076",-35.125,-53.8125,49.5999662713353,0.06201171875,2790.35400390625
"2077",-35.125,-53.6875,43.1536832242399,0.005126953125,1533.92553710938
"2078",-35.125,-53.5625,63.8674623325893,0.061279296875,1593.6865234375
"2079",-35.125,-53.4375,47.6662318053858,0.03369140625,1619.66027832031
"2080",-35.125,-53.3125,38.5551098632812,0.03125,259.994873046875
"2081",-35.125,-53.1875,30.218469838627,0.028564453125,560.318115234375
"2082",-35.125,-53.0625,22.838994140625,0.201171875,157.913818359375
"2083",-35.125,-52.9375,24.1051805449695,0.00390625,198.799072265625
"2084",-35.125,-52.8125,19.260502459055,0.0087890625,154.773681640625
"2085",-35.125,-52.6875,20.2590625293262,0.00048828125,221.531494140625
"2086",-35.125,-52.5625,19.8400871228872,0.0498046875,110.90234375
"2087",-35.125,-52.4375,18.3795712216122,0.08349609375,119.895751953125
"2088",-35.125,-52.3125,17.4451351328793,0.039794921875,133.919189453125
"2089",-35.125,-52.1875,19.7185376175051,0.1240234375,429.791015625
"2090",-35.125,-52.0625,20.0359738907724,0.001953125,93.8994140625
"2091",-35.125,-51.9375,21.2827263327206,0.1611328125,109.22412109375
"2092",-35.125,-51.8125,22.705229125271,0.00048828125,610.466064453125
"2093",-35.125,-51.6875,19.6944820132714,0.00390625,624.059326171875
"2094",-35.125,-51.5625,23.198674771269,0.02001953125,627.154296875
"2095",-35.125,-51.4375,19.7253258949952,0.033203125,628.02734375
"2096",-35.125,-51.3125,24.0540268841912,0.01708984375,638.291015625
"2097",-35.125,-51.1875,22.2740051269531,0.03662109375,407.38232421875
"2098",-35.125,-51.0625,29.0527482466264,0.10498046875,638.294921875
"2099",-35.125,-50.9375,26.4642230534958,0.14111328125,173.9521484375
"2100",-35.125,-50.8125,37.4077140244862,2.96875,167.5673828125
"2101",-35.125,-50.6875,46.1831561589645,9.5892333984375,386.266235351562
"2102",-35.125,-50.5625,31.9101407325874,2.103759765625,139.28271484375
"2103",-35.125,-50.4375,29.1301435452063,3.158447265625,101.635986328125
"2104",-35.125,-50.3125,19.8699840198864,0.045654296875,87.130859375
"2105",-35.125,-50.1875,17.575927734375,0.15234375,71.525634765625
"2106",-35.125,-50.0625,3.75402697888049,0,168.689453125
"2107",-34.875,-58.1875,12.975830078125,12.90185546875,13.0498046875
"2108",-34.875,-58.0625,8.4124755859375,6.648681640625,10.17626953125
"2109",-34.875,-57.9375,11.929931640625,10.729248046875,13.130615234375
"2110",-34.875,-57.6875,288.258246527778,0.319580078125,2519.17333984375
"2111",-34.875,-57.5625,6.34239612926136,0.052001953125,33.3154296875
"2112",-34.875,-57.4375,98.0607396175987,0.4453125,3301.32421875
"2113",-34.875,-57.3125,135.9341419148,0.173828125,3294.56323242188
"2114",-34.875,-57.1875,13.3948495047433,0.023681640625,75.83349609375
"2115",-34.875,-57.0625,14.4611848112825,0.001220703125,91.706787109375
"2116",-34.875,-56.9375,20.0721775742828,0.312255859375,247.0341796875
"2117",-34.875,-56.8125,548.07344947671,0.014404296875,4229.81884765625
"2118",-34.875,-56.6875,1608.16679243608,0.550048828125,4181.486328125
"2119",-34.875,-56.5625,25.5202992757161,1.075927734375,218.333984375
"2120",-34.875,-56.4375,57.7606879340278,0.047119140625,1282.10424804688
"2121",-34.875,-56.3125,75.1781713867187,0.108642578125,1226.47680664062
"2122",-34.875,-56.1875,47.1683127663352,0.0400390625,1262.3779296875
"2123",-34.875,-56.0625,25.3009102299528,0.020263671875,310.779296875
"2124",-34.875,-55.9375,11.2438141236822,0.248046875,101.9970703125
"2125",-34.875,-55.8125,14.1173776095031,0.0341796875,71.65771484375
"2126",-34.875,-55.6875,42.3645283467061,1.79638671875,424.936645507812
"2127",-34.875,-55.5625,82.4731936056263,0.337890625,694.277587890625
"2128",-34.875,-55.4375,84.2008202473323,0.3638916015625,577.287353515625
"2129",-34.875,-55.3125,126.097707915075,0.0579833984375,512.4697265625
"2130",-34.875,-55.1875,123.115483370694,0.572174072265625,337.028228759766
"2131",-34.875,-55.0625,97.6727051004006,0.152320861816406,193.995162963867
"2132",-34.875,-54.9375,81.8542717524937,3.79994201660156,119.540596008301
"2133",-34.875,-54.8125,117.879776793347,8.72100830078125,446.045623779297
"2134",-34.875,-54.6875,143.891431151318,4.31048583984375,550.376708984375
"2135",-34.875,-54.5625,100.37520532608,0.47998046875,673.318115234375
"2136",-34.875,-54.4375,51.207146092465,0.1142578125,464.415649414062
"2137",-34.875,-54.3125,29.8083541304977,0.031005859375,273.794799804688
"2138",-34.875,-54.1875,21.4071489300644,0.005126953125,477.260986328125
"2139",-34.875,-54.0625,46.8398229425604,0.011474609375,2531.65966796875
"2140",-34.875,-53.9375,39.8184805795656,0.02880859375,2535.18676757812
"2141",-34.875,-53.8125,135.510620117188,0.26123046875,1451.30419921875
"2142",-34.875,-53.6875,174.051649955854,0.013916015625,1494.23120117188
"2143",-34.875,-53.5625,59.2146152881307,0.28955078125,1271.11743164062
"2144",-34.875,-53.4375,119.949643735532,0.005615234375,1679.1396484375
"2145",-34.875,-53.3125,73.0714209970802,0.0771484375,1655.88696289062
"2146",-34.875,-53.1875,27.0401722301136,0.212890625,523.912109375
"2147",-34.875,-53.0625,25.0353484959994,0.037109375,192.60205078125
"2148",-34.875,-52.9375,21.8993338574571,0.014404296875,190.53076171875
"2149",-34.875,-52.8125,17.7049889041736,0.0048828125,216.38037109375
"2150",-34.875,-52.6875,19.7381607151631,0.015869140625,124.830810546875
"2151",-34.875,-52.5625,20.0756295868845,0.039306640625,105.6064453125
"2152",-34.875,-52.4375,21.3900541625271,0.006103515625,215.381591796875
"2153",-34.875,-52.3125,18.4072122012868,0.03857421875,451.658935546875
"2154",-34.875,-52.1875,18.9278919409353,0.0009765625,212.227294921875
"2155",-34.875,-52.0625,19.9678448932927,0.00048828125,99.59619140625
"2156",-34.875,-51.9375,24.9698668134973,0.00146484375,602.93359375
"2157",-34.875,-51.8125,24.5866402981172,0.033203125,595.71875
"2158",-34.875,-51.6875,19.2405143684441,0.017578125,374.7021484375
"2159",-34.875,-51.5625,18.2435088286529,0.025390625,164.27001953125
"2160",-34.875,-51.4375,25.7894311621486,0.224609375,411.40869140625
"2161",-34.875,-51.3125,30.342269777313,0.0849609375,414.88525390625
"2162",-34.875,-51.1875,24.7790097950691,0.01708984375,392.76171875
"2163",-34.875,-51.0625,27.5924685846561,0.01611328125,210.52685546875
"2164",-34.875,-50.9375,37.4745969188457,0.1494140625,706.01220703125
"2165",-34.875,-50.8125,33.518871410473,0.12646484375,220.568359375
"2166",-34.875,-50.6875,35.5962237427566,2.007568359375,146.395751953125
"2167",-34.875,-50.5625,27.5987916976687,0.11083984375,269.60009765625
"2168",-34.875,-50.4375,31.6588913185009,0.455078125,258.3359375
"2169",-34.875,-50.3125,29.8814177336516,0.025146484375,272.476806640625
"2170",-34.875,-50.1875,24.9423411761143,0.03369140625,184.1142578125
"2171",-34.875,-50.0625,4.5128216602089,0,126.462890625
"2172",-34.625,-58.1875,20.92333984375,18.62939453125,23.21728515625
"2173",-34.625,-57.9375,8.03567940848214,0.3974609375,15.275634765625
"2174",-34.625,-57.8125,456.108709161932,0.577880859375,2484.8955078125
"2175",-34.625,-57.6875,311.511940696023,0.589111328125,2506.91796875
"2176",-34.625,-57.5625,569.782059518914,0.484130859375,3299.09033203125
"2177",-34.625,-57.4375,210.0678125,0.21875,3301.13842773438
"2178",-34.625,-57.3125,13.8433602316338,0.202880859375,76.346923828125
"2179",-34.625,-57.1875,18.2277504081157,0.083740234375,82.964599609375
"2180",-34.625,-57.0625,17.858937733209,0.1962890625,60.618408203125
"2181",-34.625,-56.9375,14.6240367542614,0.21533203125,45.5654296875
"2182",-34.625,-56.8125,153.813362815163,0.45703125,1512.70666503906
"2183",-34.625,-56.6875,70.9734384042245,0.068115234375,561.7880859375
"2184",-34.625,-56.5625,17.7885629507212,0.17626953125,291.447509765625
"2185",-34.625,-56.4375,78.5117859771286,0.00244140625,1300.47937011719
"2186",-34.625,-56.3125,11.9126749159415,0.056640625,365.651123046875
"2187",-34.625,-56.1875,48.9858897816051,0.298828125,1260.98681640625
"2188",-34.625,-56.0625,44.876791125146,0.0068359375,1377.4833984375
"2189",-34.625,-55.9375,23.3002538141215,0.0283203125,325.17236328125
"2190",-34.625,-55.8125,12.9898201588834,0.026611328125,98.42578125
"2191",-34.625,-55.6875,45.7760714892275,0.02099609375,425.596313476562
"2192",-34.625,-55.5625,62.8702063745306,1.378173828125,450.922729492188
"2193",-34.625,-55.4375,42.1428823760062,0.4188232421875,497.357482910156
"2194",-34.625,-55.3125,51.6648235375078,0.1239013671875,457.190063476562
"2195",-34.625,-55.1875,98.7221329901305,0.69482421875,430.757080078125
"2196",-34.625,-55.0625,95.6880085141051,1.37565612792969,193.074432373047
"2197",-34.625,-54.9375,87.2329066806369,4.06632995605469,163.383255004883
"2198",-34.625,-54.8125,96.1421509843818,0.059600830078125,551.468505859375
"2199",-34.625,-54.6875,86.4117480668865,0.5673828125,642.926330566406
"2200",-34.625,-54.5625,56.4427597132106,0.7994384765625,660.736328125
"2201",-34.625,-54.4375,29.181744700884,0.010498046875,314.46923828125
"2202",-34.625,-54.3125,25.4804857830669,0.189697265625,469.30517578125
"2203",-34.625,-54.1875,30.2666631475225,0.0048828125,1179.35913085938
"2204",-34.625,-54.0625,173.896334235043,0.193359375,2828.34228515625
"2205",-34.625,-53.9375,64.0319456335616,1.809814453125,1455.01318359375
"2206",-34.625,-53.8125,36.8066626196509,0.815185546875,295.118408203125
"2207",-34.625,-53.6875,98.2279799378034,0.43310546875,1307.55517578125
"2208",-34.625,-53.5625,69.6012253534226,0.198974609375,1384.23291015625
"2209",-34.625,-53.4375,51.5317948701366,0.14208984375,1454.04516601562
"2210",-34.625,-53.3125,38.8457870483398,0.13427734375,257.3271484375
"2211",-34.625,-53.1875,30.9088736185213,0.149658203125,553.19091796875
"2212",-34.625,-53.0625,31.8137542126225,0.130615234375,587.356201171875
"2213",-34.625,-52.9375,25.5626124692767,0.136962890625,209.927490234375
"2214",-34.625,-52.8125,20.9319620253165,0.364501953125,94.42822265625
"2215",-34.625,-52.6875,24.6534994118002,0.009033203125,128.10498046875
"2216",-34.625,-52.5625,21.903161821209,0.019287109375,150.033203125
"2217",-34.625,-52.4375,18.9567830061712,0.02685546875,216.8515625
"2218",-34.625,-52.3125,17.3839729033321,0.041015625,137.852294921875
"2219",-34.625,-52.1875,20.9085243979653,0.19384765625,209.113525390625
"2220",-34.625,-52.0625,24.0298127673921,0.01708984375,187.14599609375
"2221",-34.625,-51.9375,25.7329742739899,0.00146484375,618.7490234375
"2222",-34.625,-51.8125,16.8982607386873,0.10400390625,348.4462890625
"2223",-34.625,-51.6875,16.7171608392446,0.02587890625,333.1240234375
"2224",-34.625,-51.5625,20.8140082046332,0.0205078125,432.38818359375
"2225",-34.625,-51.4375,23.4025366806402,0.005859375,306.41650390625
"2226",-34.625,-51.3125,26.0917598179408,0.0029296875,396.38720703125
"2227",-34.625,-51.1875,22.2869397373826,0.01708984375,386.23828125
"2228",-34.625,-51.0625,23.2846557617187,0.02783203125,376.65380859375
"2229",-34.625,-50.9375,27.8123057263963,0.09033203125,754.133544921875
"2230",-34.625,-50.8125,33.3594083460366,0.1044921875,456.1044921875
"2231",-34.625,-50.6875,28.8019309069114,0.0263671875,243.8681640625
"2232",-34.625,-50.5625,35.930493441495,0.14794921875,207.056640625
"2233",-34.625,-50.4375,39.767333984375,0.07470703125,274.331787109375
"2234",-34.625,-50.3125,38.5499983162715,0.00048828125,292.885009765625
"2235",-34.625,-50.1875,37.711865234375,0.03271484375,278.6982421875
"2236",-34.625,-50.0625,9.73332527483713,0,340.2841796875
"2237",-34.375,-58.0625,18.1220703125,16.246826171875,19.997314453125
"2238",-34.375,-57.9375,500.454028320312,1.233642578125,2447.1435546875
"2239",-34.375,-57.8125,916.747120576746,5.262939453125,2569.61254882812
"2240",-34.375,-57.6875,761.040876116071,0.58154296875,2657.74462890625
"2241",-34.375,-57.5625,752.334622896635,0.510498046875,3242.04760742188
"2242",-34.375,-57.4375,9.56113904587766,0.029541015625,54.409912109375
"2243",-34.375,-57.3125,14.3678513911732,0.04443359375,76.67919921875
"2244",-34.375,-57.1875,12.2520241477273,0.05810546875,75.614013671875
"2245",-34.375,-57.0625,12.2610638330853,0.1513671875,77.693359375
"2246",-34.375,-56.9375,24.6799083891369,0.051513671875,278.55419921875
"2247",-34.375,-56.8125,37.9566947318412,0.089599609375,559.341064453125
"2248",-34.375,-56.6875,92.1853307965158,0.078125,1355.72583007812
"2249",-34.375,-56.5625,60.3468189508143,0.074951171875,1351.78161621094
"2250",-34.375,-56.4375,14.5910919189453,0.953125,57.414794921875
"2251",-34.375,-56.3125,11.633251245471,0.01611328125,57.623046875
"2252",-34.375,-56.1875,20.1043336546266,0.010009765625,367.987060546875
"2253",-34.375,-56.0625,68.2149857501594,0.07080078125,1379.19384765625
"2254",-34.375,-55.9375,20.0948096206508,0.035888671875,356.98828125
"2255",-34.375,-55.8125,16.9971935679612,0.028076171875,379.4970703125
"2256",-34.375,-55.6875,42.6087629210274,0.0380859375,424.857849121094
"2257",-34.375,-55.5625,67.050856850364,0.0509033203125,496.490844726562
"2258",-34.375,-55.4375,44.8774130178052,0.441162109375,370.157592773438
"2259",-34.375,-55.3125,37.8094477137446,0.597900390625,425.894165039062
"2260",-34.375,-55.1875,53.5157045371026,0.16314697265625,422.232666015625
"2261",-34.375,-55.0625,100.319480504745,1.36294555664062,530.902648925781
"2262",-34.375,-54.9375,124.256552725927,0.387939453125,596.112121582031
"2263",-34.375,-54.8125,116.489129556192,0.05029296875,714.102905273438
"2264",-34.375,-54.6875,64.6852184642445,0.0401611328125,518.837036132812
"2265",-34.375,-54.5625,37.9914570004921,0.05029296875,208.513427734375
"2266",-34.375,-54.4375,30.4199424342105,0.0283203125,529.40625
"2267",-34.375,-54.3125,140.549775810652,0.008056640625,2686.58740234375
"2268",-34.375,-54.1875,277.819274231628,0.32666015625,2923.6484375
"2269",-34.375,-54.0625,179.412467659294,0.110595703125,2788.765625
"2270",-34.375,-53.9375,62.1864063837757,0.286865234375,430.631591796875
"2271",-34.375,-53.8125,43.7756802833686,0.02099609375,707.52978515625
"2272",-34.375,-53.6875,36.6729512117347,0.170654296875,695.4267578125
"2273",-34.375,-53.5625,32.4844865470097,0.129638671875,745.015625
"2274",-34.375,-53.4375,43.0967594068878,0.01318359375,770.188232421875
"2275",-34.375,-53.3125,49.932403221559,0.1259765625,766.47705078125
"2276",-34.375,-53.1875,29.8384368379237,0.108154296875,261.027099609375
"2277",-34.375,-53.0625,32.1353426846591,0.028076171875,644.035888671875
"2278",-34.375,-52.9375,27.282932229238,0.2578125,206.994873046875
"2279",-34.375,-52.8125,20.4310271661932,0.080322265625,195.86572265625
"2280",-34.375,-52.6875,19.5265435112847,0.052490234375,159.306396484375
"2281",-34.375,-52.5625,18.7748224990173,0.01025390625,205.66015625
"2282",-34.375,-52.4375,20.8948659995168,0.019287109375,97.216064453125
"2283",-34.375,-52.3125,21.8045550537109,0.04931640625,152.486572265625
"2284",-34.375,-52.1875,19.9711845930233,0.006591796875,176.2060546875
"2285",-34.375,-52.0625,20.9043914228283,0.01708984375,312.985595703125
"2286",-34.375,-51.9375,25.6825966960806,0.04443359375,640.083251953125
"2287",-34.375,-51.8125,22.1692041790675,0.044921875,390.576904296875
"2288",-34.375,-51.6875,20.1140144300757,0.009765625,375.654052734375
"2289",-34.375,-51.5625,29.8896537836451,0.03125,498.25927734375
"2290",-34.375,-51.4375,71.0161312042721,0.3486328125,1160.46325683594
"2291",-34.375,-51.3125,51.6306529651989,0.2392578125,598.81982421875
"2292",-34.375,-51.1875,46.5153751148897,0.1572265625,819.91015625
"2293",-34.375,-51.0625,56.3835008531701,0.2119140625,805.654052734375
"2294",-34.375,-50.9375,40.052198507018,0.93994140625,527.398193359375
"2295",-34.375,-50.8125,32.4554461578825,0.02783203125,331.0361328125
"2296",-34.375,-50.6875,28.8898879278274,0.22802734375,214.578125
"2297",-34.375,-50.5625,36.0448409444061,0.32958984375,371.64453125
"2298",-34.375,-50.4375,36.0794458345334,0.0498046875,418.66455078125
"2299",-34.375,-50.3125,39.9854303175403,0.0634765625,263.7265625
"2300",-34.375,-50.1875,36.5091035487288,0.02783203125,139.60009765625
"2301",-34.375,-50.0625,23.3701769770408,0,290.33154296875
"2302",-34.125,-57.9375,5.8214111328125,3.185791015625,8.45703125
"2303",-34.125,-57.8125,573.793107466264,7.88330078125,1095.63940429688
"2304",-34.125,-57.6875,2.67948091947115,0.051513671875,13.219482421875
"2305",-34.125,-57.5625,433.751031691028,0.17431640625,3279.85986328125
"2306",-34.125,-57.4375,13.2547763922276,0.331787109375,58.84521484375
"2307",-34.125,-57.3125,11.6032774390244,0.84130859375,50.428466796875
"2308",-34.125,-57.1875,14.595703125,0.040771484375,82.18603515625
"2309",-34.125,-57.0625,11.5617529296875,0.20263671875,53.866943359375
"2310",-34.125,-56.9375,14.287702889278,0.455810546875,78.116455078125
"2311",-34.125,-56.8125,21.1831090070199,0.33203125,262.30810546875
"2312",-34.125,-56.6875,32.9628274851832,0.078857421875,590.930908203125
"2313",-34.125,-56.5625,43.2284025493421,0.051025390625,575.334228515625
"2314",-34.125,-56.4375,25.5444196428571,0.83935546875,348.46533203125
"2315",-34.125,-56.3125,14.5692364728009,0.07421875,50.453369140625
"2316",-34.125,-56.1875,13.3404086243873,0.83837890625,55.86279296875
"2317",-34.125,-56.0625,84.3625154041109,0.6376953125,1433.72143554688
"2318",-34.125,-55.9375,40.0333609232088,0.249267578125,1291.13500976562
"2319",-34.125,-55.8125,19.1234092310855,0.533935546875,257.54541015625
"2320",-34.125,-55.6875,29.7917385656857,0.001220703125,632.188842773438
"2321",-34.125,-55.5625,36.5896269699623,0.1043701171875,649.732177734375
"2322",-34.125,-55.4375,33.0632633575021,0.32666015625,644.960327148438
"2323",-34.125,-55.3125,30.5960525512695,0.07958984375,246.341796875
"2324",-34.125,-55.1875,43.8453478131975,0.07373046875,595.457885742188
"2325",-34.125,-55.0625,52.622255085596,1.330322265625,592.191101074219
"2326",-34.125,-54.9375,92.5761187642977,3.704833984375,788.225952148438
"2327",-34.125,-54.8125,64.683244914034,5.6619873046875,591.503112792969
"2328",-34.125,-54.6875,46.6017523249355,0.140869140625,469.555725097656
"2329",-34.125,-54.5625,50.2117889781057,0.154541015625,1066.1923828125
"2330",-34.125,-54.4375,240.972496744792,0.052001953125,2739.82080078125
"2331",-34.125,-54.3125,479.706763095543,0.46240234375,2891.7998046875
"2332",-34.125,-54.1875,643.674101858428,1.32177734375,3112.76025390625
"2333",-34.125,-54.0625,680.845652613147,5.0947265625,2768.30029296875
"2334",-34.125,-53.9375,68.8339965820312,3.286376953125,473.207763671875
"2335",-34.125,-53.8125,47.4101372876214,0.64306640625,929.939697265625
"2336",-34.125,-53.6875,20.4884098597935,0.018310546875,202.0615234375
"2337",-34.125,-53.5625,18.2514962012615,0.361328125,189.172607421875
"2338",-34.125,-53.4375,24.159969656808,0.262451171875,187.288818359375
"2339",-34.125,-53.3125,55.8174470600329,0.074462890625,668.005615234375
"2340",-34.125,-53.1875,30.3328421456473,0.178466796875,207.1494140625
"2341",-34.125,-53.0625,28.5012891096769,0.1240234375,650.65185546875
"2342",-34.125,-52.9375,26.5402188387784,0.1494140625,172.39453125
"2343",-34.125,-52.8125,23.0758279079861,0.053955078125,212.002685546875
"2344",-34.125,-52.6875,23.4772527358111,0.120849609375,212.19384765625
"2345",-34.125,-52.5625,23.5991530450398,0.000244140625,212.89697265625
"2346",-34.125,-52.4375,23.0134346658123,0.21630859375,166.08740234375
"2347",-34.125,-52.3125,21.3539755889988,0.157958984375,89.76611328125
"2348",-34.125,-52.1875,22.901693733273,0.1083984375,168.251708984375
"2349",-34.125,-52.0625,30.2748844016568,0.01953125,450.178955078125
"2350",-34.125,-51.9375,34.9975540303738,0.00048828125,613.244384765625
"2351",-34.125,-51.8125,41.2247107303504,0.032470703125,655.730712890625
"2352",-34.125,-51.6875,53.1304271024816,0.045166015625,933.87744140625
"2353",-34.125,-51.5625,55.6665174300747,0.131591796875,918.036376953125
"2354",-34.125,-51.4375,49.1227205164292,0.653076171875,1046.96374511719
"2355",-34.125,-51.3125,56.009979916315,0.26318359375,530.505126953125
"2356",-34.125,-51.1875,44.802269253335,0.9228515625,310.012451171875
"2357",-34.125,-51.0625,59.0605303790118,0.0888671875,477.504638671875
"2358",-34.125,-50.9375,52.881589367615,3.221435546875,342.85498046875
"2359",-34.125,-50.8125,38.4194994294242,0.10888671875,243.063232421875
"2360",-34.125,-50.6875,26.6974696828358,0.041259765625,164.767578125
"2361",-34.125,-50.5625,23.9769946073009,0.2021484375,105.82861328125
"2362",-34.125,-50.4375,24.9623280400815,0.60595703125,106.8759765625
"2363",-34.125,-50.3125,28.6836547851562,0.0830078125,117.10400390625
"2364",-34.125,-50.1875,19.2672099129098,0.0322265625,424.8955078125
"2365",-34.125,-50.0625,14.9469517299107,0,159.1630859375
"2366",-33.875,-58.1875,3.391357421875,0.098876953125,6.13671875
"2367",-33.875,-58.0625,7.5130859375,4.9052734375,9.311279296875
"2368",-33.875,-57.9375,17.09619140625,6.69873046875,57.94384765625
"2369",-33.875,-57.8125,539.967662464489,3.4326171875,2935.86254882812
"2370",-33.875,-57.6875,535.078847249349,0.0498046875,3247.81640625
"2371",-33.875,-57.5625,15.681894155649,0.04052734375,206.4541015625
"2372",-33.875,-57.4375,13.8844129774306,1.2060546875,60.936279296875
"2373",-33.875,-57.3125,13.6510716488487,0.016357421875,52.3720703125
"2374",-33.875,-57.1875,9.44251043146307,0.016357421875,45.634521484375
"2375",-33.875,-57.0625,12.5668723366477,0.148193359375,71.14306640625
"2376",-33.875,-56.9375,15.0257649739583,1.554931640625,91.590576171875
"2377",-33.875,-56.8125,20.9274117606027,1.327880859375,239.73486328125
"2378",-33.875,-56.6875,17.5732786263993,0.416015625,101.83056640625
"2379",-33.875,-56.5625,24.0873873197115,0.01513671875,480.252197265625
"2380",-33.875,-56.4375,62.1816618546196,0.0966796875,570.898681640625
"2381",-33.875,-56.3125,19.2721641390931,0.43115234375,345.71142578125
"2382",-33.875,-56.1875,32.1186877264493,0.001708984375,442.6962890625
"2383",-33.875,-56.0625,47.4344057233146,0.091796875,437.631103515625
"2384",-33.875,-55.9375,152.336480712891,1.548583984375,1603.45739746094
"2385",-33.875,-55.8125,29.6450405325941,0.078857421875,398.33837890625
"2386",-33.875,-55.6875,19.2375929812168,0.184326171875,292.11083984375
"2387",-33.875,-55.5625,23.0465954766757,0.645263671875,142.55322265625
"2388",-33.875,-55.4375,22.450826273336,0.86669921875,105.199462890625
"2389",-33.875,-55.3125,26.6172236689815,0.138916015625,157.003173828125
"2390",-33.875,-55.1875,20.6932078394397,0.299072265625,99.531494140625
"2391",-33.875,-55.0625,37.6772059610445,0.435791015625,582.832763671875
"2392",-33.875,-54.9375,27.6101764181386,3.140625,153.456665039062
"2393",-33.875,-54.8125,33.7600717117537,0.208984375,174.416015625
"2394",-33.875,-54.6875,176.882253727443,0.07421875,2949.70971679688
"2395",-33.875,-54.5625,423.634527118389,0.00146484375,2863.54858398438
"2396",-33.875,-54.4375,387.237308689805,0.013671875,2844.15502929688
"2397",-33.875,-54.3125,465.224312576593,0.154296875,2318.72705078125
"2398",-33.875,-54.1875,631.580621683373,2.668701171875,3128.91333007812
"2399",-33.875,-54.0625,594.785139973958,7.3427734375,3005.3125
"2400",-33.875,-53.9375,111.450805664062,0.30615234375,961.917236328125
"2401",-33.875,-53.8125,78.4966152154126,0.765625,264.170166015625
"2402",-33.875,-53.6875,34.8482892071759,0.11865234375,239.94873046875
"2403",-33.875,-53.5625,33.036374605619,0.15966796875,235.09228515625
"2404",-33.875,-53.4375,32.8079803210347,0.600830078125,131.213134765625
"2405",-33.875,-53.3125,64.5668468475342,0.4462890625,668.348876953125
"2406",-33.875,-53.1875,46.9085921223958,0.18798828125,682.15576171875
"2407",-33.875,-53.0625,27.8854724271798,0.008544921875,284.74755859375
"2408",-33.875,-52.9375,30.2766448639251,0.2333984375,172.53466796875
"2409",-33.875,-52.8125,26.0373475609756,0.0859375,201.56201171875
"2410",-33.875,-52.6875,25.6170261928013,0.012939453125,136.7783203125
"2411",-33.875,-52.5625,25.7206077137213,0.1162109375,133.855712890625
"2412",-33.875,-52.4375,21.0230620229992,0.013916015625,118.603759765625
"2413",-33.875,-52.3125,20.9869153252963,0.0244140625,175.370361328125
"2414",-33.875,-52.1875,27.0604197184245,0.061279296875,343.65625
"2415",-33.875,-52.0625,58.3566625562765,0.20703125,637.001586914062
"2416",-33.875,-51.9375,51.8143728795755,1.16943359375,631.188720703125
"2417",-33.875,-51.8125,50.2129133894637,0.5791015625,571.834228515625
"2418",-33.875,-51.6875,48.3833787370436,0.262939453125,402.2392578125
"2419",-33.875,-51.5625,43.7354339192708,0.5498046875,223.402709960938
"2420",-33.875,-51.4375,41.9080943779959,0.432373046875,229.192138671875
"2421",-33.875,-51.3125,38.9587050291438,0.11083984375,210.0888671875
"2422",-33.875,-51.1875,35.6907468096641,0.365966796875,201.836181640625
"2423",-33.875,-51.0625,42.2645141601562,1.414794921875,294.9287109375
"2424",-33.875,-50.9375,28.1515549879808,0.021484375,166.80419921875
"2425",-33.875,-50.8125,22.7850867790904,0.08837890625,94.4951171875
"2426",-33.875,-50.6875,18.3407669708508,0.0029296875,62.80078125
"2427",-33.875,-50.5625,21.6970340689433,0.54541015625,101.0986328125
"2428",-33.875,-50.4375,19.0022477774784,0.1728515625,130.02001953125
"2429",-33.875,-50.3125,16.4969866071429,0.12841796875,47.58984375
"2430",-33.875,-50.1875,27.8311157226562,0.31201171875,425.56982421875
"2431",-33.875,-50.0625,12.2625154194079,0,52.509765625
"2432",-33.625,-58.3125,10.6046142578125,0.35498046875,41.01416015625
"2433",-33.625,-58.1875,34.1744791666667,4.3662109375,49.860107421875
"2434",-33.625,-58.0625,26.40869140625,0.22021484375,61.480224609375
"2435",-33.625,-57.9375,862.464580829327,1.524169921875,2808.98876953125
"2436",-33.625,-57.8125,943.854085286458,0.1904296875,2831.89916992188
"2437",-33.625,-57.6875,6.69840016084559,0.939208984375,13.447021484375
"2438",-33.625,-57.5625,4.81895228794643,0.53125,13.75634765625
"2439",-33.625,-57.4375,10.7516581217448,0.023193359375,31.918701171875
"2440",-33.625,-57.3125,27.2361966646635,0.02783203125,192.534912109375
"2441",-33.625,-57.1875,7.79206730769231,0.05126953125,36.18505859375
"2442",-33.625,-57.0625,16.9644927978516,0.048583984375,194.697265625
"2443",-33.625,-56.9375,11.83203125,0.446044921875,30.951904296875
"2444",-33.625,-56.8125,19.7411358173077,1.052001953125,75.86376953125
"2445",-33.625,-56.6875,25.5714983258929,0.273681640625,105.641845703125
"2446",-33.625,-56.5625,16.0988428869913,1.10498046875,50.686279296875
"2447",-33.625,-56.4375,29.2462083466199,0.489501953125,510.982177734375
"2448",-33.625,-56.3125,35.5521032945165,0.09619140625,613.191162109375
"2449",-33.625,-56.1875,19.9076502182904,0.02392578125,91.4716796875
"2450",-33.625,-56.0625,27.6343510465802,0.19580078125,459.468505859375
"2451",-33.625,-55.9375,75.8542251586914,1.108154296875,1558.71447753906
"2452",-33.625,-55.8125,99.5749539888822,1.766357421875,1587.798828125
"2453",-33.625,-55.6875,25.5193198599466,0.708740234375,435.199951171875
"2454",-33.625,-55.5625,31.5552464535362,1.9296875,336.7890625
"2455",-33.625,-55.4375,41.7607021047108,3.19482421875,355.0927734375
"2456",-33.625,-55.3125,33.6637912326389,0.234375,336.406982421875
"2457",-33.625,-55.1875,262.980762523609,0.004150390625,3146.40673828125
"2458",-33.625,-55.0625,431.48136054145,0.5498046875,3099.78125
"2459",-33.625,-54.9375,328.441632306134,1.48046875,3066.83471679688
"2460",-33.625,-54.8125,530.163244414748,0.03173828125,3089.85229492188
"2461",-33.625,-54.6875,541.918579101562,0.1123046875,3104.20849609375
"2462",-33.625,-54.5625,361.446847098214,0.013671875,2255.42358398438
"2463",-33.625,-54.4375,600.649907226563,0.38330078125,2340.76953125
"2464",-33.625,-54.3125,563.575516550164,1.68408203125,2422.27319335938
"2465",-33.625,-54.1875,950.821221923828,5.04296875,3118.7392578125
"2466",-33.625,-54.0625,603.390725840693,6.1181640625,3051.53198242188
"2467",-33.625,-53.9375,136.742882930871,0.006103515625,2660.3974609375
"2468",-33.625,-53.8125,70.5896248653017,1.197021484375,945.529174804688
"2469",-33.625,-53.6875,37.1493049172794,1.31787109375,203.7314453125
"2470",-33.625,-53.5625,39.9894227723818,1.0751953125,195.612060546875
"2471",-33.625,-53.4375,57.6309722572245,0.619140625,247.72216796875
"2472",-33.625,-53.3125,33.7693568638393,0.0537109375,249.71484375
"2473",-33.625,-53.1875,33.6046246467753,0.8193359375,142.294677734375
"2474",-33.625,-53.0625,76.0102865204556,0.08056640625,993.344848632812
"2475",-33.625,-52.9375,60.4167350453033,0.084228515625,975.4775390625
"2476",-33.625,-52.8125,40.9712689717611,0.042236328125,856.25390625
"2477",-33.625,-52.6875,46.4379796933888,0.226318359375,858.0771484375
"2478",-33.625,-52.5625,64.9450535629735,0.23291015625,596.1435546875
"2479",-33.625,-52.4375,36.3684026961936,0.106201171875,560.543212890625
"2480",-33.625,-52.3125,32.8817558054544,0.200927734375,222.216064453125
"2481",-33.625,-52.1875,36.896533714797,0.035888671875,364.9306640625
"2482",-33.625,-52.0625,48.4431878382864,0.6685791015625,282.14599609375
"2483",-33.625,-51.9375,55.9984408291903,1.6376953125,223.273071289062
"2484",-33.625,-51.8125,46.4413787608838,0.349853515625,182.944458007812
"2485",-33.625,-51.6875,47.3733757174745,0.0599365234375,223.567626953125
"2486",-33.625,-51.5625,43.8612598404574,0.3931884765625,237.773559570312
"2487",-33.625,-51.4375,55.7495038748745,0.838623046875,235.794067382812
"2488",-33.625,-51.3125,65.7663493686252,0.521240234375,236.237915039062
"2489",-33.625,-51.1875,54.3637741140945,0.035888671875,316.691650390625
"2490",-33.625,-51.0625,42.9224593510266,0.028076171875,304.685791015625
"2491",-33.625,-50.9375,23.5379535995911,0.0439453125,218.665771484375
"2492",-33.625,-50.8125,20.6395590788399,0.05615234375,194.0126953125
"2493",-33.625,-50.6875,17.0114131351169,0.09326171875,85.93310546875
"2494",-33.625,-50.5625,19.6315725948034,0.5634765625,125.923828125
"2495",-33.625,-50.4375,25.5976945465686,0.1103515625,413.80615234375
"2496",-33.625,-50.3125,33.6921484375,0.146484375,427.92431640625
"2497",-33.625,-50.1875,8.01685732886905,0.28271484375,23.61181640625
"2498",-33.625,-50.0625,10.4111328125,0,36.05322265625
"2499",-33.375,-58.3125,12.1906127929688,0.2939453125,40.284912109375
"2500",-33.375,-58.1875,7.230224609375,7.230224609375,7.230224609375
"2501",-33.375,-58.0625,43.6548665364583,5.510986328125,72.852294921875
"2502",-33.375,-57.9375,1208.02433894231,0.126953125,2728.994140625
"2503",-33.375,-57.8125,6.31137084960938,1.293701171875,15.028564453125
"2504",-33.375,-57.6875,4.87109375,4.551025390625,5.191162109375
"2505",-33.375,-57.5625,5.63420758928571,2.945068359375,12.865966796875
"2506",-33.375,-57.4375,5.35772705078125,0.600830078125,18.01611328125
"2507",-33.375,-57.3125,4.25634765625,0.0029296875,24.00146484375
"2508",-33.375,-57.1875,9.82684004934211,0.00048828125,41.157958984375
"2509",-33.375,-57.0625,9.010078125,0.5,30.003662109375
"2510",-33.375,-56.9375,11.0863836880388,0.366943359375,36.846923828125
"2511",-33.375,-56.8125,11.8344203404018,0.44091796875,53.434326171875
"2512",-33.375,-56.6875,16.9337672183388,0.41943359375,91.17333984375
"2513",-33.375,-56.5625,19.7533668695494,0.785888671875,68.31005859375
"2514",-33.375,-56.4375,29.0313069661458,0.013916015625,455.89990234375
"2515",-33.375,-56.3125,40.3157315340909,0.02001953125,597.43896484375
"2516",-33.375,-56.1875,26.8186554604388,0.131103515625,324.446533203125
"2517",-33.375,-56.0625,18.7608219068878,0.11376953125,78.8662109375
"2518",-33.375,-55.9375,17.8879788306452,0.485595703125,64.412109375
"2519",-33.375,-55.8125,52.9212683852838,0.285400390625,1328.60852050781
"2520",-33.375,-55.6875,56.478759765625,0.159912109375,1575.32446289062
"2521",-33.375,-55.5625,76.6757428850446,0.591552734375,1496.99487304688
"2522",-33.375,-55.4375,83.1559728673986,0.013916015625,1642.60107421875
"2523",-33.375,-55.3125,163.213516590207,0.07080078125,2919.87133789062
"2524",-33.375,-55.1875,890.931402587891,0.010009765625,3209.24829101562
"2525",-33.375,-55.0625,975.9589512201,0.02001953125,3022.48974609375
"2526",-33.375,-54.9375,811.945073146446,0.01171875,3013.31787109375
"2527",-33.375,-54.8125,620.84541015625,0.06591796875,2776.45581054688
"2528",-33.375,-54.6875,532.987714092548,0.033203125,2238.41235351562
"2529",-33.375,-54.5625,485.089885129767,0.005859375,2117.0556640625
"2530",-33.375,-54.4375,429.519997898536,0.2451171875,2344.72509765625
"2531",-33.375,-54.3125,728.124718560113,0.216796875,2785.81396484375
"2532",-33.375,-54.1875,657.805672628838,2.743896484375,2986.14990234375
"2533",-33.375,-54.0625,856.663264576982,6.122802734375,3048.08349609375
"2534",-33.375,-53.9375,606.965226236979,1.1708984375,2706.03247070312
"2535",-33.375,-53.8125,77.7042815644862,0.4267578125,943.240844726562
"2536",-33.375,-53.6875,42.6522974474677,0.2119140625,287.05419921875
"2537",-33.375,-53.5625,37.4801726645612,0.2587890625,296.287353515625
"2538",-33.375,-53.4375,31.9131050857843,1.15966796875,180.72607421875
"2539",-33.375,-53.3125,61.2492392719656,0.57568359375,483.15283203125
"2540",-33.375,-53.1875,162.573166355942,0.02197265625,976.72119140625
"2541",-33.375,-53.0625,148.944522530692,1.753662109375,980.221801757812
"2542",-33.375,-52.9375,59.2641960592831,0.044189453125,923.131713867188
"2543",-33.375,-52.8125,80.0735174771013,0.140869140625,1023.54284667969
"2544",-33.375,-52.6875,37.828521885016,0.333251953125,851.0859375
"2545",-33.375,-52.5625,58.527873728535,0.336181640625,630.28515625
"2546",-33.375,-52.4375,43.2451006275739,0.17138671875,254.994384765625
"2547",-33.375,-52.3125,38.68284529869,0.0533447265625,264.952514648438
"2548",-33.375,-52.1875,39.2943877091644,1.3466796875,397.314819335938
"2549",-33.375,-52.0625,49.8029684078921,0.3502197265625,443.245727539062
"2550",-33.375,-51.9375,52.8669349545338,2.1512451171875,458.134521484375
"2551",-33.375,-51.8125,48.8528616017309,0.0692138671875,220.208251953125
"2552",-33.375,-51.6875,51.6608690534319,0.203125,194.638549804688
"2553",-33.375,-51.5625,54.4110413775941,0.05810546875,195.899780273438
"2554",-33.375,-51.4375,53.4068046604983,1.2059326171875,262.385375976562
"2555",-33.375,-51.3125,55.4973194973528,0.2618408203125,250.234252929688
"2556",-33.375,-51.1875,58.427825675523,0.041015625,345.171752929688
"2557",-33.375,-51.0625,32.6706959794207,0.044921875,268.705078125
"2558",-33.375,-50.9375,24.5474991419325,0.011962890625,202.5009765625
"2559",-33.375,-50.8125,22.2749430338542,0.177734375,122.98095703125
"2560",-33.375,-50.6875,24.7843746722945,0.23974609375,436.667724609375
"2561",-33.375,-50.5625,20.6428190949675,0.03662109375,85.65966796875
"2562",-33.375,-50.4375,13.980480375744,0.09423828125,59.9287109375
"2563",-33.375,-50.3125,6.34568737399194,0.06884765625,26.62158203125
"2564",-33.375,-50.1875,7.53723675271739,0.0283203125,25.72119140625
"2565",-33.375,-50.0625,0.0517578125,0,0.1552734375
"2566",-33.125,-58.3125,42.15966796875,42.15966796875,42.15966796875
"2567",-33.125,-58.1875,5.5648193359375,2.06884765625,9.060791015625
"2568",-33.125,-58.0625,8.69140625,8.69140625,8.69140625
"2569",-33.125,-57.9375,2085.43330652574,0.378662109375,2472.0576171875
"2570",-33.125,-57.8125,7.68890380859375,0.6376953125,14.626220703125
"2571",-33.125,-57.6875,11.498974609375,3.812744140625,18.0556640625
"2572",-33.125,-57.5625,15.4600423177083,15.065185546875,15.657470703125
"2573",-33.125,-57.4375,6.590576171875,4.017333984375,8.269775390625
"2574",-33.125,-57.3125,4.4768310546875,0.0751953125,9.32080078125
"2575",-33.125,-57.1875,10.2435825892857,0.134033203125,31.534423828125
"2576",-33.125,-57.0625,2.69365234375,0.063232421875,6.599853515625
"2577",-33.125,-56.9375,15.5760009765625,5.159912109375,47.38671875
"2578",-33.125,-56.8125,13.147216796875,2.404296875,29.322998046875
"2579",-33.125,-56.6875,16.4633178710938,0.05029296875,101.67822265625
"2580",-33.125,-56.5625,15.41298828125,0.016357421875,91.80126953125
"2581",-33.125,-56.4375,22.5338362354343,0.21875,424.141845703125
"2582",-33.125,-56.3125,27.6899594907407,0.0576171875,583.551513671875
"2583",-33.125,-56.1875,19.4178466796875,0.05615234375,329.642333984375
"2584",-33.125,-56.0625,17.6376905254289,0.05615234375,78.786376953125
"2585",-33.125,-55.9375,21.4518883746603,0.12255859375,79.846435546875
"2586",-33.125,-55.8125,34.1404269236439,0.624267578125,164.63427734375
"2587",-33.125,-55.6875,20.6833959119073,1.647216796875,127.93994140625
"2588",-33.125,-55.5625,2033.44145336486,0.013916015625,3352.23364257812
"2589",-33.125,-55.4375,451.759996744792,0.03515625,3262.83032226562
"2590",-33.125,-55.3125,955.219264818274,0.076171875,3202.32788085938
"2591",-33.125,-55.1875,637.905495668069,0.06591796875,3177.21630859375
"2592",-33.125,-55.0625,302.59621068051,0.25439453125,1970.85693359375
"2593",-33.125,-54.9375,668.358225176411,0.0654296875,2370.82641601562
"2594",-33.125,-54.8125,793.515273876405,0.08984375,2231.70361328125
"2595",-33.125,-54.6875,504.217811262104,0.068359375,1991.97338867188
"2596",-33.125,-54.5625,81.7142012746711,0.08251953125,690.60693359375
"2597",-33.125,-54.4375,176.917581309443,0.0361328125,1977.10180664062
"2598",-33.125,-54.3125,839.357186710133,0.525146484375,2768.43603515625
"2599",-33.125,-54.1875,641.019544236204,0.0205078125,2535.18774414062
"2600",-33.125,-54.0625,1072.17808702257,4.879638671875,3033.05834960938
"2601",-33.125,-53.9375,770.54052734375,7.759521484375,2895.37963867188
"2602",-33.125,-53.8125,673.718406677246,1.7412109375,2659.25244140625
"2603",-33.125,-53.6875,84.2745530870226,0.701171875,934.443237304688
"2604",-33.125,-53.5625,78.4243999280428,0.49072265625,911.820068359375
"2605",-33.125,-53.4375,100.74127875434,4.55322265625,912.371704101562
"2606",-33.125,-53.3125,147.222865513393,3.047119140625,952.077026367188
"2607",-33.125,-53.1875,267.031335449219,7.41259765625,975.342041015625
"2608",-33.125,-53.0625,188.392739688649,0.4609375,1020.50549316406
"2609",-33.125,-52.9375,84.7614790482955,3.428466796875,1124.56408691406
"2610",-33.125,-52.8125,48.2338734822101,0.92578125,1089.83874511719
"2611",-33.125,-52.6875,49.5341833496094,0.1591796875,325.588500976562
"2612",-33.125,-52.5625,68.8035873964608,1.5390625,695.527221679688
"2613",-33.125,-52.4375,58.3335509369339,0.268798828125,419.966796875
"2614",-33.125,-52.3125,42.4790176690794,0.689208984375,260.590454101562
"2615",-33.125,-52.1875,50.1065635850694,0.27099609375,284.804077148438
"2616",-33.125,-52.0625,63.9948658963128,0.79443359375,466.326171875
"2617",-33.125,-51.9375,52.0790095992152,0.2021484375,469.879638671875
"2618",-33.125,-51.8125,41.6847366021604,0.609375,317.34814453125
"2619",-33.125,-51.6875,47.0614576586788,0.0048828125,275.443481445312
"2620",-33.125,-51.5625,42.2645868524775,0.3048095703125,212.418212890625
"2621",-33.125,-51.4375,46.7334476490919,0.345947265625,249.537841796875
"2622",-33.125,-51.3125,44.8922700971086,0.00244140625,1043.19458007812
"2623",-33.125,-51.1875,41.2244309168782,0.033203125,1048.890625
"2624",-33.125,-51.0625,26.9030748002985,0.028564453125,250.84375
"2625",-33.125,-50.9375,27.1641256398168,0.03662109375,267.164306640625
"2626",-33.125,-50.8125,19.3050875894824,0.0634765625,280.4228515625
"2627",-33.125,-50.6875,21.2517033719468,0.04296875,99.9599609375
"2628",-33.125,-50.5625,18.4056033572635,0.1650390625,103.7646484375
"2629",-33.125,-50.4375,16.9588435246394,0.06640625,75.37841796875
"2630",-33.125,-50.3125,7.76953125,0.08984375,30.50439453125
"2631",-33.125,-50.1875,5.49958147321429,0.30029296875,15.05517578125
"2632",-33.125,-50.0625,13.6723361545139,0,74.38525390625
"2633",-32.875,-58.3125,42.62158203125,42.62158203125,42.62158203125
"2634",-32.875,-58.1875,5.41827392578125,3.6826171875,8.77783203125
"2635",-32.875,-57.8125,1613.64680175781,1.332763671875,2054.5712890625
"2636",-32.875,-57.6875,2.595947265625,2.595947265625,2.595947265625
"2637",-32.875,-57.5625,6.96484375,6.96484375,6.96484375
"2638",-32.875,-57.3125,6.48624674479167,4.341552734375,7.5869140625
"2639",-32.875,-57.1875,5.21622721354167,0.04736328125,9.266357421875
"2640",-32.875,-57.0625,7.88724190848214,0.550048828125,27.294189453125
"2641",-32.875,-56.9375,5.23058143028846,0.148193359375,12.93505859375
"2642",-32.875,-56.8125,9.28795369466146,0.13671875,31.56689453125
"2643",-32.875,-56.6875,14.2839688387784,0.3798828125,84.056396484375
"2644",-32.875,-56.5625,19.9061279296875,0.2060546875,81.8857421875
"2645",-32.875,-56.4375,13.2942940848214,0.614990234375,69.76904296875
"2646",-32.875,-56.3125,24.4934661347987,0.078125,585.388671875
"2647",-32.875,-56.1875,27.6309204101562,1.171630859375,344.38916015625
"2648",-32.875,-56.0625,29.2762301260965,0.52099609375,347.70556640625
"2649",-32.875,-55.9375,14.5049285888672,1.098388671875,64.440673828125
"2650",-32.875,-55.8125,14.5329241071429,0.827392578125,59.612548828125
"2651",-32.875,-55.6875,25.8526929772418,0.005859375,128.85595703125
"2652",-32.875,-55.5625,275.713589754972,0.0087890625,3181.54272460938
"2653",-32.875,-55.4375,1119.14047241211,3.086181640625,3227.6298828125
"2654",-32.875,-55.3125,231.316922701322,0.011962890625,3201.638671875
"2655",-32.875,-55.1875,143.603881835938,0.0126953125,2002.333984375
"2656",-32.875,-55.0625,584.804682413737,0.14404296875,1994.44873046875
"2657",-32.875,-54.9375,147.797721354167,1.05078125,786.02734375
"2658",-32.875,-54.8125,357.972807042739,0.017578125,4486.34130859375
"2659",-32.875,-54.6875,1123.33864746094,0.01513671875,3985.51416015625
"2660",-32.875,-54.5625,162.433125813802,0.00634765625,3006.00610351562
"2661",-32.875,-54.4375,212.638032459077,0.19384765625,1214.28955078125
"2662",-32.875,-54.3125,672.676017359683,0.134033203125,2699.048828125
"2663",-32.875,-54.1875,696.550407996545,5.72265625,2721.48876953125
"2664",-32.875,-54.0625,538.087972005208,2.322998046875,3011.63549804688
"2665",-32.875,-53.9375,1004.38207310268,0.499755859375,3034.44921875
"2666",-32.875,-53.8125,1100.02013534155,1.494384765625,3014.72143554688
"2667",-32.875,-53.6875,1270.41581072126,1.291748046875,3014.21337890625
"2668",-32.875,-53.5625,729.084038628472,0.261962890625,3017.24658203125
"2669",-32.875,-53.4375,664.037817382812,0.330078125,2616.23510742188
"2670",-32.875,-53.3125,711.679809570312,6.463623046875,2608.57983398438
"2671",-32.875,-53.1875,49.8298997145433,3.154541015625,304.061279296875
"2672",-32.875,-53.0625,58.4978284333882,0.698974609375,311.61181640625
"2673",-32.875,-52.9375,203.072580973307,8.897216796875,1110.91259765625
"2674",-32.875,-52.8125,78.7962239583333,0.2060546875,1018.58605957031
"2675",-32.875,-52.6875,39.9664216218171,0.1982421875,954.75244140625
"2676",-32.875,-52.5625,62.444034576416,0.019775390625,677.124145507812
"2677",-32.875,-52.4375,53.3856601291233,0.6927490234375,342.351806640625
"2678",-32.875,-52.3125,48.3510366586538,0.23974609375,426.5224609375
"2679",-32.875,-52.1875,38.95009765625,0.101806640625,389.969970703125
"2680",-32.875,-52.0625,39.8423756461832,0.62890625,366.186157226562
"2681",-32.875,-51.9375,43.2389503761574,0.0045166015625,319.012451171875
"2682",-32.875,-51.8125,47.0814363326149,0.4599609375,211.607788085938
"2683",-32.875,-51.6875,49.3903338552891,0.2783203125,221.185302734375
"2684",-32.875,-51.5625,49.2294744318182,0.070068359375,966.923095703125
"2685",-32.875,-51.4375,73.9620023523487,0.040771484375,2357.50390625
"2686",-32.875,-51.3125,45.9182720184326,0.02099609375,2407.18701171875
"2687",-32.875,-51.1875,23.6389051649306,0.007568359375,275.609619140625
"2688",-32.875,-51.0625,36.9633672108907,0.068115234375,250.946533203125
"2689",-32.875,-50.9375,29.7854266589201,0.259765625,247.590576171875
"2690",-32.875,-50.8125,23.9509560861895,0.15771484375,226.33203125
"2691",-32.875,-50.6875,22.4594034830729,0.01806640625,437.6533203125
"2692",-32.875,-50.5625,23.358898701112,0.015625,129.33203125
"2693",-32.875,-50.4375,14.7826021634615,0.01708984375,78.19189453125
"2694",-32.875,-50.3125,6.14378004807692,0.02197265625,27.0263671875
"2695",-32.875,-50.1875,12.4688251201923,0.2939453125,26.2353515625
"2696",-32.875,-50.0625,5.16056315104167,0,40.38818359375
"2697",-32.625,-58.1875,10.934912109375,0.021484375,25.516845703125
"2698",-32.625,-58.0625,5.80914306640625,1.483642578125,22.505615234375
"2699",-32.625,-57.9375,6.22965494791667,4.345458984375,8.95068359375
"2700",-32.625,-57.8125,2012.42864990234,2000.31018066406,2024.54711914062
"2701",-32.625,-57.3125,8.9879150390625,8.523681640625,9.4521484375
"2702",-32.625,-57.1875,23.07861328125,23.07861328125,23.07861328125
"2703",-32.625,-57.0625,6.04891967773438,1.393798828125,15.165771484375
"2704",-32.625,-56.9375,9.3774169921875,1.12109375,31.066650390625
"2705",-32.625,-56.8125,13.7516056941106,0.333740234375,37.760498046875
"2706",-32.625,-56.6875,13.9624294704861,0.113525390625,86.185302734375
"2707",-32.625,-56.5625,11.3443196614583,0.067138671875,75.41552734375
"2708",-32.625,-56.4375,34.1842719184028,0.074462890625,452.31640625
"2709",-32.625,-56.3125,33.8937325613839,0.42626953125,587.86376953125
"2710",-32.625,-56.1875,23.1849158653846,0.432373046875,110.819091796875
"2711",-32.625,-56.0625,22.2857073102679,0.221435546875,327.337158203125
"2712",-32.625,-55.9375,23.0839515799907,0.288818359375,325.86474609375
"2713",-32.625,-55.8125,35.1554282583841,0.2744140625,335.31982421875
"2714",-32.625,-55.6875,154.073395759829,0.285888671875,2726.98779296875
"2715",-32.625,-55.5625,636.192201126453,1.113525390625,2767.47729492188
"2716",-32.625,-55.4375,679.848419787837,0.76513671875,2819.1064453125
"2717",-32.625,-55.3125,99.8749938964844,0.06982421875,294.252197265625
"2718",-32.625,-55.1875,288.362443712023,4.338134765625,1807.06298828125
"2719",-32.625,-55.0625,140.834130859375,0.0322265625,1093.63208007812
"2720",-32.625,-54.9375,280.081283569336,0.10107421875,2269.24853515625
"2721",-32.625,-54.8125,97.9564252580915,0.00537109375,2736.45336914062
"2722",-32.625,-54.6875,166.178116861979,0.01171875,2065.00439453125
"2723",-32.625,-54.5625,1156.60154880987,0.0419921875,4766.64990234375
"2724",-32.625,-54.4375,1906.22800647703,0.00390625,4989.3046875
"2725",-32.625,-54.3125,1387.14844292535,0.2177734375,4801.1259765625
"2726",-32.625,-54.1875,970.871115944602,4.1455078125,2714.13134765625
"2727",-32.625,-54.0625,691.27685546875,4.763916015625,2650.7548828125
"2728",-32.625,-53.9375,611.28276570638,10.057373046875,3037.6162109375
"2729",-32.625,-53.8125,855.969478062221,14.00244140625,3030.62133789062
"2730",-32.625,-53.6875,1149.35832400438,0.34228515625,2816.3857421875
"2731",-32.625,-53.5625,1409.68435747196,4.7197265625,3019.43188476562
"2732",-32.625,-53.4375,1665.33025418795,0.275146484375,3016.25463867188
"2733",-32.625,-53.3125,1203.31092418324,0.845458984375,2864.5087890625
"2734",-32.625,-53.1875,208.450875418527,0.496826171875,2534.25
"2735",-32.625,-53.0625,44.4609171549479,3.5087890625,108.093994140625
"2736",-32.625,-52.9375,48.5885368795956,6.85302734375,119.12744140625
"2737",-32.625,-52.8125,57.76494140625,1.252685546875,976.0390625
"2738",-32.625,-52.6875,56.461908249628,0.0166015625,954.628051757812
"2739",-32.625,-52.5625,41.6749906318132,0.385986328125,958.712524414062
"2740",-32.625,-52.4375,66.2169179765005,0.26318359375,963.263061523438
"2741",-32.625,-52.3125,45.6923993899498,0.047607421875,322.21533203125
"2742",-32.625,-52.1875,40.7023750350861,0.147216796875,283.446533203125
"2743",-32.625,-52.0625,37.5249733664773,0.091064453125,365.084716796875
"2744",-32.625,-51.9375,41.9182050432478,0.06201171875,394.76171875
"2745",-32.625,-51.8125,43.9808656806188,0.07861328125,411.057006835938
"2746",-32.625,-51.6875,51.4856645397674,0.648193359375,1133.37158203125
"2747",-32.625,-51.5625,72.820068359375,0.039794921875,2452.10205078125
"2748",-32.625,-51.4375,31.8780517578125,0.036865234375,288.701171875
"2749",-32.625,-51.3125,21.5376803490423,0.128662109375,119.971435546875
"2750",-32.625,-51.1875,20.9436445163406,0.012939453125,206.638916015625
"2751",-32.625,-51.0625,24.2384402252907,0.066162109375,154.683837890625
"2752",-32.625,-50.9375,32.3528849283854,0.22998046875,244.374267578125
"2753",-32.625,-50.8125,23.3151014539931,0.1376953125,220.1474609375
"2754",-32.625,-50.6875,22.2505173200028,0.01025390625,452.600830078125
"2755",-32.625,-50.5625,19.4743243243243,0.00634765625,117.57080078125
"2756",-32.625,-50.4375,21.6036268177599,0.07958984375,90.3349609375
"2757",-32.625,-50.3125,10.0307485219595,0.5888671875,45.77734375
"2758",-32.625,-50.1875,30.2955729166667,4.64892578125,71.40966796875
"2759",-32.625,-50.0625,3.57756858648256,0,27.82763671875
"2760",-32.375,-58.4375,35.8858642578125,32.9296875,38.842041015625
"2761",-32.375,-58.3125,31.9005533854167,31.182373046875,32.262939453125
"2762",-32.375,-58.1875,28.2881673177083,24.32666015625,32.9921875
"2763",-32.375,-58.0625,2.45939127604167,0.535888671875,4.630615234375
"2764",-32.375,-57.9375,6.06210327148438,1.17529296875,24.755126953125
"2765",-32.375,-57.3125,19.03515625,12.61962890625,24.25537109375
"2766",-32.375,-57.1875,25.974365234375,25.974365234375,25.974365234375
"2767",-32.375,-57.0625,22.3064778645833,17.218505859375,25.004638671875
"2768",-32.375,-56.9375,9.58916015625,0.04052734375,28.071044921875
"2769",-32.375,-56.8125,11.7475918856534,1.13818359375,39.39697265625
"2770",-32.375,-56.6875,17.0297100360577,0.015380859375,95.36669921875
"2771",-32.375,-56.5625,21.7422620985243,1.572265625,111.694091796875
"2772",-32.375,-56.4375,60.026611328125,0.064453125,569.44970703125
"2773",-32.375,-56.3125,23.5134765625,0.013916015625,467.674072265625
"2774",-32.375,-56.1875,37.3952811104911,0.89453125,491.874755859375
"2775",-32.375,-56.0625,33.3779342939269,0.090087890625,499.153564453125
"2776",-32.375,-55.9375,30.9685960852582,0.11962890625,512.2861328125
"2777",-32.375,-55.8125,44.744182082842,0.002197265625,1090.03759765625
"2778",-32.375,-55.6875,510.90214399858,0.015380859375,3438.00561523438
"2779",-32.375,-55.5625,1333.60923790565,0.0205078125,3159.57788085938
"2780",-32.375,-55.4375,259.623073032924,0.1416015625,2524.85009765625
"2781",-32.375,-55.3125,245.084209241365,0.189697265625,1466.931640625
"2782",-32.375,-55.1875,142.406188964844,2.037109375,1618.33837890625
"2783",-32.375,-55.0625,32.579683191636,0.0263671875,697.08544921875
"2784",-32.375,-54.9375,468.068618774414,0.05712890625,2684.96606445312
"2785",-32.375,-54.8125,588.137659929801,0.02099609375,4439.4912109375
"2786",-32.375,-54.6875,1790.31036962222,0.00146484375,4933.9892578125
"2787",-32.375,-54.5625,2742.22087928251,0.00537109375,4997.64306640625
"2788",-32.375,-54.4375,2741.00573907382,0.09033203125,4998.2353515625
"2789",-32.375,-54.3125,2154.82688922647,0.56201171875,4937.35498046875
"2790",-32.375,-54.1875,1493.26578509221,2.84912109375,4316.7392578125
"2791",-32.375,-54.0625,502.976831552934,1.24169921875,2678.09423828125
"2792",-32.375,-53.9375,397.719970703125,7.6181640625,2673.85473632812
"2793",-32.375,-53.8125,864.101744534677,9.938232421875,3039.59912109375
"2794",-32.375,-53.6875,971.25410662957,18.572265625,1710.1279296875
"2795",-32.375,-53.5625,907.215498490767,3.3681640625,2545.724609375
"2796",-32.375,-53.4375,1714.95294264805,11.71923828125,2859.380859375
"2797",-32.375,-53.3125,1611.79331709699,8.990478515625,3014.14135742188
"2798",-32.375,-53.1875,2242.84151517428,838.0615234375,2967.935546875
"2799",-32.375,-53.0625,1763.33995056152,4.8037109375,2905.4326171875
"2800",-32.375,-52.9375,535.027404785156,32.8681640625,2536.45166015625
"2801",-32.375,-52.8125,272.991908482143,0.499267578125,2526.35375976562
"2802",-32.375,-52.6875,199.12898500504,0.217529296875,2496.8857421875
"2803",-32.375,-52.5625,50.8067467730978,0.033935546875,945.0400390625
"2804",-32.375,-52.4375,44.7419684423159,0.142822265625,952.882690429688
"2805",-32.375,-52.3125,78.6564596156881,0.0048828125,966.619262695312
"2806",-32.375,-52.1875,55.6284331014334,1.023681640625,988.389526367188
"2807",-32.375,-52.0625,52.1745918210873,0.3369140625,1064.74108886719
"2808",-32.375,-51.9375,63.9810091980502,0.28515625,1077.27661132812
"2809",-32.375,-51.8125,61.3550741261449,0.505859375,1055.63293457031
"2810",-32.375,-51.6875,105.113068276263,0.6025390625,2484.43408203125
"2811",-32.375,-51.5625,60.683741327542,0.152587890625,2501.17504882812
"2812",-32.375,-51.4375,36.3382383936601,0.281982421875,222.587158203125
"2813",-32.375,-51.3125,23.2964466022995,0.044921875,213.25390625
"2814",-32.375,-51.1875,20.5381007339015,0,206.4697265625
"2815",-32.375,-51.0625,21.8885000128495,0,160.31005859375
"2816",-32.375,-50.9375,27.1140852523724,0.113037109375,249.7197265625
"2817",-32.375,-50.8125,21.7967761811756,0.08056640625,245.355224609375
"2818",-32.375,-50.6875,24.5726692332009,0.1572265625,279.56396484375
"2819",-32.375,-50.5625,27.8144359492776,0.12890625,478.717041015625
"2820",-32.375,-50.4375,25.9739797491776,0.0849609375,299.01318359375
"2821",-32.375,-50.3125,20.4224474676724,0.05517578125,127.03271484375
"2822",-32.375,-50.1875,22.230224609375,2.037109375,321.79296875
"2823",-32.375,-50.0625,10.3832174161585,0,64.0126953125
"2824",-32.125,-58.4375,35.24365234375,32.8017578125,37.141357421875
"2825",-32.125,-58.0625,11.435205078125,3.58984375,23.418701171875
"2826",-32.125,-57.9375,8.4998779296875,6.96240234375,10.037353515625
"2827",-32.125,-57.8125,25.409423828125,24.344482421875,26.097412109375
"2828",-32.125,-57.0625,21.4580078125,21.4580078125,21.4580078125
"2829",-32.125,-56.9375,7.70674641927083,1.156982421875,15.57470703125
"2830",-32.125,-56.8125,13.1333113960598,0.042724609375,32.9912109375
"2831",-32.125,-56.6875,15.6889426491477,0.192138671875,92.37353515625
"2832",-32.125,-56.5625,31.6633966619318,0.065185546875,611.69775390625
"2833",-32.125,-56.4375,40.4533386230469,0.350830078125,606.47705078125
"2834",-32.125,-56.3125,19.2555588942308,0.030517578125,94.406494140625
"2835",-32.125,-56.1875,31.4221406824449,0.184326171875,109.797607421875
"2836",-32.125,-56.0625,31.8917362607759,1.371826171875,111.8701171875
"2837",-32.125,-55.9375,10.3876784752155,0.298095703125,98.09521484375
"2838",-32.125,-55.8125,458.48495718149,2.133544921875,3355.49609375
"2839",-32.125,-55.6875,461.67301940918,8.68603515625,3337.6748046875
"2840",-32.125,-55.5625,637.543661934989,8.36083984375,2598.97192382812
"2841",-32.125,-55.4375,1041.28004747756,10.171630859375,2562.28295898438
"2842",-32.125,-55.3125,418.028383316532,4.687744140625,1708.28942871094
"2843",-32.125,-55.1875,19.5400474811422,0.08740234375,156.849609375
"2844",-32.125,-55.0625,368.377287688079,0.0986328125,4853.64306640625
"2845",-32.125,-54.9375,1388.27823368196,0.02099609375,4873.20166015625
"2846",-32.125,-54.8125,1323.31181196733,0.0341796875,4643.8232421875
"2847",-32.125,-54.6875,1771.02049067982,0.177734375,4810.28515625
"2848",-32.125,-54.5625,2780.70485780297,36.67138671875,4962.1494140625
"2849",-32.125,-54.4375,3123.82434082031,0.20068359375,4996.30419921875
"2850",-32.125,-54.3125,1993.82573469295,0.12744140625,4853.97705078125
"2851",-32.125,-54.1875,1257.78398881392,0.0009765625,4172.10009765625
"2852",-32.125,-54.0625,1564.80323016827,1.311279296875,4114.29443359375
"2853",-32.125,-53.9375,1103.81883704144,5.90869140625,2805.3896484375
"2854",-32.125,-53.8125,1218.97369384766,5.617431640625,3026.46435546875
"2855",-32.125,-53.6875,1155.81921102834,16.79541015625,3001.70849609375
"2856",-32.125,-53.5625,767.347994717685,2.85205078125,1548.43139648438
"2857",-32.125,-53.4375,782.854256184896,0.3251953125,2017.82043457031
"2858",-32.125,-53.3125,1252.52701171875,0.8251953125,3214.818359375
"2859",-32.125,-53.1875,1534.34867778577,18.90625,2797.62744140625
"2860",-32.125,-53.0625,1118.95682466947,22.069580078125,2490.81420898438
"2861",-32.125,-52.9375,980.710774739583,9.456298828125,2940.09619140625
"2862",-32.125,-52.8125,1026.44980957031,18.38037109375,2932.384765625
"2863",-32.125,-52.6875,565.754172585227,0.088623046875,2882.17797851562
"2864",-32.125,-52.5625,303.247344970703,0.03515625,2849.7470703125
"2865",-32.125,-52.4375,222.889533996582,0.006591796875,2603.01391601562
"2866",-32.125,-52.3125,126.140968605324,0.051025390625,2640.47436523438
"2867",-32.125,-52.1875,135.096608807964,0.14599609375,2574.818359375
"2868",-32.125,-52.0625,141.87618560791,0.0126953125,2502.34692382812
"2869",-32.125,-51.9375,164.81892578125,0.09228515625,2489.8173828125
"2870",-32.125,-51.8125,102.364997944079,0.1474609375,2490.60864257812
"2871",-32.125,-51.6875,35.378692126665,0.107421875,225.236572265625
"2872",-32.125,-51.5625,24.7259015339177,0.226806640625,206.155029296875
"2873",-32.125,-51.4375,29.7815826416016,0.0361328125,244.23876953125
"2874",-32.125,-51.3125,27.7342437951743,0.0703125,256.107421875
"2875",-32.125,-51.1875,21.1509283156622,0.05322265625,257.86279296875
"2876",-32.125,-51.0625,23.7026193926411,0.03271484375,258.0556640625
"2877",-32.125,-50.9375,27.1697989628233,0.136474609375,259.8916015625
"2878",-32.125,-50.8125,29.0475991924157,0.18408203125,251.307861328125
"2879",-32.125,-50.6875,22.1416343330537,0.01220703125,266.257080078125
"2880",-32.125,-50.5625,22.4217098460478,0.12353515625,287.78662109375
"2881",-32.125,-50.4375,25.8484368356718,0.21240234375,483.97705078125
"2882",-32.125,-50.3125,28.4421171300551,0.1201171875,141.67529296875
"2883",-32.125,-50.1875,20.8687083760246,0.00048828125,126.21875
"2884",-32.125,-50.0625,8.09003363715278,0,57.19189453125
"2885",-31.875,-58.5625,42.619873046875,42.38623046875,42.853515625
"2886",-31.875,-58.0625,7.27213541666667,0.290283203125,17.838623046875
"2887",-31.875,-57.9375,13.151611328125,2.19970703125,24.103515625
"2888",-31.875,-57.1875,384.905843098958,379.857666015625,389.29150390625
"2889",-31.875,-57.0625,275.924072265625,28.001220703125,404.96728515625
"2890",-31.875,-56.9375,392.9443359375,377.199951171875,408.688720703125
"2891",-31.875,-56.8125,39.3727416992188,1.9111328125,375.914306640625
"2892",-31.875,-56.6875,145.692542766703,0.04833984375,535.9501953125
"2893",-31.875,-56.5625,33.0076423413826,0.067626953125,559.810546875
"2894",-31.875,-56.4375,17.0620256696429,0.01708984375,94.915771484375
"2895",-31.875,-56.3125,17.5831397804054,0.221435546875,98.756591796875
"2896",-31.875,-56.1875,18.0394083658854,1.169677734375,106.559814453125
"2897",-31.875,-56.0625,11.6560668945312,0.32470703125,50.906005859375
"2898",-31.875,-55.9375,16.6598714192708,3.953369140625,51.349609375
"2899",-31.875,-55.8125,24.5716499660326,3.593017578125,143.003662109375
"2900",-31.875,-55.6875,48.0310636821546,0.53369140625,371.53271484375
"2901",-31.875,-55.5625,39.478642578125,7.766357421875,408.7666015625
"2902",-31.875,-55.4375,705.040692497702,11.375,2320.75537109375
"2903",-31.875,-55.3125,273.559161211993,0.27294921875,1768.80078125
"2904",-31.875,-55.1875,153.620941162109,0.222900390625,1070.05187988281
"2905",-31.875,-55.0625,514.24942452567,0.017578125,4808.19580078125
"2906",-31.875,-54.9375,481.961064656576,0.013671875,4137.810546875
"2907",-31.875,-54.8125,323.487395109954,0.0087890625,3857.40209960938
"2908",-31.875,-54.6875,2627.58074521347,0.15625,4844.9287109375
"2909",-31.875,-54.5625,3435.56220950356,0.32177734375,4934.3525390625
"2910",-31.875,-54.4375,2226.36093343099,0.00244140625,4680.1328125
"2911",-31.875,-54.3125,1256.9525707348,0.12646484375,4615.64013671875
"2912",-31.875,-54.1875,212.057607014974,0.11572265625,1168.21264648438
"2913",-31.875,-54.0625,1204.68224310106,1.4990234375,4089.42431640625
"2914",-31.875,-53.9375,1521.35206797425,0.356201171875,4085.33227539062
"2915",-31.875,-53.8125,904.031171875,6.897216796875,2907.42016601562
"2916",-31.875,-53.6875,1620.6891009991,5.301025390625,3014.74462890625
"2917",-31.875,-53.5625,1072.94734802246,4.332275390625,2688.40893554688
"2918",-31.875,-53.4375,875.853705772987,0.10791015625,1945.27258300781
"2919",-31.875,-53.3125,688.283133951823,1.465087890625,3211.94018554688
"2920",-31.875,-53.1875,99.8712047230114,12.777099609375,278.30810546875
"2921",-31.875,-53.0625,655.716469212582,14.01708984375,2152.455078125
"2922",-31.875,-52.9375,594.091591282895,0.193359375,1925.77551269531
"2923",-31.875,-52.8125,508.511673538773,0.217529296875,2584.1064453125
"2924",-31.875,-52.6875,305.999430338542,0.07421875,2589.78125
"2925",-31.875,-52.5625,641.443919994213,0.130859375,2887.35888671875
"2926",-31.875,-52.4375,623.833821614583,0.085205078125,2873.7822265625
"2927",-31.875,-52.3125,226.976771763393,0.709228515625,2831.20922851562
"2928",-31.875,-52.1875,426.764606344289,1.3935546875,2792.31640625
"2929",-31.875,-52.0625,48.9016335227273,0.003662109375,356.359619140625
"2930",-31.875,-51.9375,39.3789145259534,0.12255859375,481.45654296875
"2931",-31.875,-51.8125,33.3350610977564,0.012451171875,436.9013671875
"2932",-31.875,-51.6875,36.7740804842203,0.005126953125,759.041748046875
"2933",-31.875,-51.5625,29.0441663018588,0.099609375,120.0517578125
"2934",-31.875,-51.4375,27.9708088200267,0.022216796875,257.31103515625
"2935",-31.875,-51.3125,26.562551828736,0.052734375,246.36474609375
"2936",-31.875,-51.1875,19.4343494817839,0.064697265625,148.1279296875
"2937",-31.875,-51.0625,21.6810458870821,0.108154296875,107.444091796875
"2938",-31.875,-50.9375,19.637842096434,0.11865234375,106.94775390625
"2939",-31.875,-50.8125,25.5120029547276,0.0439453125,266.37158203125
"2940",-31.875,-50.6875,25.2369755697514,0.02587890625,266.0732421875
"2941",-31.875,-50.5625,17.9314963600852,0.01806640625,102.25439453125
"2942",-31.875,-50.4375,25.1598041560374,0.04736328125,123.435546875
"2943",-31.875,-50.3125,31.8956409801136,0.06591796875,486.31201171875
"2944",-31.875,-50.1875,27.0197474888393,0.03466796875,504.25048828125
"2945",-31.875,-50.0625,5.29966963098404,0,60.32080078125
"2946",-31.625,-59.1875,51.9544270833333,47.785400390625,54.507568359375
"2947",-31.625,-59.0625,48.320556640625,46.28662109375,50.3544921875
"2948",-31.625,-58.9375,49.249755859375,49.249755859375,49.249755859375
"2949",-31.625,-58.8125,47.549560546875,47.549560546875,47.549560546875
"2950",-31.625,-58.6875,45.78955078125,45.78955078125,45.78955078125
"2951",-31.625,-58.5625,49.732666015625,49.732666015625,49.732666015625
"2952",-31.625,-58.0625,12.9044189453125,5.613037109375,20.19580078125
"2953",-31.625,-57.9375,0.05615234375,0.05615234375,0.05615234375
"2954",-31.625,-57.8125,3.62384033203125,0.265625,7.42578125
"2955",-31.625,-57.1875,399.795532226562,397.913330078125,401.677734375
"2956",-31.625,-56.9375,22.466796875,19.58837890625,25.34521484375
"2957",-31.625,-56.8125,11.4229125976562,3.33740234375,25.611328125
"2958",-31.625,-56.6875,88.0734757133152,0.203857421875,476.993408203125
"2959",-31.625,-56.5625,7.68913130326704,0.404052734375,25.115478515625
"2960",-31.625,-56.4375,12.9008719308036,0.17041015625,39.132080078125
"2961",-31.625,-56.3125,13.2988083298142,1.44873046875,30.37353515625
"2962",-31.625,-56.1875,11.0860443115234,0.20068359375,37.70263671875
"2963",-31.625,-56.0625,22.8799682617187,1.576416015625,286.415771484375
"2964",-31.625,-55.9375,14.4135366586538,0.116943359375,37.36376953125
"2965",-31.625,-55.8125,11.406494140625,1.091796875,40.608154296875
"2966",-31.625,-55.6875,12.735141096444,1.441650390625,39.060791015625
"2967",-31.625,-55.5625,41.4927933304398,4.411376953125,196.5771484375
"2968",-31.625,-55.4375,20.9531719501202,0.773681640625,137.626953125
"2969",-31.625,-55.3125,30.7820909288194,1.80126953125,340.0205078125
"2970",-31.625,-55.1875,13.1782014266304,0.044677734375,78.595703125
"2971",-31.625,-55.0625,23.0755807976974,0.02001953125,113.95947265625
"2972",-31.625,-54.9375,592.958600725446,0.013671875,4943.3154296875
"2973",-31.625,-54.8125,574.138390174279,0.04833984375,4698.70361328125
"2974",-31.625,-54.6875,2193.37286376953,0.06689453125,4989.47802734375
"2975",-31.625,-54.5625,2298.65022358141,10.27490234375,4961.45361328125
"2976",-31.625,-54.4375,951.43953704834,0.7509765625,4926.11474609375
"2977",-31.625,-54.3125,1536.48936568859,0.13623046875,4607
"2978",-31.625,-54.1875,1459.66898345947,0.0908203125,4597.40771484375
"2979",-31.625,-54.0625,477.78080480239,0.1630859375,4546.67138671875
"2980",-31.625,-53.9375,1130.68885803223,1.89990234375,4096.23193359375
"2981",-31.625,-53.8125,1377.85838419596,1.026611328125,3853.63452148438
"2982",-31.625,-53.6875,1117.39374688331,8.3212890625,3140.5068359375
"2983",-31.625,-53.5625,1206.8627734375,8.134765625,3181.35083007812
"2984",-31.625,-53.4375,1040.07719116211,2.141845703125,3199.5263671875
"2985",-31.625,-53.3125,1076.91037934402,4.150146484375,3198.33959960938
"2986",-31.625,-53.1875,1114.17246430496,5.816162109375,3005.845703125
"2987",-31.625,-53.0625,493.708235115841,0.4453125,2597.9375
"2988",-31.625,-52.9375,743.628903706869,2.087646484375,2616.5146484375
"2989",-31.625,-52.8125,736.204705132378,1.398193359375,2639.8359375
"2990",-31.625,-52.6875,198.358555385045,0.5859375,715.954833984375
"2991",-31.625,-52.5625,176.703216552734,4.6494140625,764.54931640625
"2992",-31.625,-52.4375,440.333203125,8.134765625,895.260986328125
"2993",-31.625,-52.3125,268.599942294034,0.09228515625,2577.05004882812
"2994",-31.625,-52.1875,363.958092322716,0.193115234375,2775.53588867188
"2995",-31.625,-52.0625,233.347578839558,0.711669921875,2783.2041015625
"2996",-31.625,-51.9375,225.669151475694,0.771240234375,2774.49145507812
"2997",-31.625,-51.8125,235.487372903263,0.041748046875,2807.0205078125
"2998",-31.625,-51.6875,161.432277832031,0.004150390625,2785.99951171875
"2999",-31.625,-51.5625,94.0062418619792,0.044921875,2753.95336914062
"3000",-31.625,-51.4375,51.7958412982048,0.102783203125,2729.9228515625
"3001",-31.625,-51.3125,17.4647127477134,0.01171875,103.224609375
"3002",-31.625,-51.1875,25.4706748404154,0.050537109375,147.920166015625
"3003",-31.625,-51.0625,17.7984640809911,0.003662109375,95.791748046875
"3004",-31.625,-50.9375,17.3339020143072,0.17236328125,141.51123046875
"3005",-31.625,-50.8125,24.9453919540496,0.03271484375,274.12890625
"3006",-31.625,-50.6875,20.5238342285156,0.01513671875,261.81005859375
"3007",-31.625,-50.5625,30.2592084835737,0.17333984375,261.98974609375
"3008",-31.625,-50.4375,27.9571988689366,0.0322265625,252.33154296875
"3009",-31.625,-50.3125,29.8082626167385,0.49609375,309.6552734375
"3010",-31.625,-50.1875,18.4921549479167,0.33056640625,136.74365234375
"3011",-31.625,-50.0625,18.5598662405303,0,595.533203125
"3012",-31.375,-59.1875,44.280517578125,41.1005859375,47.69189453125
"3013",-31.375,-57.9375,14.0467529296875,8.00244140625,20.091064453125
"3014",-31.375,-57.8125,9.501953125,9.501953125,9.501953125
"3015",-31.375,-57.6875,9.16064453125,7.171630859375,10.6689453125
"3016",-31.375,-57.1875,398.53076171875,397.373779296875,400.36962890625
"3017",-31.375,-56.8125,15.6341552734375,10.217529296875,21.05078125
"3018",-31.375,-56.6875,13.197998046875,2.046142578125,29.40576171875
"3019",-31.375,-56.5625,12.1263549804688,0.16357421875,33.697021484375
"3020",-31.375,-56.4375,11.4471435546875,0.772705078125,26.418701171875
"3021",-31.375,-56.3125,11.1431238511029,0.075439453125,34.04296875
"3022",-31.375,-56.1875,31.0957641601562,0.285400390625,264.062744140625
"3023",-31.375,-56.0625,101.951974051339,3.41455078125,316.705322265625
"3024",-31.375,-55.9375,10.6210327148438,0.94482421875,25.2158203125
"3025",-31.375,-55.8125,12.7609985351563,0.551025390625,27.33642578125
"3026",-31.375,-55.6875,10.0003943810096,3.30615234375,21.726318359375
"3027",-31.375,-55.5625,20.4106689453125,1.824462890625,165.14404296875
"3028",-31.375,-55.4375,17.0194295247396,1.7041015625,136.0654296875
"3029",-31.375,-55.3125,18.0499933416193,2.2373046875,109.782958984375
"3030",-31.375,-55.1875,42.1035284745066,0.029296875,296.24365234375
"3031",-31.375,-55.0625,592.4853515625,0.1015625,3086.81640625
"3032",-31.375,-54.9375,329.141687729779,0.01318359375,3013.71459960938
"3033",-31.375,-54.8125,26.7409464518229,0.01025390625,378.16259765625
"3034",-31.375,-54.6875,916.823893229167,16.25341796875,4547.7529296875
"3035",-31.375,-54.5625,3666.1182686942,42.4736328125,4995.59619140625
"3036",-31.375,-54.4375,2340.79376690204,0.21044921875,4999.666015625
"3037",-31.375,-54.3125,1678.33087355091,0.06494140625,4912.642578125
"3038",-31.375,-54.1875,1364.62614949544,0.16455078125,4585.2734375
"3039",-31.375,-54.0625,755.742458177649,0.00146484375,4542.9404296875
"3040",-31.375,-53.9375,1285.26633029514,0.1767578125,4090.6962890625
"3041",-31.375,-53.8125,1189.33116122159,0.1982421875,3840.8603515625
"3042",-31.375,-53.6875,561.234808560075,0.380126953125,2173.15234375
"3043",-31.375,-53.5625,1015.43300083705,2.067138671875,3194.99682617188
"3044",-31.375,-53.4375,650.968352787078,3.830078125,3201.8974609375
"3045",-31.375,-53.3125,373.383506373355,2.35888671875,1930.87573242188
"3046",-31.375,-53.1875,572.987904575893,2.003662109375,1895.75537109375
"3047",-31.375,-53.0625,349.534445057745,1.281982421875,2575.1689453125
"3048",-31.375,-52.9375,488.116455078125,0.04296875,2595.7421875
"3049",-31.375,-52.8125,564.200475056966,2.031494140625,1566.87963867188
"3050",-31.375,-52.6875,140.66410945012,0.03076171875,791.972900390625
"3051",-31.375,-52.5625,175.991485595703,0.1650390625,739.363525390625
"3052",-31.375,-52.4375,244.427585767663,0.044921875,891.237060546875
"3053",-31.375,-52.3125,287.311653645833,2.3779296875,898.008544921875
"3054",-31.375,-52.1875,257.416889805948,0.623779296875,882.6767578125
"3055",-31.375,-52.0625,192.070681840946,0.972900390625,2590.40600585938
"3056",-31.375,-51.9375,205.170496622721,0.060546875,2579.40185546875
"3057",-31.375,-51.8125,101.071183488176,0.00439453125,2566.0703125
"3058",-31.375,-51.6875,57.9916961669922,0.010986328125,2575.7587890625
"3059",-31.375,-51.5625,72.0328756192835,0.140869140625,2738.89306640625
"3060",-31.375,-51.4375,57.60888671875,0.0703125,2723.3046875
"3061",-31.375,-51.3125,57.7778021364796,0.063232421875,2695.25537109375
"3062",-31.375,-51.1875,21.2708623976935,0.11083984375,134.660888671875
"3063",-31.375,-51.0625,19.5174585802802,0.2763671875,122.850830078125
"3064",-31.375,-50.9375,18.1768981933594,0.08837890625,110.02490234375
"3065",-31.375,-50.8125,26.0197094445941,0.015625,269.97900390625
"3066",-31.375,-50.6875,21.7960932163593,0.03662109375,242.220703125
"3067",-31.375,-50.5625,22.759042593149,0.02587890625,220.455078125
"3068",-31.375,-50.4375,22.1527901785714,0.224609375,162.8388671875
"3069",-31.375,-50.3125,20.883142014954,0.04931640625,119.583984375
"3070",-31.375,-50.1875,13.387757544424,0.0498046875,163.84375
"3071",-31.375,-50.0625,14.64599609375,0,192.0771484375
"3072",-31.125,-59.1875,43.989990234375,43.989990234375,43.989990234375
"3073",-31.125,-57.9375,16.0283813476562,6.993408203125,25.503662109375
"3074",-31.125,-57.5625,10.6868896484375,9.98876953125,11.385009765625
"3075",-31.125,-57.4375,13.079833984375,13.079833984375,13.079833984375
"3076",-31.125,-57.0625,391.434814453125,391.434814453125,391.434814453125
"3077",-31.125,-56.9375,408.748046875,405.306640625,412.189453125
"3078",-31.125,-56.8125,248.25634765625,19.912353515625,407.50439453125
"3079",-31.125,-56.6875,14.371826171875,14.371826171875,14.371826171875
"3080",-31.125,-56.5625,9.07916259765625,2.71826171875,17.81689453125
"3081",-31.125,-56.4375,12.0964567764946,1.3310546875,34.00634765625
"3082",-31.125,-56.3125,23.0965657552083,0.517333984375,242.635986328125
"3083",-31.125,-56.1875,29.3643220600329,0.16357421875,249.214111328125
"3084",-31.125,-56.0625,730.968331473214,0.0673828125,2545.7001953125
"3085",-31.125,-55.9375,39.5479871961806,0.129638671875,277.77978515625
"3086",-31.125,-55.8125,10.0060337611607,1.154052734375,23.5048828125
"3087",-31.125,-55.6875,6.94878680889423,0.0703125,24.773681640625
"3088",-31.125,-55.5625,9.04789595170454,1.177490234375,25.523681640625
"3089",-31.125,-55.4375,16.6176439368207,0.076904296875,131.670166015625
"3090",-31.125,-55.3125,44.9193209134615,0.104248046875,227.43505859375
"3091",-31.125,-55.1875,46.0534924958882,0.0185546875,228.56689453125
"3092",-31.125,-55.0625,32.9289794921875,0.03759765625,573.8291015625
"3093",-31.125,-54.9375,109.890910993304,0.00146484375,2861.89331054688
"3094",-31.125,-54.8125,8.20046164772727,0.0244140625,43.4580078125
"3095",-31.125,-54.6875,183.170939127604,0.02099609375,907.8369140625
"3096",-31.125,-54.5625,1353.567578125,0.02392578125,3524.08666992188
"3097",-31.125,-54.4375,720.846218532986,0.02587890625,4911.41259765625
"3098",-31.125,-54.3125,1792.00857266513,0.16943359375,4921.333984375
"3099",-31.125,-54.1875,1739.53803362165,0.27783203125,4550.7607421875
"3100",-31.125,-54.0625,1043.59730747768,2.26025390625,4006.896484375
"3101",-31.125,-53.9375,779.997881915118,7.67041015625,3967.64672851562
"3102",-31.125,-53.8125,1746.43645402497,7.714111328125,3799.07446289062
"3103",-31.125,-53.6875,476.104748742055,0.04052734375,2260.86669921875
"3104",-31.125,-53.5625,320.326673719618,1.628662109375,697.21630859375
"3105",-31.125,-53.4375,272.18064437374,6.49462890625,2012.84814453125
"3106",-31.125,-53.3125,792.174194335938,0.896240234375,1963.82092285156
"3107",-31.125,-53.1875,804.83842198989,0.647705078125,1785.10705566406
"3108",-31.125,-53.0625,101.648977179276,3.37255859375,631.073486328125
"3109",-31.125,-52.9375,98.0807189941406,0.354248046875,454.690185546875
"3110",-31.125,-52.8125,261.988923445992,0.30029296875,1558.02465820312
"3111",-31.125,-52.6875,223.783506651182,0.73779296875,1115.06176757812
"3112",-31.125,-52.5625,41.9527180989583,11.44287109375,97.392333984375
"3113",-31.125,-52.4375,128.987327938988,1.307373046875,726.987548828125
"3114",-31.125,-52.3125,190.034649884259,1.086669921875,886.2001953125
"3115",-31.125,-52.1875,97.1730041503906,0.419677734375,885.986572265625
"3116",-31.125,-52.0625,71.7188980852971,0.013916015625,779.9736328125
"3117",-31.125,-51.9375,77.8500346522177,0.219970703125,786.395751953125
"3118",-31.125,-51.8125,28.1107121394231,0.0458984375,124.685791015625
"3119",-31.125,-51.6875,87.7365536897079,0.09130859375,2567.07250976562
"3120",-31.125,-51.5625,35.3200348133349,0.44677734375,262.8427734375
"3121",-31.125,-51.4375,64.936857421875,0.09619140625,2760.58178710938
"3122",-31.125,-51.3125,114.486335660204,0.041259765625,2648.62182617188
"3123",-31.125,-51.1875,17.653076171875,0.037841796875,111.46875
"3124",-31.125,-51.0625,16.5838216145833,0.0966796875,118.404052734375
"3125",-31.125,-50.9375,19.9306572046173,0.15185546875,255.58251953125
"3126",-31.125,-50.8125,22.5291173135081,0.0625,239.662109375
"3127",-31.125,-50.6875,24.0335510619386,0.10400390625,258.52392578125
"3128",-31.125,-50.5625,20.4512668185764,0.00537109375,87.4189453125
"3129",-31.125,-50.4375,40.7973805147059,0.078125,3714.77978515625
"3130",-31.125,-50.3125,42.0455398128531,0.10595703125,3712.90380859375
"3131",-31.125,-50.1875,19.6480183559181,0.03125,337.33447265625
"3132",-31.125,-50.0625,17.791233176052,0,609.552734375
"3133",-30.875,-59.1875,43.44873046875,43.44873046875,43.44873046875
"3134",-30.875,-57.8125,11.4995930989583,5.517333984375,22.39306640625
"3135",-30.875,-57.6875,18.078857421875,18.078857421875,18.078857421875
"3136",-30.875,-57.4375,11.42724609375,11.42724609375,11.42724609375
"3137",-30.875,-57.3125,10.119384765625,10.119384765625,10.119384765625
"3138",-30.875,-56.6875,2159.27555338542,16.55908203125,3301.01953125
"3139",-30.875,-56.5625,1063.94295247396,7.956298828125,3205.02465820312
"3140",-30.875,-56.4375,880.718372691761,0.55419921875,3149.72290039062
"3141",-30.875,-56.3125,1151.49467654345,0.018798828125,3213.54296875
"3142",-30.875,-56.1875,693.586480034722,1.61572265625,2567.00561523438
"3143",-30.875,-56.0625,453.104909261068,0.364013671875,2558.93139648438
"3144",-30.875,-55.9375,29.5743756975446,0.080810546875,293.56396484375
"3145",-30.875,-55.8125,7.4290771484375,0.34326171875,24.53369140625
"3146",-30.875,-55.6875,12.9613444010417,1.27392578125,25.82958984375
"3147",-30.875,-55.5625,3.75264485677083,0.294921875,11.010986328125
"3148",-30.875,-55.4375,39.5893859863281,0.00830078125,270.55517578125
"3149",-30.875,-55.3125,41.3628373579545,0.0302734375,248.055419921875
"3150",-30.875,-55.1875,2.95027669270833,0.0068359375,28.025390625
"3151",-30.875,-55.0625,6.44313401442308,0.01904296875,76.88330078125
"3152",-30.875,-54.9375,11.3543701171875,0.013671875,66.12353515625
"3153",-30.875,-54.8125,300.788590494792,0.06103515625,4580.96923828125
"3154",-30.875,-54.6875,688.130029296875,10.60546875,3364.17749023438
"3155",-30.875,-54.5625,1368.99952607996,1.3876953125,4878.125
"3156",-30.875,-54.4375,1682.20577566964,64.32763671875,4516.90478515625
"3157",-30.875,-54.3125,1888.49751650054,0.45849609375,4477.89013671875
"3158",-30.875,-54.1875,525.339175016984,0.7265625,3668.4130859375
"3159",-30.875,-54.0625,1032.42783675655,5.6669921875,3848.8681640625
"3160",-30.875,-53.9375,1553.16349029541,4.66796875,3675.29638671875
"3161",-30.875,-53.8125,531.930092259457,0.64306640625,2126.05908203125
"3162",-30.875,-53.6875,215.254425048828,0.841064453125,506.2763671875
"3163",-30.875,-53.5625,207.783490349265,3.58984375,513.800537109375
"3164",-30.875,-53.4375,62.513486328125,0.19287109375,532.4326171875
"3165",-30.875,-53.3125,413.536843039773,0.16845703125,1704.63427734375
"3166",-30.875,-53.1875,133.488899739583,0.753662109375,1485.62915039062
"3167",-30.875,-53.0625,30.1099175347222,5.08251953125,123.868896484375
"3168",-30.875,-52.9375,356.744966947115,1.160400390625,1436.26953125
"3169",-30.875,-52.8125,147.69689360119,1.333740234375,1433.60009765625
"3170",-30.875,-52.6875,125.694782366071,2.615966796875,906.69970703125
"3171",-30.875,-52.5625,129.428431919643,0.818359375,861.826416015625
"3172",-30.875,-52.4375,106.795593261719,2.109375,876.931884765625
"3173",-30.875,-52.3125,161.966726202714,0.031005859375,2723.78930664062
"3174",-30.875,-52.1875,142.816068209135,0.139892578125,2755.74365234375
"3175",-30.875,-52.0625,60.2029244559152,0.384765625,796.801025390625
"3176",-30.875,-51.9375,73.3147442157452,0.017333984375,804.92822265625
"3177",-30.875,-51.8125,68.9508858816964,0.300048828125,2534.06762695312
"3178",-30.875,-51.6875,65.4381806344697,0.075439453125,2552.98193359375
"3179",-30.875,-51.5625,40.1336936257102,0.37255859375,506.87890625
"3180",-30.875,-51.4375,152.349196213942,0.11279296875,2775.04638671875
"3181",-30.875,-51.3125,69.7372875821059,0.11376953125,2631.8193359375
"3182",-30.875,-51.1875,20.1283938090007,0.022216796875,252.010498046875
"3183",-30.875,-51.0625,20.7275584387401,0.06884765625,254.089111328125
"3184",-30.875,-50.9375,17.6410246349516,0.02294921875,71.337158203125
"3185",-30.875,-50.8125,15.6932561383929,0.01611328125,105.0830078125
"3186",-30.875,-50.6875,18.7796533502684,0.18896484375,83.11328125
"3187",-30.875,-50.5625,65.9601670302354,0.11865234375,3717.42456054688
"3188",-30.875,-50.4375,39.0074038005007,0.09765625,3738.59301757812
"3189",-30.875,-50.3125,41.6230143229167,0.0126953125,3738.5966796875
"3190",-30.875,-50.1875,56.8972127614928,0.0107421875,3729.88696289062
"3191",-30.875,-50.0625,7.90232354525862,0,111.31640625
"3192",-30.625,-59.3125,36.659423828125,36.659423828125,36.659423828125
"3193",-30.625,-59.1875,36.011474609375,36.011474609375,36.011474609375
"3194",-30.625,-57.5625,11.13037109375,1.794921875,20.4658203125
"3195",-30.625,-57.4375,6.468994140625,6.468994140625,6.468994140625
"3196",-30.625,-57.3125,18.5828857421875,13.065673828125,24.10009765625
"3197",-30.625,-57.1875,9.471923828125,8.3583984375,10.58544921875
"3198",-30.625,-56.6875,1616.32774522569,4.092041015625,3071.02880859375
"3199",-30.625,-56.5625,177.914184570312,32.3642578125,277.761474609375
"3200",-30.625,-56.4375,42.7891322544643,1.933349609375,196.4853515625
"3201",-30.625,-56.3125,1711.63163085938,1.138671875,3091.08471679688
"3202",-30.625,-56.1875,1616.32864695582,0.150634765625,2960.86767578125
"3203",-30.625,-56.0625,17.5052959735577,1.014404296875,36.30517578125
"3204",-30.625,-55.9375,17.3678533380682,0.09619140625,52.54931640625
"3205",-30.625,-55.8125,214.711215549045,0.010986328125,2007.90979003906
"3206",-30.625,-55.6875,879.794165978065,0.299072265625,3568.50927734375
"3207",-30.625,-55.5625,48.2049488740809,0.055908203125,359.29541015625
"3208",-30.625,-55.4375,792.061955378606,0.110595703125,2531.04052734375
"3209",-30.625,-55.3125,910.532791137695,0.126953125,2596.42041015625
"3210",-30.625,-55.1875,47.1440836588542,0.076171875,342.191162109375
"3211",-30.625,-55.0625,85.0625813802083,0.0126953125,1273.10791015625
"3212",-30.625,-54.9375,465.924007161458,0.0185546875,3866.04711914062
"3213",-30.625,-54.8125,78.4551595052083,0.29052734375,304.98583984375
"3214",-30.625,-54.6875,3030.74180603027,55.79345703125,4972.83056640625
"3215",-30.625,-54.5625,4084.94416155134,41.05712890625,4962.12841796875
"3216",-30.625,-54.4375,2940.02706473214,116.78662109375,4344.759765625
"3217",-30.625,-54.3125,1765.43774414062,0.171875,4394.615234375
"3218",-30.625,-54.1875,1267.95613606771,4.9873046875,3648.1787109375
"3219",-30.625,-54.0625,791.23030090332,5.4111328125,1864.16967773438
"3220",-30.625,-53.9375,648.814659705529,3.76806640625,1926.32421875
"3221",-30.625,-53.8125,55.7461480034722,0.05712890625,411.55712890625
"3222",-30.625,-53.6875,144.138631184896,5.19287109375,395.4189453125
"3223",-30.625,-53.5625,100.126242897727,7.0869140625,477.986083984375
"3224",-30.625,-53.4375,112.223826090495,0.042724609375,700.462646484375
"3225",-30.625,-53.3125,158.104923023897,0.06884765625,739.69580078125
"3226",-30.625,-53.1875,34.7963595920139,1.399658203125,117.692626953125
"3227",-30.625,-53.0625,65.5470473345588,0.42626953125,713.102783203125
"3228",-30.625,-52.9375,218.453915803329,1.199951171875,1494.45239257812
"3229",-30.625,-52.8125,166.576354980469,0.045654296875,962.491455078125
"3230",-30.625,-52.6875,134.474609375,0.033203125,926.31787109375
"3231",-30.625,-52.5625,72.8927612304688,0.257568359375,708.263916015625
"3232",-30.625,-52.4375,77.6696383568548,0.08642578125,310.7216796875
"3233",-30.625,-52.3125,448.52978515625,0.254150390625,2743.37036132812
"3234",-30.625,-52.1875,158.512347282247,0.2998046875,2793.30859375
"3235",-30.625,-52.0625,226.452009969683,0.1845703125,2888.1748046875
"3236",-30.625,-51.9375,215.02304549956,0.05419921875,2904.0283203125
"3237",-30.625,-51.8125,109.072163426599,0.248779296875,2565.00341796875
"3238",-30.625,-51.6875,58.9368542822722,0.13818359375,2432.72265625
"3239",-30.625,-51.5625,42.6251178609914,0.312255859375,502.7841796875
"3240",-30.625,-51.4375,91.1586807914402,0.009521484375,2883.62963867188
"3241",-30.625,-51.3125,31.0614000108507,0.239013671875,486.958984375
"3242",-30.625,-51.1875,33.1383219401042,0.244873046875,475.072998046875
"3243",-30.625,-51.0625,18.530607358871,0.13134765625,88.51513671875
"3244",-30.625,-50.9375,17.6672141335227,0.001953125,97.80908203125
"3245",-30.625,-50.8125,38.0924807385186,0.048828125,3672.65942382812
"3246",-30.625,-50.6875,65.3019150810008,0.029296875,3703.86889648438
"3247",-30.625,-50.5625,18.1901113472733,0.0146484375,84.92822265625
"3248",-30.625,-50.4375,18.3871445766715,0.021484375,125.033203125
"3249",-30.625,-50.3125,18.6278677926937,0.0087890625,156.73193359375
"3250",-30.625,-50.1875,87.7568153473268,0.0068359375,3743.23046875
"3251",-30.625,-50.0625,11.6654170866935,0,180.41259765625
"3252",-30.375,-59.3125,48.845703125,48.845703125,48.845703125
"3253",-30.375,-59.1875,50.97119140625,50.97119140625,50.97119140625
"3254",-30.375,-57.3125,10.9309895833333,3.38916015625,19.94873046875
"3255",-30.375,-57.1875,2.56512451171875,0.2177734375,7.244873046875
"3256",-30.375,-57.0625,9.958740234375,8.5830078125,10.971435546875
"3257",-30.375,-56.9375,6.86543412642045,0.7548828125,14.735107421875
"3258",-30.375,-56.6875,889.375,882.9541015625,898.1416015625
"3259",-30.375,-56.5625,33.798095703125,33.798095703125,33.798095703125
"3260",-30.375,-56.4375,69.514404296875,1.5703125,254.679931640625
"3261",-30.375,-56.3125,12.324951171875,1.656982421875,36.6103515625
"3262",-30.375,-56.1875,954.588753836496,0.465576171875,2979.39208984375
"3263",-30.375,-56.0625,18.5699462890625,0.009033203125,68.955078125
"3264",-30.375,-55.9375,8.00557454427083,0.3408203125,18.039794921875
"3265",-30.375,-55.8125,352.3310546875,5.70068359375,974.043212890625
"3266",-30.375,-55.6875,102.641510009766,0.023193359375,245.11181640625
"3267",-30.375,-55.5625,26.1721942608173,0.296142578125,116.572509765625
"3268",-30.375,-55.4375,574.472503662109,2.4873046875,1230.51770019531
"3269",-30.375,-55.3125,703.343558175223,12.569580078125,1208.40673828125
"3270",-30.375,-55.1875,1678.19113769531,0.07666015625,4925.54638671875
"3271",-30.375,-55.0625,43.4644639756944,0.072265625,130.85009765625
"3272",-30.375,-54.9375,221.763885498047,0.07275390625,1360.580078125
"3273",-30.375,-54.8125,1272.46798706055,0.05029296875,4926.904296875
"3274",-30.375,-54.6875,3177.35369318182,92.61572265625,4997.10498046875
"3275",-30.375,-54.5625,1666.2177734375,1666.2177734375,1666.2177734375
"3276",-30.375,-54.4375,1321.42313639323,141.109375,4904.30322265625
"3277",-30.375,-54.3125,1651.78833007812,4.21240234375,3534.13818359375
"3278",-30.375,-54.1875,296.37744140625,6.431640625,1149.9794921875
"3279",-30.375,-53.9375,584.727722167969,240.0673828125,708.81005859375
"3280",-30.375,-53.8125,29.5544921875,0.15185546875,71.83203125
"3281",-30.375,-53.6875,26.9251598011364,3.47900390625,37.01220703125
"3282",-30.375,-53.5625,17.4105130709135,0.463623046875,40.853271484375
"3283",-30.375,-53.4375,22.8526418585526,0.52783203125,109.6923828125
"3284",-30.375,-53.3125,216.165849609375,0.115478515625,792.9599609375
"3285",-30.375,-53.1875,138.353958129883,0.825927734375,814.832763671875
"3286",-30.375,-53.0625,165.478814019097,0.53857421875,741.362548828125
"3287",-30.375,-52.9375,161.975494384766,0.96630859375,673.10595703125
"3288",-30.375,-52.8125,78.6905779157366,0.1416015625,441.909912109375
"3289",-30.375,-52.6875,58.8461216517857,0.780029296875,530.52978515625
"3290",-30.375,-52.5625,49.3873355263158,0.147216796875,308.4140625
"3291",-30.375,-52.4375,66.4616360134549,0.842529296875,231.82275390625
"3292",-30.375,-52.3125,39.9093974345439,0.556396484375,199.548583984375
"3293",-30.375,-52.1875,164.453036221591,0.0810546875,2670.73583984375
"3294",-30.375,-52.0625,397.070642089844,0.552490234375,2725.4677734375
"3295",-30.375,-51.9375,59.9290380859375,0.0771484375,2513.05029296875
"3296",-30.375,-51.8125,49.899474609375,0.155517578125,2888.17651367188
"3297",-30.375,-51.6875,207.037404785156,0.26904296875,2923.37768554688
"3298",-30.375,-51.5625,86.5123658219004,0.3310546875,2954.99462890625
"3299",-30.375,-51.4375,39.3846525969329,0.148193359375,501.46337890625
"3300",-30.375,-51.3125,33.5490609758851,0.185302734375,459.094970703125
"3301",-30.375,-51.1875,28.5344266024503,0.03759765625,439.92822265625
"3302",-30.375,-51.0625,20.9128719998389,0.06201171875,85.28955078125
"3303",-30.375,-50.9375,17.8628820470861,0.04248046875,73.517578125
"3304",-30.375,-50.8125,102.200399068961,0.07470703125,3730.79516601562
"3305",-30.375,-50.6875,19.1744279272762,0.0595703125,111.943359375
"3306",-30.375,-50.5625,20.7154402133234,0.103515625,93.900390625
"3307",-30.375,-50.4375,41.4784378219437,0.0048828125,4282.72119140625
"3308",-30.375,-50.3125,46.3449740023226,0.00048828125,4278.63916015625
"3309",-30.375,-50.1875,19.8061908922697,0.00244140625,539.63232421875
"3310",-30.375,-50.0625,31.6045885587993,0,3901.90502929688
"3311",-30.125,-59.1875,58.23681640625,58.23681640625,58.23681640625
"3312",-30.125,-59.0625,56.179931640625,56.179931640625,56.179931640625
"3313",-30.125,-58.9375,55.606689453125,55.606689453125,55.606689453125
"3314",-30.125,-58.8125,172.2646484375,0.07763671875,516.482421875
"3315",-30.125,-58.6875,1905.1591796875,6.77685546875,2991.09790039062
"3316",-30.125,-57.3125,6.91904296875,0.61962890625,13.9921875
"3317",-30.125,-57.0625,6.661376953125,5.974365234375,7.348388671875
"3318",-30.125,-56.9375,3.20953369140625,1.139892578125,5.886962890625
"3319",-30.125,-56.6875,917.460530598958,896.58740234375,929.811279296875
"3320",-30.125,-56.4375,5.502685546875,5.502685546875,5.502685546875
"3321",-30.125,-56.3125,46.991064453125,1.377685546875,212.83349609375
"3322",-30.125,-56.1875,10.027734375,0.25927734375,26.27099609375
"3323",-30.125,-56.0625,54.2017211914062,0.26806640625,237.803955078125
"3324",-30.125,-55.9375,57.5681640625,3.736083984375,237.357666015625
"3325",-30.125,-55.8125,26.8968838778409,0.759033203125,183.66455078125
"3326",-30.125,-55.6875,10.0601473721591,0.002197265625,23.990478515625
"3327",-30.125,-55.5625,7.796044921875,0.02197265625,23.85791015625
"3328",-30.125,-55.4375,339.018595377604,14.2548828125,511.793212890625
"3329",-30.125,-55.3125,886.649560546875,456.50048828125,1502.35620117188
"3330",-30.125,-55.1875,1000.62928059896,0.11572265625,4711.86865234375
"3331",-30.125,-55.0625,4.47293526785714,0.0576171875,49.2626953125
"3332",-30.125,-54.9375,56.1809747869318,0.02587890625,475.404296875
"3333",-30.125,-54.8125,174.465270996094,0.015625,1857.0390625
"3334",-30.125,-54.6875,2870.93812779018,14.51708984375,4974.5673828125
"3335",-30.125,-54.5625,1142.39599609375,1142.39599609375,1142.39599609375
"3336",-30.125,-54.4375,1745.87682166466,198.6123046875,3440.078125
"3337",-30.125,-54.3125,410.530598958333,45.82568359375,671.0947265625
"3338",-30.125,-54.0625,626.82275390625,248.49658203125,757.656005859375
"3339",-30.125,-53.9375,598.285339355469,244.90380859375,725.064208984375
"3340",-30.125,-53.8125,37.03125,1.76123046875,72.30126953125
"3341",-30.125,-53.6875,31.1793212890625,3.3046875,60.9365234375
"3342",-30.125,-53.5625,29.690869140625,4.26904296875,69.84814453125
"3343",-30.125,-53.4375,48.8679809570312,0.258056640625,180.619140625
"3344",-30.125,-53.3125,100.583876953125,0.0537109375,657.52294921875
"3345",-30.125,-53.1875,203.47012765067,0.27294921875,852.595458984375
"3346",-30.125,-53.0625,120.527962820871,0.454345703125,514.475341796875
"3347",-30.125,-52.9375,53.7162966844512,0.5283203125,508.2138671875
"3348",-30.125,-52.8125,85.057224439538,0.580810546875,342.938232421875
"3349",-30.125,-52.6875,67.5095586362092,0.002685546875,359.04248046875
"3350",-30.125,-52.5625,48.9354713076637,0.02783203125,215.251953125
"3351",-30.125,-52.4375,66.5753261021205,2.31396484375,206.62939453125
"3352",-30.125,-52.3125,126.271614074707,0.468505859375,2743.78784179688
"3353",-30.125,-52.1875,320.25492405247,0.230224609375,2780.09497070312
"3354",-30.125,-52.0625,240.864883814103,0.02783203125,2780.2265625
"3355",-30.125,-51.9375,152.20118500084,0.518798828125,2738.12109375
"3356",-30.125,-51.8125,130.038727026192,0.163818359375,2734.41821289062
"3357",-30.125,-51.6875,80.4379061612216,0.02490234375,2475.66381835938
"3358",-30.125,-51.5625,27.003492924205,0.138671875,135.412353515625
"3359",-30.125,-51.4375,33.4466865476498,0.39794921875,191.936279296875
"3360",-30.125,-51.3125,22.9980282054228,0.25146484375,441.486572265625
"3361",-30.125,-51.1875,19.5066591460129,0.21630859375,88.43505859375
"3362",-30.125,-51.0625,22.2056944023058,0.04541015625,66.5869140625
"3363",-30.125,-50.9375,52.1489491338315,0.05908203125,3709.87036132812
"3364",-30.125,-50.8125,51.3434339250837,0.0126953125,3721.64379882812
"3365",-30.125,-50.6875,19.9429367450105,0.02197265625,96.98828125
"3366",-30.125,-50.5625,137.206031436012,0.00048828125,4368.455078125
"3367",-30.125,-50.4375,79.766719304078,0.0478515625,4334.50146484375
"3368",-30.125,-50.3125,23.2912541207551,0.21826171875,180.18408203125
"3369",-30.125,-50.1875,14.8350190662202,0.04736328125,126.096435546875
"3370",-30.125,-50.0625,33.4114653716216,0,4132.24609375
"3371",-29.875,-58.9375,2390.80993652344,126.445068359375,3286.85131835938
"3372",-29.875,-58.8125,1885.05412074498,0.130859375,3171.68701171875
"3373",-29.875,-58.6875,2774.4409346147,248.148681640625,3303.02661132812
"3374",-29.875,-58.5625,3299.40226236979,3268.919921875,3303.18041992188
"3375",-29.875,-58.1875,703.72470703125,697.5400390625,714.534912109375
"3376",-29.875,-58.0625,705.402783203125,690.5927734375,716.707275390625
"3377",-29.875,-57.9375,646.7384765625,625.881103515625,680.574951171875
"3378",-29.875,-57.8125,608.830891927083,602.480224609375,612.182861328125
"3379",-29.875,-57.4375,681.37255859375,2.154052734375,963.520141601562
"3380",-29.875,-57.3125,468.386871337891,1.58984375,960.655517578125
"3381",-29.875,-57.1875,879.9375,869.14599609375,892.830810546875
"3382",-29.875,-57.0625,862.060668945312,855.583740234375,869.15478515625
"3383",-29.875,-56.9375,865.704508463542,858.566650390625,871.197509765625
"3384",-29.875,-56.8125,899.637125651042,883.49267578125,914.171875
"3385",-29.875,-56.6875,926.227172851562,925.92919921875,926.525146484375
"3386",-29.875,-56.3125,9.796630859375,9.796630859375,9.796630859375
"3387",-29.875,-56.1875,11.763427734375,3.342529296875,25.12158203125
"3388",-29.875,-56.0625,15.870556640625,6.625244140625,27.72509765625
"3389",-29.875,-55.9375,15.591552734375,5.00634765625,31.915283203125
"3390",-29.875,-55.8125,16.63037109375,5.653076171875,27.607666015625
"3391",-29.875,-55.6875,13.386474609375,13.386474609375,13.386474609375
"3392",-29.875,-55.5625,11.677978515625,11.677978515625,11.677978515625
"3393",-29.875,-55.4375,494.66064453125,474.640625,506.830810546875
"3394",-29.875,-55.3125,304.334147135417,0.2421875,524.466796875
"3395",-29.875,-55.1875,652.577982584635,0.015625,4984.31201171875
"3396",-29.875,-55.0625,0.609273274739583,0.03857421875,11.4365234375
"3397",-29.875,-54.9375,3.22034630408654,0.00390625,80.7958984375
"3398",-29.875,-54.8125,48.8939541903409,0.7421875,110.2578125
"3399",-29.875,-54.6875,2787.57022633272,34.513671875,4994.38037109375
"3400",-29.875,-54.5625,2372.88775634766,773.990234375,3611.88232421875
"3401",-29.875,-54.4375,511.181995738636,46.48388671875,1577.08544921875
"3402",-29.875,-54.3125,662.431640625,658.5068359375,666.3564453125
"3403",-29.875,-54.1875,250.88330078125,250.5322265625,251.234375
"3404",-29.875,-53.9375,26.8615234375,22.80517578125,30.591796875
"3405",-29.875,-53.8125,36.4416155133929,1.40966796875,77.24169921875
"3406",-29.875,-53.6875,39.9879150390625,7.08447265625,58.695556640625
"3407",-29.875,-53.5625,17.86083984375,4.12841796875,35.173828125
"3408",-29.875,-53.4375,45.1849459134615,0.09228515625,174.6142578125
"3409",-29.875,-53.3125,53.4812463831019,0.13818359375,234.30029296875
"3410",-29.875,-53.1875,82.4277191162109,0.253173828125,665.4072265625
"3411",-29.875,-53.0625,100.047740589489,0.0703125,875.649658203125
"3412",-29.875,-52.9375,38.5625887784091,0.41064453125,144.102783203125
"3413",-29.875,-52.8125,108.909172712054,0.356689453125,469.404296875
"3414",-29.875,-52.6875,99.3077264083059,0.10498046875,507.0390625
"3415",-29.875,-52.5625,33.8841737689394,0.09326171875,160.982666015625
"3416",-29.875,-52.4375,43.451306931516,0.17529296875,231.3447265625
"3417",-29.875,-52.3125,279.134255371094,0.721923828125,2752.11376953125
"3418",-29.875,-52.1875,158.521701388889,0.258056640625,2739.3681640625
"3419",-29.875,-52.0625,117.973508804563,0.361083984375,2675.32861328125
"3420",-29.875,-51.9375,154.386039274285,0.0263671875,2649.54516601562
"3421",-29.875,-51.8125,115.33255828373,0.62158203125,2578.60083007812
"3422",-29.875,-51.6875,111.849635268703,0.009765625,2337.5361328125
"3423",-29.875,-51.5625,76.1417162346117,0.30517578125,2311.17749023438
"3424",-29.875,-51.4375,20.5391018775202,0.0869140625,97.9072265625
"3425",-29.875,-51.3125,94.2011829007056,0.12451171875,3006.892578125
"3426",-29.875,-51.1875,56.0730923739347,0.0341796875,2847.16796875
"3427",-29.875,-51.0625,30.7785257773824,0.05078125,406.30126953125
"3428",-29.875,-50.9375,106.909891108031,0.0234375,3739.59252929688
"3429",-29.875,-50.8125,20.1684184827303,0.033203125,339.22998046875
"3430",-29.875,-50.6875,105.799341066919,0.01611328125,4345.93310546875
"3431",-29.875,-50.5625,19.9723052978516,0.013671875,76.801513671875
"3432",-29.875,-50.4375,24.932895002694,0.0009765625,118
"3433",-29.875,-50.3125,31.6853278664982,0.728759765625,140.47021484375
"3434",-29.875,-50.1875,27.4285274432723,0.25732421875,617.992431640625
"3435",-29.875,-50.0625,6.8213720703125,0,94.9453125
"3436",-29.625,-58.9375,107.707153320312,103.299560546875,112.11474609375
"3437",-29.625,-58.3125,756.436360677083,732.257080078125,775.07177734375
"3438",-29.625,-58.1875,712.628173828125,702.309326171875,724.166748046875
"3439",-29.625,-57.6875,616.013264973958,606.44287109375,621.362548828125
"3440",-29.625,-57.5625,690.02470703125,607.2080078125,750.4501953125
"3441",-29.625,-57.4375,283.608851841518,0.17431640625,676.327392578125
"3442",-29.625,-57.3125,232.329047309028,6.13916015625,684.085205078125
"3443",-29.625,-57.1875,649.864501953125,635.183837890625,665.7568359375
"3444",-29.625,-57.0625,627.928955078125,626.875244140625,629.990234375
"3445",-29.625,-56.9375,648.943359375,638.16796875,660.67431640625
"3446",-29.625,-56.4375,7.212646484375,6.336181640625,8.089111328125
"3447",-29.625,-55.8125,15.644287109375,14.646728515625,16.641845703125
"3448",-29.625,-55.6875,15.960693359375,15.960693359375,15.960693359375
"3449",-29.625,-55.3125,145.378528941761,0.0087890625,2913.5009765625
"3450",-29.625,-55.1875,1.83615944602273,0.01708984375,28.2783203125
"3451",-29.625,-55.0625,21.1474609375,0.01611328125,105.92626953125
"3452",-29.625,-54.9375,570.579915364583,31.61474609375,1366.19921875
"3453",-29.625,-54.8125,410.678598257211,0.22314453125,1382.48046875
"3454",-29.625,-54.6875,4263.91295030382,14.71337890625,4966.08349609375
"3455",-29.625,-54.4375,514.032564603365,45.486328125,1594.55517578125
"3456",-29.625,-54.3125,242.904541015625,238.64990234375,247.1591796875
"3457",-29.625,-53.9375,17.8360188802083,14.29150390625,27.544921875
"3458",-29.625,-53.8125,23.7364783653846,0.75634765625,75.28515625
"3459",-29.625,-53.6875,29.982666015625,7.76220703125,61.84814453125
"3460",-29.625,-53.5625,21.003759765625,2.46337890625,63.74755859375
"3461",-29.625,-53.4375,41.33349609375,0.037109375,159.68994140625
"3462",-29.625,-53.3125,17.9345233623798,0.2021484375,73.073486328125
"3463",-29.625,-53.1875,65.3156426612367,0.006103515625,660.02294921875
"3464",-29.625,-53.0625,90.2092610677083,0.078369140625,916.009521484375
"3465",-29.625,-52.9375,15.3304896763393,0.15771484375,71.859130859375
"3466",-29.625,-52.8125,35.3242724609375,0.08056640625,244.825439453125
"3467",-29.625,-52.6875,94.8403176700368,0.089599609375,604.552490234375
"3468",-29.625,-52.5625,61.868400452629,0.06005859375,622.500244140625
"3469",-29.625,-52.4375,40.0692621275436,1.444580078125,242.22607421875
"3470",-29.625,-52.3125,106.204179243608,0.390869140625,2755.09326171875
"3471",-29.625,-52.1875,103.787303318487,0.506103515625,2756.11572265625
"3472",-29.625,-52.0625,68.3309303773652,0.00732421875,997.90771484375
"3473",-29.625,-51.9375,97.1985696932165,0.13232421875,888.037109375
"3474",-29.625,-51.8125,45.2129371279762,0.042724609375,879.904541015625
"3475",-29.625,-51.6875,37.819314332135,0.1435546875,765.165283203125
"3476",-29.625,-51.5625,103.840840812858,0.061279296875,2284.64697265625
"3477",-29.625,-51.4375,95.5999279487424,0.14990234375,3157.41357421875
"3478",-29.625,-51.3125,15.2312440035636,0.0693359375,112.58984375
"3479",-29.625,-51.1875,19.9120224774894,0.02587890625,77.36962890625
"3480",-29.625,-51.0625,103.053270796655,0.56005859375,2899.3681640625
"3481",-29.625,-50.9375,145.204129126764,0.05908203125,3847.91235351562
"3482",-29.625,-50.8125,25.95107421875,0.04150390625,334.5693359375
"3483",-29.625,-50.6875,70.1467074170525,0.17138671875,4377.51025390625
"3484",-29.625,-50.5625,104.141319125306,0.0419921875,4391.8984375
"3485",-29.625,-50.4375,22.3419423729482,0.015625,110.56298828125
"3486",-29.625,-50.3125,23.2946486166858,1.02978515625,116.183349609375
"3487",-29.625,-50.1875,30.7204907226563,0.0068359375,133.115234375
"3488",-29.625,-50.0625,11.1242650868941,0,1050.76049804688
"3489",-29.375,-58.9375,116.895874023438,109.647705078125,124.14404296875
"3490",-29.375,-58.8125,124.401123046875,124.401123046875,124.401123046875
"3491",-29.375,-58.3125,783.031387329102,757.230712890625,799.682861328125
"3492",-29.375,-58.1875,755.095336914062,751.6904296875,760.051025390625
"3493",-29.375,-57.6875,745.693054199219,745.1162109375,746.045166015625
"3494",-29.375,-57.5625,1.49169921875,1.49169921875,1.49169921875
"3495",-29.375,-57.4375,2.5994140625,0.689697265625,8.677734375
"3496",-29.375,-57.3125,12.6168561662946,7.0673828125,17.427001953125
"3497",-29.375,-57.1875,13.2442801339286,7.067138671875,19.982666015625
"3498",-29.375,-57.0625,3.29248046875,2.233154296875,4.351806640625
"3499",-29.375,-56.4375,2.77734375,2.727783203125,2.826904296875
"3500",-29.375,-56.3125,7.17138671875,7.17138671875,7.17138671875
"3501",-29.375,-56.1875,8.640869140625,8.640869140625,8.640869140625
"3502",-29.375,-56.0625,7.212890625,7.212890625,7.212890625
"3503",-29.375,-55.9375,8.507568359375,8.507568359375,8.507568359375
"3504",-29.375,-55.8125,10.0537109375,10.0537109375,10.0537109375
"3505",-29.375,-55.4375,0.98388671875,0.026123046875,1.941650390625
"3506",-29.375,-55.3125,7.54708584872159,0.01025390625,64.064453125
"3507",-29.375,-55.1875,38.7482688210227,0.021484375,288.6337890625
"3508",-29.375,-55.0625,397.893096923828,0.03076171875,2706.77001953125
"3509",-29.375,-54.9375,665.143587239583,0.12353515625,4614.74072265625
"3510",-29.375,-54.8125,1213.23826381138,40.9765625,4905.5537109375
"3511",-29.375,-54.6875,3696.55883789062,7.06640625,4977.171875
"3512",-29.375,-54.5625,3376.74438476562,3376.74438476562,3376.74438476562
"3513",-29.375,-54.4375,731.921278211806,45.03955078125,1617.38891601562
"3514",-29.375,-54.3125,330.77978515625,330.77978515625,330.77978515625
"3515",-29.375,-53.9375,15.2145647321429,0.23828125,77.12451171875
"3516",-29.375,-53.8125,15.45888671875,0.419921875,77.95361328125
"3517",-29.375,-53.6875,13.9380770596591,3.1708984375,23.0380859375
"3518",-29.375,-53.5625,18.4431762695312,1.92333984375,61.21337890625
"3519",-29.375,-53.4375,20.5440298227163,0.386962890625,146.47509765625
"3520",-29.375,-53.3125,28.3685913085938,1.41064453125,136.692626953125
"3521",-29.375,-53.1875,26.6834151105183,0.039794921875,194.52734375
"3522",-29.375,-53.0625,110.041004527699,0.327880859375,840.456787109375
"3523",-29.375,-52.9375,14.5590759277344,0.0205078125,64.267333984375
"3524",-29.375,-52.8125,37.1368849012587,0.136474609375,248.7919921875
"3525",-29.375,-52.6875,45.2398312590843,0.01025390625,577.2158203125
"3526",-29.375,-52.5625,38.2064070268111,0.01806640625,605.94580078125
"3527",-29.375,-52.4375,29.5742114622202,0.0009765625,428.903564453125
"3528",-29.375,-52.3125,39.590570359003,0.013427734375,272.439697265625
"3529",-29.375,-52.1875,28.6507442079741,0.3251953125,170.99267578125
"3530",-29.375,-52.0625,44.2275742039536,0.33251953125,997.057861328125
"3531",-29.375,-51.9375,23.5880640332944,0.1630859375,458.400634765625
"3532",-29.375,-51.8125,38.6982010945235,0.33740234375,458.423095703125
"3533",-29.375,-51.6875,44.6586758700284,0.1103515625,435.0986328125
"3534",-29.375,-51.5625,131.269551045186,0.028564453125,2363.3955078125
"3535",-29.375,-51.4375,171.717321059283,0.097900390625,3481.06713867188
"3536",-29.375,-51.3125,20.7851833767361,0.12353515625,144.27294921875
"3537",-29.375,-51.1875,92.456768950155,0.01318359375,4328.802734375
"3538",-29.375,-51.0625,65.5138764252534,0.35498046875,4126.296875
"3539",-29.375,-50.9375,227.635294038955,0.38525390625,3938.33032226562
"3540",-29.375,-50.8125,80.3367537313433,0.0234375,4418.3603515625
"3541",-29.375,-50.6875,63.5083342907475,0.09228515625,4402.25830078125
"3542",-29.375,-50.5625,68.9161592371324,0.17138671875,4398.39013671875
"3543",-29.375,-50.4375,20.0399317479396,0.04736328125,96.90673828125
"3544",-29.375,-50.3125,21.2440142715186,0.015625,93.10498046875
"3545",-29.375,-50.1875,24.054440734207,0.06103515625,100.62255859375
"3546",-29.375,-50.0625,10.013181624874,0,470.71826171875
"3547",-29.125,-58.8125,117.946105957031,116.39453125,119.317138671875
"3548",-29.125,-58.1875,750.398274739583,747.78369140625,752.53515625
"3549",-29.125,-58.0625,742.111676897321,737.89013671875,750.03515625
"3550",-29.125,-57.9375,749.553995768229,740.01806640625,760.58837890625
"3551",-29.125,-57.8125,735.998372395833,731.0302734375,738.502685546875
"3552",-29.125,-57.5625,1.368896484375,0.74755859375,1.990234375
"3553",-29.125,-57.4375,7.1953125,7.1953125,7.1953125
"3554",-29.125,-57.3125,10.5,6.5185546875,15.593994140625
"3555",-29.125,-57.1875,10.14296875,7.8837890625,14.047119140625
"3556",-29.125,-57.0625,10.8484375,1.64599609375,16.317138671875
"3557",-29.125,-56.9375,1.5458984375,1.5458984375,1.5458984375
"3558",-29.125,-56.8125,0.67626953125,0.67626953125,0.67626953125
"3559",-29.125,-56.4375,1.9034423828125,0.901611328125,2.9052734375
"3560",-29.125,-56.3125,5.18115234375,5.18115234375,5.18115234375
"3561",-29.125,-56.1875,38.32177734375,38.32177734375,38.32177734375
"3562",-29.125,-56.0625,40.8050537109375,38.926513671875,42.68359375
"3563",-29.125,-55.9375,38.6224365234375,37.454833984375,39.7900390625
"3564",-29.125,-55.8125,19.5638834635417,8.9560546875,38.996826171875
"3565",-29.125,-55.6875,335.143127441406,286.000244140625,374.114501953125
"3566",-29.125,-55.3125,1.459423828125,0.0908203125,4.199951171875
"3567",-29.125,-55.1875,56.0247896634615,0.02783203125,654.140625
"3568",-29.125,-55.0625,570.533342633929,0.04638671875,2973.880859375
"3569",-29.125,-54.9375,2045.97643324908,0.0947265625,4963.62841796875
"3570",-29.125,-54.8125,3311.98831176758,156.9208984375,4967.49267578125
"3571",-29.125,-54.6875,2912.96171875,128.08447265625,4885.25390625
"3572",-29.125,-54.5625,1724.52056884766,0.1435546875,4306.23291015625
"3573",-29.125,-54.4375,684.310791015625,42.52490234375,1634.88500976562
"3574",-29.125,-54.3125,406.245727539062,297.3095703125,690.19921875
"3575",-29.125,-54.1875,199.528889973958,0.826171875,283.328125
"3576",-29.125,-54.0625,138.721484375,3.2431640625,312.61328125
"3577",-29.125,-53.9375,10.3388129340278,0.11474609375,57.04736328125
"3578",-29.125,-53.8125,1.65852864583333,0.283203125,3.19775390625
"3579",-29.125,-53.6875,17.4825439453125,13.96435546875,20.35498046875
"3580",-29.125,-53.5625,11.01767578125,0.447265625,24.45263671875
"3581",-29.125,-53.4375,17.4003143310547,0.06982421875,142.40576171875
"3582",-29.125,-53.3125,37.1517159598214,0.158203125,134.422607421875
"3583",-29.125,-53.1875,34.4570465087891,0.029296875,206.711669921875
"3584",-29.125,-53.0625,144.005859375,0.884521484375,952.1611328125
"3585",-29.125,-52.9375,44.4343465169271,0.045166015625,428.822021484375
"3586",-29.125,-52.8125,69.7086443219866,0.51123046875,544.389892578125
"3587",-29.125,-52.6875,31.5981312144886,0.18017578125,171.25048828125
"3588",-29.125,-52.5625,31.0002525592672,0.017822265625,129.353515625
"3589",-29.125,-52.4375,40.6789706615691,0.143798828125,419.2998046875
"3590",-29.125,-52.3125,29.7064678485577,0.159423828125,196.673583984375
"3591",-29.125,-52.1875,40.4153988486842,0.041748046875,322.40380859375
"3592",-29.125,-52.0625,56.2735862731934,0.015625,1028.58166503906
"3593",-29.125,-51.9375,53.0667350924745,0.054443359375,452.58642578125
"3594",-29.125,-51.8125,58.7931008995126,0.021728515625,459.568603515625
"3595",-29.125,-51.6875,49.3078237680288,0.28173828125,358.060302734375
"3596",-29.125,-51.5625,213.288826497396,0.393310546875,3472.35668945312
"3597",-29.125,-51.4375,211.106035963933,0.01708984375,4376.751953125
"3598",-29.125,-51.3125,66.3181629180908,0.00390625,4350.0712890625
"3599",-29.125,-51.1875,22.3348417507382,0.1181640625,140.189453125
"3600",-29.125,-51.0625,104.46214890253,0.0302734375,4168.9423828125
"3601",-29.125,-50.9375,71.9209362621039,0.00634765625,4029.60913085938
"3602",-29.125,-50.8125,106.887316894531,0.0234375,4499.9755859375
"3603",-29.125,-50.6875,19.1109660287921,0.00048828125,344.20458984375
"3604",-29.125,-50.5625,12.7530146059783,0.06201171875,70.6640625
"3605",-29.125,-50.4375,16.5702275815217,0.2099609375,86.02490234375
"3606",-29.125,-50.3125,15.8965326665522,0.08984375,76.330078125
"3607",-29.125,-50.1875,11.8046442345728,0.00439453125,87.12158203125
"3608",-29.125,-50.0625,9.06096618997175,0,386.90966796875
"3609",-28.875,-57.5625,2.61295572916667,0.202880859375,4.311279296875
"3610",-28.875,-57.4375,2.45458984375,1.864990234375,3.044189453125
"3611",-28.875,-57.3125,8.56941731770833,8.2255859375,9.128662109375
"3612",-28.875,-57.1875,9.4427490234375,6.0048828125,11.99951171875
"3613",-28.875,-57.0625,12.9490094866071,10.83642578125,15.684814453125
"3614",-28.875,-56.6875,1.884521484375,1.884521484375,1.884521484375
"3615",-28.875,-56.5625,4.8143310546875,3.639892578125,5.98876953125
"3616",-28.875,-56.3125,19.9161783854167,5.293701171875,27.5693359375
"3617",-28.875,-56.1875,34.30908203125,34.30908203125,34.30908203125
"3618",-28.875,-55.9375,48.205322265625,46.878173828125,49.12890625
"3619",-28.875,-55.8125,202.716837565104,8.884033203125,298.5380859375
"3620",-28.875,-55.6875,341.990776909722,310.84033203125,371.233154296875
"3621",-28.875,-55.5625,294.923974609375,277.37255859375,317.620361328125
"3622",-28.875,-55.4375,206.065283203125,0.6201171875,272.882568359375
"3623",-28.875,-55.3125,7.61801147460938,0.00439453125,59.58251953125
"3624",-28.875,-55.1875,495.683826793324,0.02880859375,4483.4833984375
"3625",-28.875,-55.0625,1118.46138822115,0.01171875,4300.3232421875
"3626",-28.875,-54.9375,1598.86248779297,90.19189453125,4065.9501953125
"3627",-28.875,-54.8125,758.838745117188,13.43994140625,1406.587890625
"3628",-28.875,-54.6875,257.94873046875,0.0693359375,769.0322265625
"3629",-28.875,-54.4375,644.762390136719,1.0048828125,2339.39282226562
"3630",-28.875,-54.3125,1088.72036743164,3.3837890625,2325.0732421875
"3631",-28.875,-54.1875,1.66748046875,1.66748046875,1.66748046875
"3632",-28.875,-54.0625,291.63505859375,0.42578125,413.89404296875
"3633",-28.875,-53.9375,25.6443684895833,0.06640625,52.25830078125
"3634",-28.875,-53.8125,16.6998046875,0.20361328125,42.80908203125
"3635",-28.875,-53.6875,13.2513834635417,0.1728515625,55.40380859375
"3636",-28.875,-53.5625,16.4471324573864,1.14794921875,62.59228515625
"3637",-28.875,-53.4375,15.4036783854167,1.41357421875,62.7900390625
"3638",-28.875,-53.3125,19.44677734375,0.04736328125,63.35107421875
"3639",-28.875,-53.1875,33.8847452799479,0.01318359375,186.396728515625
"3640",-28.875,-53.0625,133.75866369299,0.068603515625,950.1904296875
"3641",-28.875,-52.9375,68.0189582669005,0.25390625,667.27734375
"3642",-28.875,-52.8125,51.0678945688101,0.21435546875,481.43994140625
"3643",-28.875,-52.6875,31.4456990559896,0.373046875,134.16552734375
"3644",-28.875,-52.5625,43.6978616153493,0.1806640625,137.23388671875
"3645",-28.875,-52.4375,39.5042431640625,0.18701171875,143.171630859375
"3646",-28.875,-52.3125,54.042142980239,0.697021484375,694.114501953125
"3647",-28.875,-52.1875,53.9263023262593,1.263916015625,923.547607421875
"3648",-28.875,-52.0625,53.3860595703125,0.0654296875,356.293212890625
"3649",-28.875,-51.9375,38.9559380425347,0.0009765625,337.58544921875
"3650",-28.875,-51.8125,130.825832323096,0.01318359375,4125.0078125
"3651",-28.875,-51.6875,327.119257908241,0.033935546875,4254.74560546875
"3652",-28.875,-51.5625,200.005790844298,0.142333984375,4054.74853515625
"3653",-28.875,-51.4375,27.9579081632653,0,234.44970703125
"3654",-28.875,-51.3125,111.434515850361,0.08154296875,4397.47412109375
"3655",-28.875,-51.1875,27.3779706882156,0.01806640625,307.73486328125
"3656",-28.875,-51.0625,19.0886067708333,0.14208984375,144.0576171875
"3657",-28.875,-50.9375,17.9575591216216,0.0830078125,65.63427734375
"3658",-28.875,-50.8125,54.4723061009457,0.12890625,2876.17114257812
"3659",-28.875,-50.6875,12.269004128196,0.0107421875,125.5810546875
"3660",-28.875,-50.5625,14.8926263503086,0.013671875,69.134765625
"3661",-28.875,-50.4375,17.9640060564794,0.00390625,356.58984375
"3662",-28.875,-50.3125,12.4314380787037,0.0263671875,344.30029296875
"3663",-28.875,-50.1875,10.7132963292739,0.00634765625,129.36474609375
"3664",-28.875,-50.0625,13.4998622796474,0,144.759765625
"3665",-28.625,-57.3125,7.66775030838816,4.01318359375,16.5458984375
"3666",-28.625,-57.1875,11.9868706597222,2.584228515625,21.0615234375
"3667",-28.625,-57.0625,7.756396484375,0.5224609375,14.571044921875
"3668",-28.625,-56.9375,12.8195190429688,12.030029296875,13.9833984375
"3669",-28.625,-56.6875,6.7744140625,6.7744140625,6.7744140625
"3670",-28.625,-56.5625,15.6473388671875,10.35302734375,20.941650390625
"3671",-28.625,-56.4375,26.728271484375,26.728271484375,26.728271484375
"3672",-28.625,-55.9375,63.808056640625,50.7822265625,74.873779296875
"3673",-28.625,-55.8125,258.866646902902,88.00390625,339.593505859375
"3674",-28.625,-55.6875,283.860541449653,19.62451171875,368.790649414062
"3675",-28.625,-55.5625,10.5807291666667,7.892333984375,15.95751953125
"3676",-28.625,-55.4375,63.86103515625,0.1103515625,203.7705078125
"3677",-28.625,-55.3125,442.911295572917,107.3603515625,1048.62158203125
"3678",-28.625,-55.1875,19.3787434895833,0.080078125,57.77978515625
"3679",-28.625,-55.0625,65.1042829241071,0.068359375,187.67236328125
"3680",-28.625,-54.9375,1057.32550048828,0.1669921875,4450.9814453125
"3681",-28.625,-54.8125,1851.23352050781,320.50390625,4447.5830078125
"3682",-28.625,-54.6875,2605.03548177083,547.919921875,3949.65747070312
"3683",-28.625,-54.5625,4943.5966796875,4902.64306640625,4984.55029296875
"3684",-28.625,-54.4375,16.06689453125,0.11328125,47.17431640625
"3685",-28.625,-54.3125,1540.55859375,0.03662109375,2315.73315429688
"3686",-28.625,-54.1875,1326.29806857639,0.97119140625,2413.943359375
"3687",-28.625,-54.0625,182.383544921875,0.705078125,726.2236328125
"3688",-28.625,-53.9375,144.533569335938,7.26220703125,468.93505859375
"3689",-28.625,-53.8125,103.993603515625,0.05908203125,469.9404296875
"3690",-28.625,-53.6875,2.74931640625,0.4658203125,5.54736328125
"3691",-28.625,-53.5625,13.5815104166667,0.63232421875,32.900390625
"3692",-28.625,-53.4375,26.8672762784091,0.2958984375,82.55517578125
"3693",-28.625,-53.3125,25.9496392144097,0.091796875,93.93603515625
"3694",-28.625,-53.1875,22.3472184806034,0.01708984375,97.0048828125
"3695",-28.625,-53.0625,74.0647366431452,0.18701171875,785.27294921875
"3696",-28.625,-52.9375,51.014253504136,0.0400390625,420.889892578125
"3697",-28.625,-52.8125,55.4868416621767,0.275390625,545.67578125
"3698",-28.625,-52.6875,29.1485850016276,0.043212890625,159.186279296875
"3699",-28.625,-52.5625,32.9089906754032,3.64990234375,177.966064453125
"3700",-28.625,-52.4375,64.1297998046875,0.445556640625,630.531005859375
"3701",-28.625,-52.3125,56.004916487069,0.15478515625,378.7744140625
"3702",-28.625,-52.1875,29.5967626953125,0.0390625,228.318359375
"3703",-28.625,-52.0625,36.084415435791,0.00390625,885.2724609375
"3704",-28.625,-51.9375,501.650539232337,0.0146484375,4341.49951171875
"3705",-28.625,-51.8125,804.893720461998,0.00732421875,4535.1318359375
"3706",-28.625,-51.6875,564.668152459777,0.20458984375,4536.03076171875
"3707",-28.625,-51.5625,351.783017839704,0.0126953125,4485.8818359375
"3708",-28.625,-51.4375,404.650473540684,0.0126953125,4448.6875
"3709",-28.625,-51.3125,266.227965893389,0.00390625,4478.73974609375
"3710",-28.625,-51.1875,528.617850534539,0.26513671875,4504.83447265625
"3711",-28.625,-51.0625,94.7307956861413,0.0078125,4497.16162109375
"3712",-28.625,-50.9375,15.9763113839286,0.009765625,116.90966796875
"3713",-28.625,-50.8125,52.9564254195602,0.01220703125,4508.37841796875
"3714",-28.625,-50.6875,15.6908685225475,0.17724609375,125.51806640625
"3715",-28.625,-50.5625,9.94361948744159,0.01953125,64.65234375
"3716",-28.625,-50.4375,5.76214906178653,0.00830078125,73.02978515625
"3717",-28.625,-50.3125,13.0935933814858,0.01953125,81.33544921875
"3718",-28.625,-50.1875,19.4841897898707,0.04345703125,86.92578125
"3719",-28.625,-50.0625,11.7649346713362,0,59.95703125
"3720",-28.375,-57.4375,24.52685546875,24.52685546875,24.52685546875
"3721",-28.375,-57.3125,20.44970703125,20.44970703125,20.44970703125
"3722",-28.375,-56.9375,10.2054850260417,4.955322265625,14.609375
"3723",-28.375,-56.6875,11.3197021484375,8.12939453125,16.1732177734375
"3724",-28.375,-56.5625,20.833984375,20.36474609375,21.30322265625
"3725",-28.375,-55.6875,68.195068359375,68.195068359375,68.195068359375
"3726",-28.375,-55.5625,72.5791015625,66.684326171875,83.671875
"3727",-28.375,-55.4375,439.352807617188,0.04345703125,1894.27807617188
"3728",-28.375,-55.3125,739.741102430556,0.0869140625,3874.68408203125
"3729",-28.375,-55.1875,0.0615234375,0.0205078125,0.1025390625
"3730",-28.375,-55.0625,20.48544921875,0.11279296875,55.09912109375
"3731",-28.375,-54.9375,199.477887834821,13.36328125,1012.86328125
"3732",-28.375,-54.8125,2911.50861467634,217.50927734375,4738.24609375
"3733",-28.375,-54.6875,2985.55712890625,284.37646484375,4845.8203125
"3734",-28.375,-54.5625,1646.19588216146,6.23486328125,3642.27124023438
"3735",-28.375,-54.4375,305.3857421875,124.9072265625,485.8642578125
"3736",-28.375,-54.1875,621.646423339844,0.97607421875,2435.76049804688
"3737",-28.375,-54.0625,1629.91137695312,1.0595703125,2436.55053710938
"3738",-28.375,-53.9375,1552.54835094105,18.12060546875,2727.09301757812
"3739",-28.375,-53.8125,488.17138671875,0.56494140625,2751.62719726562
"3740",-28.375,-53.6875,66.8893694196429,0.48828125,492.3837890625
"3741",-28.375,-53.5625,31.1150111607143,0.00146484375,392.40966796875
"3742",-28.375,-53.4375,44.9180157001202,1.193359375,505.53173828125
"3743",-28.375,-53.3125,48.6986659787736,0.2236328125,519.352294921875
"3744",-28.375,-53.1875,51.3421989889706,0.16650390625,521.039794921875
"3745",-28.375,-53.0625,23.7609170942164,0.1591796875,149.05419921875
"3746",-28.375,-52.9375,65.5350206163194,0.01171875,667.81982421875
"3747",-28.375,-52.8125,45.6637595847801,0.0283203125,430.826416015625
"3748",-28.375,-52.6875,22.389553264036,0.12158203125,142.938232421875
"3749",-28.375,-52.5625,30.6743208451705,0.0654296875,225.546875
"3750",-28.375,-52.4375,46.3877075195312,0.0205078125,531.01708984375
"3751",-28.375,-52.3125,69.0656338778409,0.139892578125,796.45849609375
"3752",-28.375,-52.1875,51.2340967932413,0.00732421875,799.067138671875
"3753",-28.375,-52.0625,51.6527490234375,0.123046875,605.09228515625
"3754",-28.375,-51.9375,296.315363957332,0.0126953125,4305.36279296875
"3755",-28.375,-51.8125,42.9772260616987,0.11376953125,772.7197265625
"3756",-28.375,-51.6875,280.790675203565,0.37841796875,3422.56103515625
"3757",-28.375,-51.5625,91.1459228515625,0.04931640625,2527.32763671875
"3758",-28.375,-51.4375,266.727305179884,0.0009765625,4492.41845703125
"3759",-28.375,-51.3125,138.62314598159,0.1865234375,4467.94775390625
"3760",-28.375,-51.1875,197.76761617289,0.41748046875,4481.25
"3761",-28.375,-51.0625,242.55532182966,0.1533203125,4548.3251953125
"3762",-28.375,-50.9375,120.434743573589,0.0673828125,4511.419921875
"3763",-28.375,-50.8125,92.7544535542582,0.01806640625,4425.3095703125
"3764",-28.375,-50.6875,125.890487938596,0.02880859375,4391.93359375
"3765",-28.375,-50.5625,72.907254665018,0.00830078125,4417.7333984375
"3766",-28.375,-50.4375,191.550620719178,0.00634765625,4378.34130859375
"3767",-28.375,-50.3125,167.719382957176,0.06640625,4312.748046875
"3768",-28.375,-50.1875,90.2297911352041,0.09228515625,4129.396484375
"3769",-28.375,-50.0625,8.046630859375,0,19.95166015625
"3770",-28.125,-57.4375,16.39453125,13.892822265625,18.896240234375
"3771",-28.125,-56.8125,7.788818359375,6.585205078125,8.992431640625
"3772",-28.125,-56.6875,12.4828287760417,9.795166015625,16.8973388671875
"3773",-28.125,-56.5625,21.74658203125,21.2275390625,22.265625
"3774",-28.125,-55.5625,42.1831577845982,0.120849609375,124.921997070312
"3775",-28.125,-55.4375,252.459678248355,0.002197265625,2467.42700195312
"3776",-28.125,-55.3125,0.640625,0.0146484375,7.017578125
"3777",-28.125,-55.0625,0.0445963541666667,0.015625,0.08544921875
"3778",-28.125,-54.9375,23.7799072265625,0.00244140625,66.107421875
"3779",-28.125,-54.8125,2544.99340820312,17.8330078125,4979.5712890625
"3780",-28.125,-54.6875,4816.65286959135,4707.15771484375,4991.59765625
"3781",-28.125,-54.4375,3559.5224609375,3559.5224609375,3559.5224609375
"3782",-28.125,-54.3125,44.39013671875,44.39013671875,44.39013671875
"3783",-28.125,-54.1875,46.56689453125,46.56689453125,46.56689453125
"3784",-28.125,-54.0625,135.606201171875,1.7138671875,672.03857421875
"3785",-28.125,-53.9375,384.490044487847,5.24853515625,1894.25024414062
"3786",-28.125,-53.8125,1038.26816656651,1.7939453125,2905.23486328125
"3787",-28.125,-53.6875,144.840786637931,1.7744140625,549.35009765625
"3788",-28.125,-53.5625,57.980546875,0.17138671875,473.0458984375
"3789",-28.125,-53.4375,25.00146484375,0.181640625,170.16650390625
"3790",-28.125,-53.3125,50.3744618941327,0.19677734375,851.50244140625
"3791",-28.125,-53.1875,25.2688650357521,0.1181640625,510.522216796875
"3792",-28.125,-53.0625,35.5427061138731,0.09814453125,897.738037109375
"3793",-28.125,-52.9375,59.998486328125,0.142578125,901.15087890625
"3794",-28.125,-52.8125,57.3558969966701,0.0078125,858.961669921875
"3795",-28.125,-52.6875,49.5014971564798,0.17138671875,812.460693359375
"3796",-28.125,-52.5625,57.7385911207933,0.00048828125,794.599853515625
"3797",-28.125,-52.4375,63.0213185436321,0.01904296875,767.31005859375
"3798",-28.125,-52.3125,41.6648425590701,0.2119140625,249.7900390625
"3799",-28.125,-52.1875,59.3966796875,0.294921875,392.232177734375
"3800",-28.125,-52.0625,269.778207174162,0.197265625,4325.27197265625
"3801",-28.125,-51.9375,360.134991681134,0.0087890625,4319.232421875
"3802",-28.125,-51.8125,375.507164417614,1.0380859375,4326.0078125
"3803",-28.125,-51.6875,633.68507316931,0.3486328125,4356.95654296875
"3804",-28.125,-51.5625,528.534886602146,0.5185546875,4510.7568359375
"3805",-28.125,-51.4375,279.766414866728,0.10107421875,4501.2783203125
"3806",-28.125,-51.3125,172.032006048387,0.0166015625,4527.12939453125
"3807",-28.125,-51.1875,129.304744219539,0.05712890625,4559.57861328125
"3808",-28.125,-51.0625,18.4893349095395,0.0205078125,81.486328125
"3809",-28.125,-50.9375,130.99030807783,0.060546875,4339.74072265625
"3810",-28.125,-50.8125,692.282619628906,0.1748046875,4605.0283203125
"3811",-28.125,-50.6875,12.1709354795259,0.18505859375,119.205078125
"3812",-28.125,-50.5625,10.5443187040441,0.29248046875,64.33740234375
"3813",-28.125,-50.4375,17.5809009693287,0.6064453125,48.8955078125
"3814",-28.125,-50.3125,16.3469623766447,0.75537109375,70.64013671875
"3815",-28.125,-50.1875,129.322865513393,0.23974609375,4150.70361328125
"3816",-28.125,-50.0625,190.579732259115,0,4068.0263671875
"3817",-27.875,-57.4375,15.0260009765625,14.7177734375,15.334228515625
"3818",-27.875,-57.0625,20.45166015625,20.45166015625,20.45166015625
"3819",-27.875,-56.9375,27.416015625,27.416015625,27.416015625
"3820",-27.875,-56.8125,27.6201171875,27.6201171875,27.6201171875
"3821",-27.875,-56.5625,35.00439453125,26.850341796875,41.0101318359375
"3822",-27.875,-55.5625,22.2155317826705,0.059814453125,73.71826171875
"3823",-27.875,-55.4375,0.159375,0.0810546875,0.23486328125
"3824",-27.875,-55.3125,383.100952148438,1.828125,1465.55517578125
"3825",-27.875,-55.1875,218.372802734375,0.0390625,662.2578125
"3826",-27.875,-54.9375,1166.83126395089,40.078125,4986.9453125
"3827",-27.875,-54.8125,1416.3328125,84.98681640625,4835.3291015625
"3828",-27.875,-54.6875,4084.47767857143,9.39794921875,4903.328125
"3829",-27.875,-54.5625,1027.85705566406,306.86865234375,1600.71435546875
"3830",-27.875,-54.4375,654.72607421875,649.94677734375,659.50537109375
"3831",-27.875,-54.3125,466.59326171875,46.623046875,681.81396484375
"3832",-27.875,-54.1875,355.640502929688,0.55517578125,689.94287109375
"3833",-27.875,-54.0625,628.185913085938,6.1044921875,1844.38012695312
"3834",-27.875,-53.9375,286.706812808388,1.55078125,1866.76416015625
"3835",-27.875,-53.8125,79.6751302083333,0.27392578125,337.68115234375
"3836",-27.875,-53.6875,59.3956240699405,0.42578125,557.10302734375
"3837",-27.875,-53.5625,80.9763969809322,0.041015625,562.56298828125
"3838",-27.875,-53.4375,51.3932102748326,0.04345703125,780.1875
"3839",-27.875,-53.3125,32.728466796875,0.07470703125,495.1259765625
"3840",-27.875,-53.1875,37.5301633348652,0.041015625,523.595947265625
"3841",-27.875,-53.0625,27.9092145647321,0.0419921875,294.57080078125
"3842",-27.875,-52.9375,182.648257984835,0.00830078125,4304.99072265625
"3843",-27.875,-52.8125,209.092579462757,0.06396484375,4295.81396484375
"3844",-27.875,-52.6875,119.805083652712,0.048828125,4292.1025390625
"3845",-27.875,-52.5625,118.829818400931,0.1708984375,4299.470703125
"3846",-27.875,-52.4375,75.1797410918445,0.001953125,801.927734375
"3847",-27.875,-52.3125,776.627777777778,0.16845703125,4284.86376953125
"3848",-27.875,-52.1875,689.845665564904,0.1318359375,4334.9052734375
"3849",-27.875,-52.0625,297.616180419922,2.18603515625,4282.75439453125
"3850",-27.875,-51.9375,282.33161667158,1.36865234375,4281.1904296875
"3851",-27.875,-51.8125,34.293773509838,0.72265625,797.16064453125
"3852",-27.875,-51.6875,239.519589181674,1.0625,4351.85791015625
"3853",-27.875,-51.5625,79.1610583793826,0.04150390625,4397.21435546875
"3854",-27.875,-51.4375,232.070146908967,0.453125,4396.666015625
"3855",-27.875,-51.3125,158.239011205808,0.16943359375,4370.6181640625
"3856",-27.875,-51.1875,29.9454544422238,0.55615234375,638.9775390625
"3857",-27.875,-51.0625,131.671435086232,0.197265625,4588.79541015625
"3858",-27.875,-50.9375,118.540912702972,0.11083984375,4657.58544921875
"3859",-27.875,-50.8125,18.7666196469907,2.87060546875,83.75830078125
"3860",-27.875,-50.6875,17.6364711463874,0.4375,88.55322265625
"3861",-27.875,-50.5625,32.8524956597222,7.020751953125,121.451416015625
"3862",-27.875,-50.4375,23.7997504340278,6.13818359375,62.578369140625
"3863",-27.875,-50.3125,35.3524816176471,1.4912109375,71.404541015625
"3864",-27.875,-50.1875,36.301025390625,1.265625,88.84619140625
"3865",-27.875,-50.0625,24.5838623046875,0,62.778564453125
"3866",-27.625,-57.3125,17.435546875,17.435546875,17.435546875
"3867",-27.625,-57.0625,17.48193359375,17.48193359375,17.48193359375
"3868",-27.625,-56.8125,24.51025390625,24.51025390625,24.51025390625
"3869",-27.625,-56.6875,20.8502197265625,19.04638671875,22.654052734375
"3870",-27.625,-56.5625,17.1669921875,17.1669921875,17.1669921875
"3871",-27.625,-55.9375,19.872802734375,19.872802734375,19.872802734375
"3872",-27.625,-55.8125,14.6864624023438,14.015869140625,15.3570556640625
"3873",-27.625,-55.6875,25.2212982177734,1.999755859375,61.6961669921875
"3874",-27.625,-55.5625,35.8489379882812,0.0458984375,115.165771484375
"3875",-27.625,-55.4375,101.886021205357,0.05859375,712.54052734375
"3876",-27.625,-55.3125,418.32958984375,202.45556640625,634.20361328125
"3877",-27.625,-55.1875,394.6328125,18.57177734375,1593.9951171875
"3878",-27.625,-55.0625,2422.65302734375,13.283203125,4520.1923828125
"3879",-27.625,-54.9375,2948.07287597656,20.01220703125,4818.40234375
"3880",-27.625,-54.8125,1701.56599934896,0.51416015625,4842.5654296875
"3881",-27.625,-54.5625,71.734375,71.734375,71.734375
"3882",-27.625,-54.4375,54.9474609375,54.1015625,56.01220703125
"3883",-27.625,-54.3125,33.54599609375,4.03955078125,52.80615234375
"3884",-27.625,-54.1875,448.351291232639,0.24072265625,1893.79858398438
"3885",-27.625,-54.0625,175.091259765625,0.33251953125,1867.03784179688
"3886",-27.625,-53.9375,43.8063858695652,0.015625,327.84912109375
"3887",-27.625,-53.8125,75.0646623883929,0.04638671875,318.6044921875
"3888",-27.625,-53.6875,42.8316681690705,0.08837890625,582.197265625
"3889",-27.625,-53.5625,59.9403512137277,0.06982421875,581.29931640625
"3890",-27.625,-53.4375,61.1035766601562,0.001953125,698.08837890625
"3891",-27.625,-53.3125,18.3606700067935,0.0673828125,171.98291015625
"3892",-27.625,-53.1875,24.4478105185688,0.0908203125,292.2060546875
"3893",-27.625,-53.0625,60.938447265625,0.00439453125,709.235595703125
"3894",-27.625,-52.9375,326.402163856908,0.41357421875,4308.080078125
"3895",-27.625,-52.8125,79.2243552011986,0.013671875,4275.876953125
"3896",-27.625,-52.6875,16.6038905552455,0.0751953125,95.958984375
"3897",-27.625,-52.5625,176.464667217548,0.1240234375,4249.38671875
"3898",-27.625,-52.4375,577.10649504485,0.0751953125,4254.431640625
"3899",-27.625,-52.3125,581.220217973758,0.12744140625,4310.541015625
"3900",-27.625,-52.1875,44.057274661847,0.58740234375,784.859130859375
"3901",-27.625,-52.0625,30.3697246476716,0.11279296875,147.0673828125
"3902",-27.625,-51.9375,29.6778603001645,0.0166015625,708.471435546875
"3903",-27.625,-51.8125,28.3833267536569,0.01513671875,148.2412109375
"3904",-27.625,-51.6875,32.5480795806309,0.08447265625,676.772216796875
"3905",-27.625,-51.5625,28.8198131214489,0.11474609375,640.93994140625
"3906",-27.625,-51.4375,28.7240451388889,0.20556640625,187.744140625
"3907",-27.625,-51.3125,100.5427831014,1.4501953125,4339.8701171875
"3908",-27.625,-51.1875,139.560400390625,2.7021484375,4334.33935546875
"3909",-27.625,-51.0625,97.8783949908088,1.2333984375,3181.76049804688
"3910",-27.625,-50.9375,60.7856223366477,4.66650390625,3200.79248046875
"3911",-27.625,-50.8125,16.3738895539315,1.5556640625,79.10302734375
"3912",-27.625,-50.6875,10.85595703125,0.916015625,54.24658203125
"3913",-27.625,-50.5625,37.4166796875,1.24072265625,548.56640625
"3914",-27.625,-50.4375,163.071708984375,0.0009765625,3337.44702148438
"3915",-27.625,-50.3125,28.0089965820313,1.58349609375,117.675537109375
"3916",-27.625,-50.1875,28.7379499162946,2.50634765625,109.64208984375
"3917",-27.625,-50.0625,39.3994140625,0,81.39501953125
"3918",-27.375,-57.3125,18.4033203125,18.4033203125,18.4033203125
"3919",-27.375,-57.1875,19.4252115885417,17.96728515625,20.34716796875
"3920",-27.375,-55.9375,14.252197265625,10.2532958984375,17.2646484375
"3921",-27.375,-55.8125,61.8115539550781,3.48486328125,115.812377929688
"3922",-27.375,-55.6875,40.9104766845703,0.4781494140625,96.6861572265625
"3923",-27.375,-55.5625,10.9838053385417,0.04931640625,17.508544921875
"3924",-27.375,-55.4375,0.0810546875,0.02880859375,0.12890625
"3925",-27.375,-55.3125,197.641520182292,0.1953125,1077.7939453125
"3926",-27.375,-55.1875,145.145751953125,0.02490234375,994.11279296875
"3927",-27.375,-55.0625,1904.12508138021,0.30908203125,4833.509765625
"3928",-27.375,-54.9375,4069.31305563039,43.37890625,4975.216796875
"3929",-27.375,-54.8125,3252.31455078125,335.73046875,4985.0498046875
"3930",-27.375,-54.5625,8.2353515625,8.2353515625,8.2353515625
"3931",-27.375,-54.4375,23.2918701171875,4.248046875,59.80224609375
"3932",-27.375,-54.3125,184.279672475962,0.640625,1897.04541015625
"3933",-27.375,-54.1875,69.1573893229167,0.00439453125,341.59423828125
"3934",-27.375,-54.0625,65.6342022235577,0.00732421875,363.4736328125
"3935",-27.375,-53.9375,67.2454331341912,0.02099609375,359.9306640625
"3936",-27.375,-53.8125,50.8141377766927,0.0048828125,608.484375
"3937",-27.375,-53.6875,22.5115737915039,0.0283203125,249.01416015625
"3938",-27.375,-53.5625,39.7396912866709,0.0517578125,739.449462890625
"3939",-27.375,-53.4375,29.5889679439484,0.03515625,512.34912109375
"3940",-27.375,-53.3125,46.6263365664725,0.01708984375,603.769775390625
"3941",-27.375,-53.1875,37.6529421338848,0.02685546875,642.703369140625
"3942",-27.375,-53.0625,25.2031670932112,0.0556640625,216.9580078125
"3943",-27.375,-52.9375,35.5087169300426,0.5673828125,523.530029296875
"3944",-27.375,-52.8125,23.187744140625,0.00390625,236.7822265625
"3945",-27.375,-52.6875,20.1372244698661,0.09765625,88.951171875
"3946",-27.375,-52.5625,43.423583984375,0.46044921875,701.570556640625
"3947",-27.375,-52.4375,31.0263148716518,0.00830078125,708.96337890625
"3948",-27.375,-52.3125,36.0353709253772,0.04150390625,732.067138671875
"3949",-27.375,-52.1875,26.1234010130494,0.32861328125,152.90380859375
"3950",-27.375,-52.0625,29.2298561789773,0.0927734375,733.0146484375
"3951",-27.375,-51.9375,27.418956043956,0.0537109375,828.19091796875
"3952",-27.375,-51.8125,35.9409573462702,0.1376953125,854.438720703125
"3953",-27.375,-51.6875,23.3157387262658,0.11376953125,252.0888671875
"3954",-27.375,-51.5625,32.1857662925237,0.20849609375,406.101318359375
"3955",-27.375,-51.4375,29.9694173177083,0.58447265625,264.85302734375
"3956",-27.375,-51.3125,26.3480187618371,2.39013671875,188.8544921875
"3957",-27.375,-51.1875,28.7061094086746,0.9287109375,203.25146484375
"3958",-27.375,-51.0625,38.516107603561,0.611083984375,778.202392578125
"3959",-27.375,-50.9375,626.900463867187,5.29833984375,3293.66064453125
"3960",-27.375,-50.8125,357.64755859375,4.527587890625,3363.47412109375
"3961",-27.375,-50.6875,138.028031589674,1.89892578125,1993.50561523438
"3962",-27.375,-50.5625,119.293017578125,0.09228515625,2064.701171875
"3963",-27.375,-50.4375,1264.13236999512,0.01220703125,4907.96337890625
"3964",-27.375,-50.3125,94.361328125,12.61474609375,365.970703125
"3965",-27.375,-50.1875,31.1043765419408,7.42431640625,132.015625
"3966",-27.375,-50.0625,108.644205729167,65.27783203125,135.228271484375
"3967",-27.125,-56.0625,60.9567993164063,0.0382080078125,127.474853515625
"3968",-27.125,-55.9375,85.7446986607143,1.0615234375,119.671752929688
"3969",-27.125,-55.8125,21.4014892578125,0.224609375,114.347412109375
"3970",-27.125,-55.6875,4.9786376953125,4.9786376953125,4.9786376953125
"3971",-27.125,-55.5625,11.8501953125,0.00390625,58.89306640625
"3972",-27.125,-55.4375,8.5069580078125,0.06982421875,30.07470703125
"3973",-27.125,-55.3125,1229.26876395089,0.0498046875,4194.5546875
"3974",-27.125,-55.1875,314.339754971591,0.02880859375,1311.19189453125
"3975",-27.125,-55.0625,17.15673828125,17.15673828125,17.15673828125
"3976",-27.125,-54.9375,108.228271484375,0.734375,274.57958984375
"3977",-27.125,-54.8125,2858.7724609375,1070.73974609375,4646.80517578125
"3978",-27.125,-54.6875,1486.64827473958,25.193359375,4196.384765625
"3979",-27.125,-54.5625,931.198621961805,0.013671875,4728.298828125
"3980",-27.125,-54.4375,57.3115234375,0.0546875,442.75048828125
"3981",-27.125,-54.3125,41.5130948153409,0.2490234375,95.56787109375
"3982",-27.125,-54.1875,50.9756266276042,0.04248046875,327.45947265625
"3983",-27.125,-54.0625,35.2835518973214,0.2626953125,274.60595703125
"3984",-27.125,-53.9375,27.7892608642578,0.07177734375,125.10546875
"3985",-27.125,-53.8125,34.6190467247596,0.2158203125,602.720703125
"3986",-27.125,-53.6875,48.0039864155784,0.08056640625,738.080078125
"3987",-27.125,-53.5625,30.4387428977273,0.02734375,476.400390625
"3988",-27.125,-53.4375,20.0392693988347,0.056640625,224.068359375
"3989",-27.125,-53.3125,27.1768720910904,0.0341796875,305.01708984375
"3990",-27.125,-53.1875,40.1501089242788,0.26171875,462.223876953125
"3991",-27.125,-53.0625,22.6535928415698,0.3251953125,222.3408203125
"3992",-27.125,-52.9375,17.3168529753989,0.0625,105.02587890625
"3993",-27.125,-52.8125,21.2359988190407,0.03125,236.97119140625
"3994",-27.125,-52.6875,28.6753038194444,0.06298828125,156.8984375
"3995",-27.125,-52.5625,15.2234887295082,0.11669921875,101.509765625
"3996",-27.125,-52.4375,24.9922373246173,0.0703125,213.7900390625
"3997",-27.125,-52.3125,37.1779628655849,0.1201171875,737.129638671875
"3998",-27.125,-52.1875,29.0257840602518,0.04833984375,733.72412109375
"3999",-27.125,-52.0625,43.288306194803,0.98681640625,791.509033203125
"4000",-27.125,-51.9375,32.4716421274038,0.29638671875,229.1142578125
"4001",-27.125,-51.8125,27.1560295952691,0.078125,419.747314453125
"4002",-27.125,-51.6875,86.2914173753956,0.291015625,2072.96264648438
"4003",-27.125,-51.5625,137.867249503968,0.2939453125,2205.3408203125
"4004",-27.125,-51.4375,101.168895374645,1.22900390625,2213.94921875
"4005",-27.125,-51.3125,146.84740234375,0.705322265625,2209.16015625
"4006",-27.125,-51.1875,187.952284702035,2.534912109375,2256.57299804688
"4007",-27.125,-51.0625,533.694874298878,1.07275390625,3468.53662109375
"4008",-27.125,-50.9375,1039.20177815755,1.257080078125,3482.93920898438
"4009",-27.125,-50.8125,623.704805261949,3.6171875,3581.892578125
"4010",-27.125,-50.6875,248.257794744318,6.957763671875,3522.048828125
"4011",-27.125,-50.5625,288.425525753997,2.3876953125,3689.81176757812
"4012",-27.125,-50.4375,152.171365940824,7.65576171875,3927.9033203125
"4013",-27.125,-50.3125,98.1810208834135,11.1591796875,258.297119140625
"4014",-27.125,-50.1875,79.1928523137019,30.947509765625,182.36767578125
"4015",-27.125,-50.0625,43.990478515625,43.990478515625,43.990478515625
"4016",-26.875,-56.0625,100.25439453125,98.647705078125,101.861083984375
"4017",-26.875,-55.9375,4.227294921875,0.61865234375,9.61376953125
"4018",-26.875,-55.8125,3.8794921875,0.1669921875,7.69091796875
"4019",-26.875,-55.6875,0.181640625,0.03076171875,0.54736328125
"4020",-26.875,-55.5625,61.947265625,0.05419921875,185.638671875
"4021",-26.875,-55.4375,1293.45869140625,61.205078125,2758.05078125
"4022",-26.875,-55.3125,407.095436789773,6.39892578125,3585.7421875
"4023",-26.875,-55.1875,588.597259521484,51.7763671875,3935.86499023438
"4024",-26.875,-55.0625,153.045817057292,0.2177734375,483.14013671875
"4025",-26.875,-54.9375,73.3591918945312,16.513671875,220.66845703125
"4026",-26.875,-54.8125,1716.42883300781,375.5517578125,4959.8447265625
"4027",-26.875,-54.6875,4468.80233764648,934.13671875,4984.52978515625
"4028",-26.875,-54.5625,1540.13618977865,9.830078125,4181.060546875
"4029",-26.875,-54.4375,233.543212890625,11.54052734375,726.40625
"4030",-26.875,-54.3125,66.9991519325658,0.07177734375,325.814453125
"4031",-26.875,-54.1875,52.8282877604167,0.03271484375,325.1396484375
"4032",-26.875,-54.0625,43.1124441964286,0.10205078125,326.28759765625
"4033",-26.875,-53.9375,33.6559046303354,0.0458984375,612.9384765625
"4034",-26.875,-53.8125,24.2756666100543,0.0498046875,649.556640625
"4035",-26.875,-53.6875,22.9989050662879,0.021484375,89.314453125
"4036",-26.875,-53.5625,22.419189453125,0.13720703125,112.6396484375
"4037",-26.875,-53.4375,18.4303635817308,0.18994140625,104.6611328125
"4038",-26.875,-53.3125,16.966002221201,0.00244140625,235.0986328125
"4039",-26.875,-53.1875,30.0197541610054,0.28173828125,333.22509765625
"4040",-26.875,-53.0625,20.5975994731105,0.0732421875,347.4326171875
"4041",-26.875,-52.9375,30.9911405123197,0.69384765625,532.625732421875
"4042",-26.875,-52.8125,18.506201171875,0.0126953125,185.81005859375
"4043",-26.875,-52.6875,29.1759905133929,0.30322265625,442.34423828125
"4044",-26.875,-52.5625,30.397289134838,0.2529296875,168.8623046875
"4045",-26.875,-52.4375,21.8385127898185,0.11572265625,110.6064453125
"4046",-26.875,-52.3125,33.4575902966486,0.14404296875,401.06884765625
"4047",-26.875,-52.1875,29.1288579053218,0.09326171875,253.5146484375
"4048",-26.875,-52.0625,49.2438583374023,1.41015625,374.6982421875
"4049",-26.875,-51.9375,110.798371862193,0.85107421875,1993.3310546875
"4050",-26.875,-51.8125,135.928115844727,0.515625,2033.72875976562
"4051",-26.875,-51.6875,79.1124755859375,1.166748046875,473.507568359375
"4052",-26.875,-51.5625,40.4442983774038,1.293212890625,191.75
"4053",-26.875,-51.4375,53.92451171875,10.979736328125,208.371826171875
"4054",-26.875,-51.3125,36.9593912760417,4.48046875,125.66455078125
"4055",-26.875,-51.1875,40.4744059244792,16.068359375,99.4326171875
"4056",-26.875,-51.0625,146.032628676471,4.266357421875,910.58642578125
"4057",-26.875,-50.9375,33.0335908777574,9.289306640625,114.33251953125
"4058",-26.875,-50.8125,152.338720703125,7.681640625,2242.90747070312
"4059",-26.875,-50.6875,266.777258300781,6.712646484375,2392.5927734375
"4060",-26.875,-50.5625,627.37543045847,7.541748046875,2422.1474609375
"4061",-26.875,-50.4375,189.159912109375,7.91259765625,2386.5
"4062",-26.875,-50.3125,23.2368024553571,7.07373046875,141.331787109375
"4063",-26.875,-50.1875,52.189697265625,19.482421875,129.600830078125
"4064",-26.625,-55.9375,1.34437144886364,0.0087890625,5.658935546875
"4065",-26.625,-55.8125,325.358520507812,0.0478515625,2604.1962890625
"4066",-26.625,-55.6875,333.490966796875,0.00146484375,906.8037109375
"4067",-26.625,-55.5625,1629.63590494792,1007.0234375,2032.740234375
"4068",-26.625,-55.4375,360.287272135417,20.6083984375,879.02783203125
"4069",-26.625,-55.3125,26.7635498046875,0.0107421875,79.67578125
"4070",-26.625,-55.1875,0.122233072916667,0.09423828125,0.13818359375
"4071",-26.625,-55.0625,1107.93307059152,0.06494140625,4640.939453125
"4072",-26.625,-54.9375,130.421875,13.18310546875,315.65380859375
"4073",-26.625,-54.8125,3548.56819661458,671.23193359375,4987.4384765625
"4074",-26.625,-54.6875,80.526611328125,6.5595703125,154.49365234375
"4075",-26.625,-54.5625,253.774135044643,9.3525390625,859.40771484375
"4076",-26.625,-54.4375,289.660295758929,0.15771484375,1222.2724609375
"4077",-26.625,-54.3125,94.4836077008928,0.86181640625,319.7724609375
"4078",-26.625,-54.1875,50.9705636160714,0.67236328125,163.69873046875
"4079",-26.625,-54.0625,25.3101399739583,0.09765625,109.5458984375
"4080",-26.625,-53.9375,68.8647280092593,0.22802734375,644.80615234375
"4081",-26.625,-53.8125,52.9946758563702,0.4970703125,635.00634765625
"4082",-26.625,-53.6875,23.3263671875,0.05908203125,439.57568359375
"4083",-26.625,-53.5625,20.2472950768849,0.23681640625,107.1044921875
"4084",-26.625,-53.4375,16.4790387834821,0.166015625,137.87548828125
"4085",-26.625,-53.3125,19.5350086300872,0.30615234375,148.2802734375
"4086",-26.625,-53.1875,28.4117052801724,0.1279296875,303.408203125
"4087",-26.625,-53.0625,51.5311023800872,0.34033203125,392.650390625
"4088",-26.625,-52.9375,52.5562146775266,0.15673828125,429.078125
"4089",-26.625,-52.8125,38.3541808197464,1.03857421875,439.7119140625
"4090",-26.625,-52.6875,24.4862710531656,3.0263671875,109.56201171875
"4091",-26.625,-52.5625,45.6703297334559,0.7197265625,502.2373046875
"4092",-26.625,-52.4375,48.3270580150463,0.2890625,519.2060546875
"4093",-26.625,-52.3125,45.0536460876465,1.97705078125,585.4951171875
"4094",-26.625,-52.1875,41.540044875372,0.048583984375,746.2578125
"4095",-26.625,-52.0625,57.347578125,0.1171875,468.14501953125
"4096",-26.625,-51.9375,162.150416597407,4.65771484375,1978.4267578125
"4097",-26.625,-51.8125,82.8656805630388,0.429931640625,514.527587890625
"4098",-26.625,-51.6875,56.2098098028274,2.7734375,193.558837890625
"4099",-26.625,-51.5625,33.1568509615385,12.57275390625,105.540771484375
"4100",-26.625,-51.4375,23.9447157118056,13.524658203125,33.604736328125
"4101",-26.625,-51.3125,24.6892395019531,6.40478515625,69.65625
"4102",-26.625,-51.1875,62.8427269345238,2.09912109375,836.389892578125
"4103",-26.625,-51.0625,16.354736328125,5.939697265625,42.2509765625
"4104",-26.625,-50.9375,17.4955357142857,7.65869140625,38.5908203125
"4105",-26.625,-50.8125,23.001708984375,13.866455078125,36.621337890625
"4106",-26.625,-50.6875,39.5474853515625,13.839111328125,84.77587890625
"4107",-26.625,-50.5625,18.9267390324519,5.29443359375,41.031005859375
"4108",-26.625,-50.4375,17.7077073317308,3.78466796875,55.71533203125
"4109",-26.625,-50.3125,17.875415698902,3.071533203125,97.42236328125
"4110",-26.625,-50.1875,16.2448027639678,2.6787109375,45.119873046875
"4111",-26.625,-50.0625,35.6582554408482,0,153.611328125
"4112",-26.375,-56.5625,1.59287109375,0.29248046875,4.437255859375
"4113",-26.375,-56.0625,0.08154296875,0.08154296875,0.08154296875
"4114",-26.375,-55.9375,0.121138139204545,0.05078125,0.21630859375
"4115",-26.375,-55.8125,245.8021484375,0.02099609375,1117.32470703125
"4116",-26.375,-55.6875,430.5595703125,0.16064453125,911.59521484375
"4117",-26.375,-55.5625,982.773681640625,22.8017578125,4843.470703125
"4118",-26.375,-55.4375,548.729166666667,19.962890625,3223.10498046875
"4119",-26.375,-55.3125,176.794538225446,0.04248046875,663.1474609375
"4120",-26.375,-55.1875,1029.30521334135,0.05078125,4206.88134765625
"4121",-26.375,-55.0625,2879.25280761719,0.1953125,4949.38427734375
"4122",-26.375,-54.9375,3353.99560546875,3353.99560546875,3353.99560546875
"4123",-26.375,-54.8125,1327.41333007812,25.61962890625,3859.76733398438
"4124",-26.375,-54.6875,151.171549479167,16.88623046875,392.4140625
"4125",-26.375,-54.5625,271.434516059028,13.67724609375,575.7646484375
"4126",-26.375,-54.4375,287.625671386719,0.30224609375,1283.541015625
"4127",-26.375,-54.3125,71.1461356026786,0.2177734375,179.30810546875
"4128",-26.375,-54.1875,25.204296875,0.150390625,176.70068359375
"4129",-26.375,-54.0625,169.267469618056,1.1865234375,701.6142578125
"4130",-26.375,-53.9375,37.4397715692935,0.00439453125,335.88232421875
"4131",-26.375,-53.8125,59.2617986505682,0.083984375,577.7919921875
"4132",-26.375,-53.6875,22.2711338141026,0.08544921875,143.1533203125
"4133",-26.375,-53.5625,21.2907648859797,0.1826171875,153.85498046875
"4134",-26.375,-53.4375,18.5194227430556,0.01953125,148.48095703125
"4135",-26.375,-53.3125,38.9709937686012,0.013671875,451.28564453125
"4136",-26.375,-53.1875,24.8517354329427,0.51904296875,297.578125
"4137",-26.375,-53.0625,25.6991021455224,0.04638671875,383.98876953125
"4138",-26.375,-52.9375,20.27568359375,0.1689453125,225.85693359375
"4139",-26.375,-52.8125,33.87763671875,1.70458984375,452.33544921875
"4140",-26.375,-52.6875,44.2571316571303,0.25146484375,572.56494140625
"4141",-26.375,-52.5625,42.8362121582031,0.72412109375,499.117919921875
"4142",-26.375,-52.4375,33.1881190708705,0.22900390625,452.015625
"4143",-26.375,-52.3125,63.2302890993514,0.48095703125,552.45849609375
"4144",-26.375,-52.1875,57.3996100174753,0.823974609375,423.982421875
"4145",-26.375,-52.0625,247.758254278274,6.749267578125,2015.46081542969
"4146",-26.375,-51.9375,78.7985197368421,4.276611328125,523.367919921875
"4147",-26.375,-51.8125,49.2151692708333,5.58349609375,182.869384765625
"4148",-26.375,-51.6875,69.61044921875,8.322265625,189.759033203125
"4149",-26.375,-51.5625,63.976318359375,6.96044921875,194.156005859375
"4150",-26.375,-51.4375,48.640869140625,6.97314453125,202.948486328125
"4151",-26.375,-51.3125,64.6744907924107,29.799560546875,129.483642578125
"4152",-26.375,-51.1875,90.6171351841518,3.796875,806.50927734375
"4153",-26.375,-51.0625,24.7010009765625,3.342529296875,52.505859375
"4154",-26.375,-50.9375,30.7494506835938,11.034423828125,77.411865234375
"4155",-26.375,-50.8125,25.1132405598958,6.958251953125,57.4306640625
"4156",-26.375,-50.6875,23.9056396484375,7.336669921875,95.26025390625
"4157",-26.375,-50.5625,21.3458930121528,8.778076171875,49.913330078125
"4158",-26.375,-50.4375,29.4107491629464,10.915283203125,73.920166015625
"4159",-26.375,-50.3125,16.818115234375,7.431396484375,28.87744140625
"4160",-26.375,-50.1875,9.90580610795454,1.8720703125,20.35888671875
"4161",-26.375,-50.0625,9.47998374580537,0,93.470703125
"4162",-26.125,-56.6875,1.520751953125,1.520751953125,1.520751953125
"4163",-26.125,-56.5625,5.1560546875,1.07958984375,7.63037109375
"4164",-26.125,-56.4375,5.9219970703125,5.094482421875,6.74951171875
"4165",-26.125,-56.3125,1285.14453125,0.080078125,4999.6103515625
"4166",-26.125,-56.1875,195.016086154514,0.0166015625,1745.76391601562
"4167",-26.125,-56.0625,560.299547697368,0.0146484375,4946.50244140625
"4168",-26.125,-55.9375,4.95768229166667,0.037109375,33.365234375
"4169",-26.125,-55.8125,153.054565429688,44.69677734375,191.2158203125
"4170",-26.125,-55.6875,320.42412109375,36.98193359375,1025.494140625
"4171",-26.125,-55.5625,825.163302951389,21.8037109375,4373.12744140625
"4172",-26.125,-55.4375,1167.69451904297,60.765625,4936.955078125
"4173",-26.125,-55.3125,2070.49358575994,189.3359375,4759.79150390625
"4174",-26.125,-55.1875,3482.44079589844,256.529296875,4999.623046875
"4175",-26.125,-55.0625,4904.72816685268,4805.07666015625,4988.80712890625
"4176",-26.125,-54.9375,101.432698567708,2.0625,310.80908203125
"4177",-26.125,-54.8125,643.355360243056,0.861328125,4980.6943359375
"4178",-26.125,-54.6875,76.9024564302885,1.10791015625,245.453125
"4179",-26.125,-54.5625,105.456143465909,0.07763671875,581.759765625
"4180",-26.125,-54.4375,416.535725911458,0.3515625,1410.77514648438
"4181",-26.125,-54.3125,72.3250122070312,0.37890625,370.6962890625
"4182",-26.125,-54.1875,72.1708374023438,0.75341796875,388.61865234375
"4183",-26.125,-54.0625,222.10908203125,0.7197265625,695.7197265625
"4184",-26.125,-53.9375,43.9568536931818,0.1767578125,432.04345703125
"4185",-26.125,-53.8125,52.5598707932692,0.20068359375,454.35546875
"4186",-26.125,-53.6875,40.6023910984849,0.1455078125,564.75
"4187",-26.125,-53.5625,32.1796049735916,0.1337890625,550.1630859375
"4188",-26.125,-53.4375,25.5598821065512,0.01123046875,163.568359375
"4189",-26.125,-53.3125,27.5675170898438,0.04296875,233.76171875
"4190",-26.125,-53.1875,32.8790989925987,0.0615234375,313.09716796875
"4191",-26.125,-53.0625,46.149169921875,1.896484375,483.856689453125
"4192",-26.125,-52.9375,44.0521829539332,1.916015625,451.2509765625
"4193",-26.125,-52.8125,26.3980887276786,0.140625,327.6689453125
"4194",-26.125,-52.6875,62.9011761209239,0.08740234375,1846.72778320312
"4195",-26.125,-52.5625,27.4647235016325,1.2109375,113.5380859375
"4196",-26.125,-52.4375,60.3698830800514,7.82373046875,682.4072265625
"4197",-26.125,-52.3125,143.644074616609,6.572265625,2403.54907226562
"4198",-26.125,-52.1875,140.068843373081,6.342041015625,2336.74487304688
"4199",-26.125,-52.0625,95.419876901727,6.810791015625,2075.08984375
"4200",-26.125,-51.9375,78.31689453125,7.97509765625,564.8447265625
"4201",-26.125,-51.8125,56.8197370256696,9.100341796875,208.43603515625
"4202",-26.125,-51.6875,73.3200509207589,5.208984375,807.62548828125
"4203",-26.125,-51.5625,99.62421875,5.984619140625,777.543701171875
"4204",-26.125,-51.4375,84.67896484375,6.82177734375,744.016357421875
"4205",-26.125,-51.3125,131.053013392857,11.493896484375,790.013916015625
"4206",-26.125,-51.1875,57.1697443181818,7.737060546875,206.282470703125
"4207",-26.125,-51.0625,49.2301240808824,8.9130859375,212.255126953125
"4208",-26.125,-50.9375,66.5734220805921,9.1630859375,229.222412109375
"4209",-26.125,-50.8125,58.065418061756,8.274169921875,237.62841796875
"4210",-26.125,-50.6875,40.8846842447917,7.0380859375,241.80615234375
"4211",-26.125,-50.5625,52.93798828125,28.928955078125,75.217041015625
"4212",-26.125,-50.4375,22.5791625976562,10.378662109375,33.163818359375
"4213",-26.125,-50.3125,31.21826171875,15.61181640625,62.43115234375
"4214",-26.125,-50.0625,5.51966050091912,0,67.8271484375
"4215",-25.875,-56.8125,4.2435302734375,3.10302734375,5.384033203125
"4216",-25.875,-56.6875,2.26922607421875,0.521240234375,6.30224609375
"4217",-25.875,-56.4375,0.583565848214286,0.0380859375,2.9580078125
"4218",-25.875,-56.3125,57.3856201171875,0.0029296875,458.31591796875
"4219",-25.875,-56.1875,358.577087402344,0.0419921875,2348.9794921875
"4220",-25.875,-56.0625,0.103895399305556,0.05712890625,0.24072265625
"4221",-25.875,-55.9375,227.377983940972,0.068359375,1104.99560546875
"4222",-25.875,-55.8125,446.988484700521,1.19140625,2125.6142578125
"4223",-25.875,-55.6875,1778.03726196289,25.26123046875,4776.1337890625
"4224",-25.875,-55.5625,1394.67643599077,313.73681640625,4056.69897460938
"4225",-25.875,-55.4375,1506.7073296441,243.2392578125,4833.23486328125
"4226",-25.875,-55.3125,4146.3767578125,608.87353515625,4999.2470703125
"4227",-25.875,-55.1875,1813.81223707933,23.61181640625,4971.919921875
"4228",-25.875,-55.0625,40.9167131696429,2.20068359375,180.70947265625
"4229",-25.875,-54.9375,72.423046875,0.36572265625,246.78662109375
"4230",-25.875,-54.8125,51.2332356770833,0.02490234375,294.63330078125
"4231",-25.875,-54.6875,62.89541015625,0.2705078125,171.01318359375
"4232",-25.875,-54.5625,12.1565212673611,0.486328125,51.34326171875
"4233",-25.875,-54.4375,705.357266512784,1.81787109375,1447.46459960938
"4234",-25.875,-54.3125,107.374572753906,2.17138671875,652.01611328125
"4235",-25.875,-54.1875,133.105656550481,0.650390625,668.59765625
"4236",-25.875,-54.0625,112.539738581731,0.17919921875,692.36767578125
"4237",-25.875,-53.9375,91.6181383634868,0.25927734375,690.37451171875
"4238",-25.875,-53.8125,99.8031529017857,0.04443359375,529.8486328125
"4239",-25.875,-53.6875,30.8256548713235,0.0390625,316.16748046875
"4240",-25.875,-53.5625,20.7567163584184,0.23681640625,168.37744140625
"4241",-25.875,-53.4375,38.01943359375,0.02685546875,567.25927734375
"4242",-25.875,-53.3125,49.8178453947368,0.01513671875,630.90185546875
"4243",-25.875,-53.1875,37.003165108817,0.14306640625,685.951904296875
"4244",-25.875,-53.0625,69.1929547035531,0.18896484375,779.0439453125
"4245",-25.875,-52.9375,56.8916829427083,1.8427734375,945.432861328125
"4246",-25.875,-52.8125,56.3106590477196,0.96337890625,1000.240234375
"4247",-25.875,-52.6875,155.918216235017,2.1181640625,1926.10205078125
"4248",-25.875,-52.5625,122.368364177766,2.1611328125,2039.58862304688
"4249",-25.875,-52.4375,111.656357020548,1.454833984375,2275.65478515625
"4250",-25.875,-52.3125,35.093662109375,6.760498046875,218.4287109375
"4251",-25.875,-52.1875,66.6342128537736,11.325927734375,354.535400390625
"4252",-25.875,-52.0625,45.9649695194129,13.54638671875,159.1884765625
"4253",-25.875,-51.9375,105.53466796875,7.8154296875,794.675659179688
"4254",-25.875,-51.8125,184.035190836589,5.899658203125,1068.97644042969
"4255",-25.875,-51.6875,74.8335510253906,5.673828125,849.37939453125
"4256",-25.875,-51.5625,61.6792782054228,7.025390625,187.58056640625
"4257",-25.875,-51.4375,82.624340160473,7.215087890625,219.8251953125
"4258",-25.875,-51.3125,58.8619232177734,6.978759765625,205.446044921875
"4259",-25.875,-51.1875,49.5007934570312,4.415771484375,206.171142578125
"4260",-25.875,-51.0625,54.5122680664062,4.130126953125,206.612060546875
"4261",-25.875,-50.9375,58.1425577799479,7.470458984375,214.80810546875
"4262",-25.875,-50.8125,58.3704796993371,9.848876953125,220.2099609375
"4263",-25.875,-50.6875,72.3642859825721,9.562255859375,240.32373046875
"4264",-25.875,-50.5625,53.0119547526042,6.28515625,242.551025390625
"4265",-25.875,-50.4375,33.3896891276042,1.48193359375,100.84423828125
"4266",-25.875,-50.3125,53.0495827414773,2.06201171875,87.611328125
"4267",-25.625,-56.9375,7.8148193359375,7.779541015625,7.85009765625
"4268",-25.625,-56.6875,0.44921875,0.44921875,0.44921875
"4269",-25.625,-56.5625,0.10107421875,0.0302734375,0.17529296875
"4270",-25.625,-56.4375,0.103108723958333,0.00732421875,0.2197265625
"4271",-25.625,-56.3125,1010.14514160156,372.3203125,2250.154296875
"4272",-25.625,-56.1875,101.591796875,15.42822265625,359.67236328125
"4273",-25.625,-56.0625,26.8763253348214,0.1259765625,139.859375
"4274",-25.625,-55.9375,751.5107421875,751.5107421875,751.5107421875
"4275",-25.625,-55.8125,1316.34122721354,42.51416015625,4144.765625
"4276",-25.625,-55.6875,2236.08933105469,32.56982421875,4144.6552734375
"4277",-25.625,-55.5625,2905.07140299479,94.248046875,4976.4384765625
"4278",-25.625,-55.4375,3957.56015353733,833.07958984375,4987.6767578125
"4279",-25.625,-55.3125,3130.82169596354,1626.9375,4874.458984375
"4280",-25.625,-55.1875,337.408060709635,0.30419921875,2507.73754882812
"4281",-25.625,-55.0625,40.48095703125,0.3798828125,237.02734375
"4282",-25.625,-54.9375,8.88623046875,0.09765625,23.17919921875
"4283",-25.625,-54.8125,60.6922084263393,0.623046875,346.8935546875
"4284",-25.625,-54.6875,45.6146709735577,0.8017578125,264.93603515625
"4285",-25.625,-54.5625,60.2975135216346,1.2861328125,380.814453125
"4286",-25.625,-54.4375,172.544095552885,0.6611328125,1244.08740234375
"4287",-25.625,-54.3125,247.090319824219,0.02490234375,1192.25244140625
"4288",-25.625,-54.1875,30.1829618566176,0.0283203125,389.39599609375
"4289",-25.625,-54.0625,14.449451264881,0.25732421875,123.34521484375
"4290",-25.625,-53.9375,58.1127415707237,0.7021484375,718.76953125
"4291",-25.625,-53.8125,109.545471191406,0.06298828125,724.65283203125
"4292",-25.625,-53.6875,73.6108165922619,0.29931640625,759.623046875
"4293",-25.625,-53.5625,32.5696910511364,0.22412109375,274.337890625
"4294",-25.625,-53.4375,27.9083579458841,0.0166015625,197.23193359375
"4295",-25.625,-53.3125,27.2201052295918,0.03173828125,189.27392578125
"4296",-25.625,-53.1875,17.3087105129076,0.4375,94.30126953125
"4297",-25.625,-53.0625,25.018960053066,0.17138671875,381.9560546875
"4298",-25.625,-52.9375,37.9279349190848,0.412109375,446.35107421875
"4299",-25.625,-52.8125,35.2757393973214,0.00830078125,484.490234375
"4300",-25.625,-52.6875,52.8158331976997,0.416748046875,970.507080078125
"4301",-25.625,-52.5625,72.3994638871173,2.12158203125,1121.69995117188
"4302",-25.625,-52.4375,56.2467362253289,1.33935546875,788.091064453125
"4303",-25.625,-52.3125,29.9036918308424,3.6279296875,337.302001953125
"4304",-25.625,-52.1875,50.953759765625,4.59521484375,287.2373046875
"4305",-25.625,-52.0625,123.681593153212,8.9794921875,817.134643554688
"4306",-25.625,-51.9375,164.566256009615,5.94775390625,1111.45263671875
"4307",-25.625,-51.8125,145.483550402583,10.720947265625,697.606079101562
"4308",-25.625,-51.6875,52.9758734809028,8.078125,199.876953125
"4309",-25.625,-51.5625,42.1888192983774,2.422119140625,175.5185546875
"4310",-25.625,-51.4375,35.2496316474781,5.757568359375,153.722412109375
"4311",-25.625,-51.3125,42.3725417564655,12.814208984375,65.397216796875
"4312",-25.625,-51.1875,68.1919414813702,8.487060546875,245.118041992188
"4313",-25.625,-51.0625,50.7021317915483,0.0234375,219.178344726562
"4314",-25.625,-50.9375,45.3024669828869,2.75048828125,108.533935546875
"4315",-25.625,-50.8125,53.1192124310662,4.658935546875,246.912109375
"4316",-25.625,-50.6875,103.754108297414,4.849853515625,242.2021484375
"4317",-25.625,-50.5625,76.1356119791667,8.977294921875,247.11474609375
"4318",-25.625,-50.4375,38.115869140625,6.1728515625,93.99365234375
"4319",-25.625,-50.3125,51.31982421875,1.22119140625,97.21435546875
"4320",-25.625,-50.1875,17.388916015625,17.388916015625,17.388916015625
"4321",-25.375,-60.4375,419.85107421875,101.9462890625,737.755859375
"4322",-25.375,-57.1875,3.80712890625,3.80712890625,3.80712890625
"4323",-25.375,-57.0625,6.59187825520833,5.528076171875,7.87939453125
"4324",-25.375,-56.9375,2.44189453125,2.44189453125,2.44189453125
"4325",-25.375,-56.8125,0.16162109375,0.16162109375,0.16162109375
"4326",-25.375,-56.6875,568.286551339286,0.068359375,3977.296875
"4327",-25.375,-56.5625,680.57666015625,0.126953125,4290.826171875
"4328",-25.375,-56.4375,0.10546875,0.01416015625,0.21533203125
"4329",-25.375,-56.1875,17.4746636284722,0.03857421875,60.701171875
"4330",-25.375,-56.0625,34.588623046875,29.36474609375,39.8125
"4331",-25.375,-55.9375,558.522391183036,22.59033203125,1981.41845703125
"4332",-25.375,-55.6875,3180.93113606771,441.49609375,4875.998046875
"4333",-25.375,-55.5625,2725.86828613281,526.50927734375,4997.55126953125
"4334",-25.375,-55.4375,147.439453125,147.439453125,147.439453125
"4335",-25.375,-55.3125,214.850306919643,1.85986328125,482.1962890625
"4336",-25.375,-55.1875,50.8656819661458,6.26416015625,156.283203125
"4337",-25.375,-55.0625,120.389099121094,0.203125,430.94580078125
"4338",-25.375,-54.9375,14.5022911658654,0.09423828125,60.80615234375
"4339",-25.375,-54.8125,8.19105747767857,0.78515625,20.2373046875
"4340",-25.375,-54.6875,141.819380326705,0.67822265625,659.1162109375
"4341",-25.375,-54.5625,88.2244262695312,0.00634765625,661.5341796875
"4342",-25.375,-54.4375,58.4349365234375,0.12353515625,649.626220703125
"4343",-25.375,-54.3125,111.009130859375,0.00732421875,776.17822265625
"4344",-25.375,-54.1875,339.069111328125,0.33544921875,1181.44458007812
"4345",-25.375,-54.0625,141.80736328125,0.02587890625,845.878173828125
"4346",-25.375,-53.9375,133.69374593099,0.220703125,900.93359375
"4347",-25.375,-53.8125,71.3639684606482,0.21923828125,907.62744140625
"4348",-25.375,-53.6875,46.3108303931452,0.07177734375,192.12109375
"4349",-25.375,-53.5625,22.63427734375,0.14794921875,162.2080078125
"4350",-25.375,-53.4375,55.0194549560547,0.0361328125,211.7666015625
"4351",-25.375,-53.3125,35.8625793457031,0.625,193.8759765625
"4352",-25.375,-53.1875,26.5960330447635,0.6572265625,82.51416015625
"4353",-25.375,-53.0625,35.3201633029514,0.74462890625,406.19677734375
"4354",-25.375,-52.9375,75.0079370615434,0.66552734375,1328.0107421875
"4355",-25.375,-52.8125,120.33343146829,0.029296875,1417.84155273438
"4356",-25.375,-52.6875,75.5624329283997,0.22314453125,1618.78662109375
"4357",-25.375,-52.5625,99.5355224609375,0.021484375,3554.0791015625
"4358",-25.375,-52.4375,78.628505859375,0.0048828125,1144.60522460938
"4359",-25.375,-52.3125,32.2661580403646,0.060546875,328.1259765625
"4360",-25.375,-52.1875,34.1621646521226,0.685546875,211.533935546875
"4361",-25.375,-52.0625,52.6717703683036,0.2021484375,507.616943359375
"4362",-25.375,-51.9375,39.442138671875,6.274169921875,302.988525390625
"4363",-25.375,-51.8125,124.757042518029,5.394287109375,688.54541015625
"4364",-25.375,-51.6875,55.6633043791118,5.6611328125,456.78369140625
"4365",-25.375,-51.5625,78.0216820126488,2.710693359375,523.237060546875
"4366",-25.375,-51.4375,310.779064360119,12.88720703125,2251.51806640625
"4367",-25.375,-51.3125,56.9826965332031,9.5341796875,221.505615234375
"4368",-25.375,-51.1875,43.5480061848958,10.2451171875,81.02490234375
"4369",-25.375,-51.0625,64.3062528722427,19.28125,208.381103515625
"4370",-25.375,-50.9375,101.990409655449,9.5263671875,222.424072265625
"4371",-25.375,-50.8125,72.0872929014009,5.392578125,235.958740234375
"4372",-25.375,-50.6875,37.9514878216912,0.13525390625,89.189208984375
"4373",-25.375,-50.5625,48.9087352263622,2.02197265625,181.12255859375
"4374",-25.375,-50.4375,26.3854370117188,3.95849609375,105.656494140625
"4375",-25.375,-50.3125,31.7236328125,3.7646484375,107.596923828125
"4376",-25.375,-50.1875,11.47119140625,11.47119140625,11.47119140625
"4377",-25.375,-50.0625,2.01883370535714,0,13.7001953125
"4378",-25.125,-60.3125,1228.74182128906,755.7529296875,1701.73071289062
"4379",-25.125,-60.1875,190.18896484375,190.18896484375,190.18896484375
"4380",-25.125,-57.1875,0.993001302083333,0.6337890625,1.597412109375
"4381",-25.125,-56.8125,0.044921875,0.044921875,0.044921875
"4382",-25.125,-56.5625,0.03466796875,0.03466796875,0.03466796875
"4383",-25.125,-56.4375,0.22021484375,0.22021484375,0.22021484375
"4384",-25.125,-56.3125,97.9666573660714,0.04443359375,571.12939453125
"4385",-25.125,-56.1875,392.35751953125,17.4189453125,1598.4345703125
"4386",-25.125,-56.0625,111.60595703125,25.669921875,272.3369140625
"4387",-25.125,-55.9375,1537.56135441707,112.93310546875,4242.7451171875
"4388",-25.125,-55.8125,3265.39930308949,535.35107421875,4942.57958984375
"4389",-25.125,-55.6875,4503.89804974724,2689.55346679688,4959.1044921875
"4390",-25.125,-55.5625,3559.96826171875,3559.96826171875,3559.96826171875
"4391",-25.125,-55.4375,279.984741210938,0.25341796875,1079.24755859375
"4392",-25.125,-55.3125,14.485107421875,9.7138671875,19.25634765625
"4393",-25.125,-55.1875,43.1152954101562,0.19873046875,147.5615234375
"4394",-25.125,-55.0625,62.4414469401042,1.19482421875,179.5
"4395",-25.125,-54.9375,67.0267159598214,2.00537109375,447.658203125
"4396",-25.125,-54.8125,28.3592529296875,0.76025390625,165.79296875
"4397",-25.125,-54.6875,52.5293884277344,0.01416015625,650.87109375
"4398",-25.125,-54.5625,63.2626065340909,0.01123046875,632.3486328125
"4399",-25.125,-54.4375,64.7389573317308,0.02392578125,644.151123046875
"4400",-25.125,-54.3125,19.0649671052632,0.0107421875,61.38037109375
"4401",-25.125,-54.1875,141.750818589154,0.08837890625,780.6767578125
"4402",-25.125,-54.0625,186.219211887669,0.00146484375,1176.1240234375
"4403",-25.125,-53.9375,82.826042175293,0.60400390625,1157.39233398438
"4404",-25.125,-53.8125,125.002257055166,0.03369140625,1132.86279296875
"4405",-25.125,-53.6875,56.550995617378,0.08203125,1153.09619140625
"4406",-25.125,-53.5625,89.0525716145833,0.0498046875,1221.22216796875
"4407",-25.125,-53.4375,113.609596946023,0.0732421875,1279.98803710938
"4408",-25.125,-53.3125,65.119140625,0.05712890625,994.322509765625
"4409",-25.125,-53.1875,55.5308580900493,0.4970703125,927.98974609375
"4410",-25.125,-53.0625,80.544438680013,0.0546875,925.239990234375
"4411",-25.125,-52.9375,257.447320235403,0.0498046875,2465.88427734375
"4412",-25.125,-52.8125,353.149334395559,0.0048828125,4357.97314453125
"4413",-25.125,-52.6875,140.901476913624,0.0205078125,3952.24267578125
"4414",-25.125,-52.5625,422.309631347656,0.00048828125,4013.22143554688
"4415",-25.125,-52.4375,690.548675537109,0.021484375,4422.021484375
"4416",-25.125,-52.3125,98.508126795977,1.39404296875,2802.927734375
"4417",-25.125,-52.1875,51.7219273158482,0.12841796875,388.784423828125
"4418",-25.125,-52.0625,46.7523662860577,1.1142578125,453.730224609375
"4419",-25.125,-51.9375,75.9188741048177,4.7373046875,723.304443359375
"4420",-25.125,-51.8125,96.4136881510417,3.6796875,716.798095703125
"4421",-25.125,-51.6875,209.222048040022,3.221923828125,2152.80615234375
"4422",-25.125,-51.5625,264.691395152699,2.862548828125,2262.68115234375
"4423",-25.125,-51.4375,127.75146484375,1.689697265625,542.28564453125
"4424",-25.125,-51.3125,64.720263671875,10.400634765625,282.195556640625
"4425",-25.125,-51.1875,82.2326337028952,13.094970703125,584.946655273438
"4426",-25.125,-51.0625,89.972900390625,9.016845703125,287.364990234375
"4427",-25.125,-50.9375,62.1028941761364,0.411376953125,242.53125
"4428",-25.125,-50.8125,63.7405639648438,0.4833984375,201.358642578125
"4429",-25.125,-50.6875,55.0963053385417,0.0439453125,184.98583984375
"4430",-25.125,-50.5625,49.7715494791667,0.1953125,186.33056640625
"4431",-25.125,-50.4375,45.5499203330592,0.099609375,119.73095703125
"4432",-25.125,-50.3125,21.1715262276786,1.28564453125,35.0537109375
"4433",-25.125,-50.1875,1.9423828125,1.1376953125,2.7470703125
"4434",-25.125,-50.0625,0.0626627604166667,0,0.18798828125
"4435",-24.875,-60.3125,1199.87744140625,1.2138671875,4787.7529296875
"4436",-24.875,-60.1875,1755.23974609375,156.51953125,4498.22412109375
"4437",-24.875,-57.3125,0.7723388671875,0.104736328125,1.43994140625
"4438",-24.875,-57.1875,4.00423177083333,1.8720703125,5.89404296875
"4439",-24.875,-57.0625,1.54638671875,1.54638671875,1.54638671875
"4440",-24.875,-56.9375,1473.45556640625,1473.45556640625,1473.45556640625
"4441",-24.875,-56.8125,0.00439453125,0.00439453125,0.00439453125
"4442",-24.875,-56.5625,0.0310872395833333,0.0068359375,0.04638671875
"4443",-24.875,-56.4375,167.49560546875,167.49560546875,167.49560546875
"4444",-24.875,-56.3125,232.305859375,0.1220703125,1742.6279296875
"4445",-24.875,-56.1875,487.425808376736,7.66259765625,3743.54125976562
"4446",-24.875,-56.0625,2734.06326729911,147.791015625,4747.5380859375
"4447",-24.875,-55.9375,3780.00037977431,626.4501953125,4849.8115234375
"4448",-24.875,-55.8125,4688.3169921875,4604.17529296875,4871.01904296875
"4449",-24.875,-55.5625,26.0478515625,26.0478515625,26.0478515625
"4450",-24.875,-55.4375,74.463623046875,8.716796875,144.388671875
"4451",-24.875,-55.3125,130.801478794643,6.158203125,155.8486328125
"4452",-24.875,-55.1875,43.5668131510417,10.2392578125,81.26220703125
"4453",-24.875,-55.0625,17.4047037760417,7.55517578125,21.89306640625
"4454",-24.875,-54.9375,31.4560546875,7.2705078125,182.5458984375
"4455",-24.875,-54.8125,77.1888689313616,0.0615234375,591.94091796875
"4456",-24.875,-54.6875,55.7353621773098,1.09716796875,606.4814453125
"4457",-24.875,-54.5625,59.2276204427083,0.55517578125,621.853515625
"4458",-24.875,-54.4375,61.521230844351,0.11376953125,644.11083984375
"4459",-24.875,-54.3125,51.0618977864583,0.2734375,632.470703125
"4460",-24.875,-54.1875,95.2647298177083,0.40185546875,629.463134765625
"4461",-24.875,-54.0625,18.3854869495739,0.01708984375,128.41796875
"4462",-24.875,-53.9375,24.6839978448276,0.1103515625,122.1318359375
"4463",-24.875,-53.8125,71.4666573660714,0.24169921875,931.135986328125
"4464",-24.875,-53.6875,50.5383683746936,0.150390625,693.109130859375
"4465",-24.875,-53.5625,41.1569198217147,0.64599609375,217.31982421875
"4466",-24.875,-53.4375,47.7722486413044,0.0107421875,253.14453125
"4467",-24.875,-53.3125,68.4315623157429,0.03564453125,1091.68823242188
"4468",-24.875,-53.1875,349.174991122159,0.151123046875,3781.87866210938
"4469",-24.875,-53.0625,479.711980950342,0.1240234375,3890.21459960938
"4470",-24.875,-52.9375,1000.21457856277,0.03125,4338.56640625
"4471",-24.875,-52.8125,984.068672839506,1.81298828125,4327.4736328125
"4472",-24.875,-52.6875,1210.62223084332,0.2119140625,4142.9697265625
"4473",-24.875,-52.5625,410.322603665865,1.077392578125,3798.18041992188
"4474",-24.875,-52.4375,123.607700482537,6.713623046875,774.45751953125
"4475",-24.875,-52.3125,253.935839240934,0.2314453125,3640.36083984375
"4476",-24.875,-52.1875,122.14531545928,0.05322265625,2121.05322265625
"4477",-24.875,-52.0625,155.861159446023,0.264404296875,2114.3515625
"4478",-24.875,-51.9375,174.302781846788,0.73876953125,2007.84948730469
"4479",-24.875,-51.8125,136.527239764178,2.720703125,1774.46801757812
"4480",-24.875,-51.6875,186.948296994579,0.1904296875,1954.7509765625
"4481",-24.875,-51.5625,39.5977093240489,2.457275390625,156.689208984375
"4482",-24.875,-51.4375,56.710595703125,1.67431640625,188.1982421875
"4483",-24.875,-51.3125,64.7843905362216,0.19091796875,415.199951171875
"4484",-24.875,-51.1875,36.2969563802083,0.3662109375,191.3408203125
"4485",-24.875,-51.0625,39.0466389973958,0.64892578125,408.418701171875
"4486",-24.875,-50.9375,54.8726928710938,2.087890625,327.25732421875
"4487",-24.875,-50.8125,34.7629141971983,0.197265625,318.64599609375
"4488",-24.875,-50.6875,41.656103515625,0.935546875,110.63671875
"4489",-24.875,-50.5625,69.7449079241071,12.572265625,162.83447265625
"4490",-24.875,-50.4375,38.0692693536932,1.111328125,103.618408203125
"4491",-24.875,-50.3125,33.7733154296875,10.60693359375,55.01416015625
"4492",-24.875,-50.1875,32.444091796875,4.9833984375,51.72119140625
"4493",-24.625,-60.3125,0.45615234375,0.04833984375,0.91455078125
"4494",-24.625,-59.8125,0.122721354166667,0.04736328125,0.220703125
"4495",-24.625,-57.6875,6.5732421875,6.5732421875,6.5732421875
"4496",-24.625,-57.5625,9.98649088541667,6.80810546875,13.23046875
"4497",-24.625,-57.3125,0.31884765625,0.00048828125,0.63720703125
"4498",-24.625,-57.1875,4.27783203125,0.06298828125,8.49267578125
"4499",-24.625,-57.0625,0.1298828125,0.041015625,0.23193359375
"4500",-24.625,-56.9375,0.0809326171875,0.01171875,0.18359375
"4501",-24.625,-56.8125,0.76708984375,0.02783203125,2.1474609375
"4502",-24.625,-56.6875,819.4072265625,3.28759765625,2821.0009765625
"4503",-24.625,-56.5625,73.517578125,0.162109375,221.83935546875
"4504",-24.625,-56.4375,103.621337890625,0.1513671875,245.96044921875
"4505",-24.625,-56.3125,192.44443359375,13.576171875,1120.0693359375
"4506",-24.625,-56.1875,2788.85942731585,785.5634765625,4959.84619140625
"4507",-24.625,-55.8125,137.3935546875,137.3935546875,137.3935546875
"4508",-24.625,-55.6875,149.56005859375,149.56005859375,149.56005859375
"4509",-24.625,-55.5625,43.6450737847222,26.11328125,134.3798828125
"4510",-24.625,-55.4375,7.44287109375,6.0712890625,8.814453125
"4511",-24.625,-55.1875,37.31591796875,37.31591796875,37.31591796875
"4512",-24.625,-55.0625,13.9828287760417,8.794921875,23.276611328125
"4513",-24.625,-54.9375,303.693176269531,10.21875,601.6982421875
"4514",-24.625,-54.8125,167.322957356771,0.32373046875,576.567138671875
"4515",-24.625,-54.6875,143.198594835069,12.435546875,613.65576171875
"4516",-24.625,-54.5625,133.221974690755,0.0302734375,625.71826171875
"4517",-24.625,-54.4375,99.2570434570313,0.591796875,619.516845703125
"4518",-24.625,-54.3125,174.56521484375,0.60009765625,638.324951171875
"4519",-24.625,-54.1875,18.6672634548611,0.5048828125,138.36279296875
"4520",-24.625,-54.0625,23.5378048058712,0.11572265625,180.54296875
"4521",-24.625,-53.9375,40.7526003815407,0.421875,195.20703125
"4522",-24.625,-53.8125,43.340087890625,0.06396484375,192.81201171875
"4523",-24.625,-53.6875,51.9021131727431,0.125,775.575927734375
"4524",-24.625,-53.5625,63.2447466169085,0.0126953125,727.438232421875
"4525",-24.625,-53.4375,136.432460687099,0.0908203125,1009.85131835938
"4526",-24.625,-53.3125,88.6265055338542,0.090087890625,989.80029296875
"4527",-24.625,-53.1875,612.442436523438,0.188232421875,3508.30444335938
"4528",-24.625,-53.0625,237.014729817708,3.033203125,1783.87634277344
"4529",-24.625,-52.9375,342.544374084473,2.197998046875,1985.27490234375
"4530",-24.625,-52.8125,158.097518678695,6.38818359375,1316.044921875
"4531",-24.625,-52.6875,596.602076796235,2.878662109375,3267.18969726562
"4532",-24.625,-52.5625,445.244257746516,9.137939453125,2723.25634765625
"4533",-24.625,-52.4375,141.605014295463,11.682861328125,1502.15209960938
"4534",-24.625,-52.3125,219.05234781901,3.14501953125,3708.19750976562
"4535",-24.625,-52.1875,89.5888859675481,1.3095703125,3716.44506835938
"4536",-24.625,-52.0625,108.260572160993,0.0478515625,3730.31176757812
"4537",-24.625,-51.9375,251.618378220943,0.1220703125,3862.30688476562
"4538",-24.625,-51.8125,227.279939977134,5.20263671875,3694.59765625
"4539",-24.625,-51.6875,43.8784521484375,2.7412109375,331.017822265625
"4540",-24.625,-51.5625,32.3052423650568,0.18115234375,337.78271484375
"4541",-24.625,-51.4375,37.4404168379934,0.67138671875,335.54052734375
"4542",-24.625,-51.3125,64.6589854847301,4.52783203125,415.603759765625
"4543",-24.625,-51.1875,33.6660946116728,1.4453125,141.194091796875
"4544",-24.625,-51.0625,34.8585788892663,2.1337890625,122.37255859375
"4545",-24.625,-50.9375,45.2094089673913,0.74560546875,123.93212890625
"4546",-24.625,-50.8125,33.6260463169643,5.0439453125,108.44384765625
"4547",-24.625,-50.6875,57.3187459309896,2.22021484375,324.250244140625
"4548",-24.625,-50.5625,115.308127663352,4.9189453125,320.60107421875
"4549",-24.625,-50.4375,110.435394287109,0.1015625,342.94384765625
"4550",-24.625,-50.3125,62.802978515625,1.01611328125,166.77783203125
"4551",-24.625,-50.1875,77.5348307291667,32.29443359375,160.03125
"4552",-24.625,-50.0625,0,0,0
"4553",-24.375,-60.1875,0.5880126953125,0.0126953125,2.13916015625
"4554",-24.375,-60.0625,0.177978515625,0.12158203125,0.234375
"4555",-24.375,-59.9375,0.08740234375,0.0625,0.1123046875
"4556",-24.375,-59.8125,0.0887044270833333,0.02294921875,0.162109375
"4557",-24.375,-59.6875,0.141682942708333,0.05419921875,0.228515625
"4558",-24.375,-59.5625,1352.484375,1352.484375,1352.484375
"4559",-24.375,-59.4375,0.10009765625,0.04833984375,0.13427734375
"4560",-24.375,-59.3125,1018.00998263889,0.0126953125,4643.68701171875
"4561",-24.375,-58.8125,1.71435546875,1.71435546875,1.71435546875
"4562",-24.375,-58.6875,5.207275390625,3.578125,6.83642578125
"4563",-24.375,-58.5625,13.24462890625,12.822265625,13.6669921875
"4564",-24.375,-57.9375,0.0859375,0.0859375,0.0859375
"4565",-24.375,-57.8125,368.33349609375,0.00341796875,736.66357421875
"4566",-24.375,-57.6875,0.551513671875,0.10546875,1.6884765625
"4567",-24.375,-57.5625,6.5810546875,0.07421875,17.16650390625
"4568",-24.375,-57.4375,0.211751302083333,0.18896484375,0.23095703125
"4569",-24.375,-57.3125,8.94140625,0.09716796875,44.009765625
"4570",-24.375,-57.1875,0.0885009765625,0.0009765625,0.2158203125
"4571",-24.375,-57.0625,76.978515625,71.3046875,88.326171875
"4572",-24.375,-56.9375,9.65341796875,0.060546875,23.23876953125
"4573",-24.375,-56.8125,75.7578938802083,1.00439453125,235.33447265625
"4574",-24.375,-56.6875,158.402166193182,0.4052734375,1114.26513671875
"4575",-24.375,-56.5625,631.8185546875,0.02197265625,2224.033203125
"4576",-24.375,-56.4375,2466.30681694878,0.0419921875,4999.3876953125
"4577",-24.375,-56.3125,2481.74954223633,32.24609375,4980.15283203125
"4578",-24.375,-55.8125,161.441162109375,161.441162109375,161.441162109375
"4579",-24.375,-55.6875,130.43310546875,35.32861328125,161.45703125
"4580",-24.375,-55.5625,132.69052734375,9.9365234375,173.55908203125
"4581",-24.375,-55.4375,31.9673200334821,15.45751953125,46.5126953125
"4582",-24.375,-55.3125,26.349853515625,11.34423828125,41.35546875
"4583",-24.375,-55.1875,10.930419921875,9.8984375,11.96240234375
"4584",-24.375,-55.0625,26.851953125,9.951171875,36.66796875
"4585",-24.375,-54.9375,320.563680013021,26.048583984375,618.160400390625
"4586",-24.375,-54.8125,101.814412434896,11.03466796875,165.89453125
"4587",-24.375,-54.6875,110.324137369792,0.61376953125,620.597412109375
"4588",-24.375,-54.5625,72.774247602983,1.51708984375,559.433837890625
"4589",-24.375,-54.4375,29.8364722842262,0.25390625,79.1640625
"4590",-24.375,-54.3125,22.81982421875,0.38037109375,73.78125
"4591",-24.375,-54.1875,29.2795206705729,0.23486328125,183.13525390625
"4592",-24.375,-54.0625,63.1559216729526,1.10888671875,772.791748046875
"4593",-24.375,-53.9375,85.4370502672697,0.48876953125,842.646240234375
"4594",-24.375,-53.8125,71.1592145647321,0.17236328125,856.0791015625
"4595",-24.375,-53.6875,127.139395084021,0.38134765625,875.6884765625
"4596",-24.375,-53.5625,79.7739457110969,0.6474609375,913.0224609375
"4597",-24.375,-53.4375,130.462497877038,0.2890625,943.697509765625
"4598",-24.375,-53.3125,59.7229242092226,0.158203125,312.43359375
"4599",-24.375,-53.1875,112.472528872283,1.0322265625,3471.798828125
"4600",-24.375,-53.0625,432.783225574713,0.019287109375,3464.11352539062
"4601",-24.375,-52.9375,139.018562825521,1.141357421875,1116.52124023438
"4602",-24.375,-52.8125,127.977317954009,1.3095703125,1092.12084960938
"4603",-24.375,-52.6875,106.010113215042,1.56640625,477.090087890625
"4604",-24.375,-52.5625,91.2186257102273,10.28173828125,337.790283203125
"4605",-24.375,-52.4375,129.45496447333,7.01806640625,1598.3876953125
"4606",-24.375,-52.3125,218.553915841239,7.118896484375,2990.87939453125
"4607",-24.375,-52.1875,373.367028438684,0.2763671875,3035.77905273438
"4608",-24.375,-52.0625,129.801936619718,0.345703125,3494.87841796875
"4609",-24.375,-51.9375,311.798568483383,0.23291015625,3586.66943359375
"4610",-24.375,-51.8125,41.5564030827703,0.580078125,196.9423828125
"4611",-24.375,-51.6875,41.2740652901786,0.23193359375,121.09130859375
"4612",-24.375,-51.5625,31.0341448102679,0.33740234375,91.97021484375
"4613",-24.375,-51.4375,27.8595726376488,0.11181640625,110.626953125
"4614",-24.375,-51.3125,49.934972692419,0.41650390625,400.845703125
"4615",-24.375,-51.1875,32.1953822544643,0.30908203125,293.041259765625
"4616",-24.375,-51.0625,37.1656901041667,0.2373046875,129.677734375
"4617",-24.375,-50.9375,42.4067615327381,3.26416015625,126.509765625
"4618",-24.375,-50.8125,41.5684136284722,10.20849609375,129.693359375
"4619",-24.375,-50.6875,18.8001302083333,12.458984375,23.79248046875
"4620",-24.375,-50.5625,17.0961216517857,2.9736328125,25.49169921875
"4621",-24.375,-50.4375,53.7520228794643,4.42529296875,333.8056640625
"4622",-24.375,-50.3125,68.7919224330357,12.52099609375,316.6015625
"4623",-24.375,-50.0625,69.88427734375,0,191.5078125
"4624",-24.125,-59.4375,325.97705078125,35.06787109375,616.88623046875
"4625",-24.125,-58.8125,955.14794921875,0.17529296875,2865.08544921875
"4626",-24.125,-58.5625,13.16796875,13.16796875,13.16796875
"4627",-24.125,-58.4375,13.390869140625,10.86083984375,16.17578125
"4628",-24.125,-58.3125,1.40224609375,0.41796875,2.91845703125
"4629",-24.125,-58.1875,233.661295572917,0.021484375,700.927734375
"4630",-24.125,-58.0625,1241.42736816406,0.00634765625,2482.84838867188
"4631",-24.125,-57.9375,21.2970703125,0.0498046875,105.95751953125
"4632",-24.125,-57.6875,1400.58972167969,41.47607421875,3639.22998046875
"4633",-24.125,-57.5625,29.89404296875,25.97509765625,33.81298828125
"4634",-24.125,-57.4375,14.895751953125,0.10009765625,28.744140625
"4635",-24.125,-57.3125,16.7473958333333,3.18408203125,36.79150390625
"4636",-24.125,-57.1875,1815.20955403646,0.10400390625,3685.79077148438
"4637",-24.125,-57.0625,1066.03154296875,1.0615234375,3835.8095703125
"4638",-24.125,-56.9375,765.750813802083,0.08837890625,3962.28662109375
"4639",-24.125,-56.8125,328.140536221591,0.02490234375,2851.529296875
"4640",-24.125,-56.6875,1557.3066628196,0.3486328125,4985.60498046875
"4641",-24.125,-56.5625,1930.94859730114,19.2919921875,4842.45458984375
"4642",-24.125,-56.4375,3588.43538411458,1092.0732421875,4870.31787109375
"4643",-24.125,-56.3125,264.9658203125,264.9658203125,264.9658203125
"4644",-24.125,-55.8125,41.1553955078125,40.46875,41.842041015625
"4645",-24.125,-55.6875,164.860595703125,164.860595703125,164.860595703125
"4646",-24.125,-55.4375,16.6444702148438,8.91357421875,24.822265625
"4647",-24.125,-55.1875,37.486083984375,37.145263671875,37.826904296875
"4648",-24.125,-55.0625,44.1429966517857,38.968505859375,48.771484375
"4649",-24.125,-54.9375,58.0676066080729,54.822265625,62.1064453125
"4650",-24.125,-54.8125,169.810888671875,0.37158203125,613.900390625
"4651",-24.125,-54.6875,196.545458984375,0.41455078125,629.43408203125
"4652",-24.125,-54.5625,24.9079711914063,0.03125,63.5732421875
"4653",-24.125,-54.4375,27.7658239293981,0.295166015625,214.40966796875
"4654",-24.125,-54.3125,28.7467094089674,1.63427734375,114.75048828125
"4655",-24.125,-54.1875,123.950894059806,0.93896484375,838.028076171875
"4656",-24.125,-54.0625,82.4793362087674,0.0703125,822.139404296875
"4657",-24.125,-53.9375,31.6521606445312,0.13134765625,133.03955078125
"4658",-24.125,-53.8125,54.3616943359375,0.01953125,287.76171875
"4659",-24.125,-53.6875,89.4406566954496,0.265625,914.189453125
"4660",-24.125,-53.5625,46.5476718478733,0.9619140625,766.9970703125
"4661",-24.125,-53.4375,80.1542583264803,0.93603515625,976.994873046875
"4662",-24.125,-53.3125,60.0827941894531,0.2841796875,923.54443359375
"4663",-24.125,-53.1875,42.0744222005208,0.2373046875,308.29150390625
"4664",-24.125,-53.0625,76.4677984064276,1.09619140625,2600.4541015625
"4665",-24.125,-52.9375,427.415904998779,0.007080078125,3436.69995117188
"4666",-24.125,-52.8125,193.450515220905,4.076416015625,1312.27807617188
"4667",-24.125,-52.6875,221.128479888474,11.0546875,1311.08276367188
"4668",-24.125,-52.5625,165.40258026123,16.1162109375,1364.56860351562
"4669",-24.125,-52.4375,184.203204238624,10.71875,1384.06689453125
"4670",-24.125,-52.3125,274.25340455443,2.399658203125,3026.46362304688
"4671",-24.125,-52.1875,151.252106168377,0.138671875,3595.22290039062
"4672",-24.125,-52.0625,226.459303332913,0.07568359375,3628.88745117188
"4673",-24.125,-51.9375,40.656455078125,0.0146484375,184.888671875
"4674",-24.125,-51.8125,53.9692639802632,0.4404296875,180.48974609375
"4675",-24.125,-51.6875,63.2870675223214,0.13232421875,181.13720703125
"4676",-24.125,-51.5625,44.9264787946429,0.10791015625,115.59326171875
"4677",-24.125,-51.4375,48.4157762714461,5.2119140625,161.177734375
"4678",-24.125,-51.3125,38.4236065899884,0.0048828125,345.599853515625
"4679",-24.125,-51.1875,50.4994981553819,0.7236328125,276.20849609375
"4680",-24.125,-51.0625,28.43798828125,0.25439453125,126.87841796875
"4681",-24.125,-50.9375,51.2308837890625,1.69677734375,131.8017578125
"4682",-24.125,-50.8125,25.2361755371094,5.3916015625,47.36865234375
"4683",-24.125,-50.6875,49.1860961914062,5.72998046875,136.927734375
"4684",-24.125,-50.5625,39.4461495535714,0.04931640625,112.1533203125
"4685",-24.125,-50.4375,21.124267578125,2.03662109375,62.22509765625
"4686",-24.125,-50.3125,141.05849609375,1.92724609375,340.46533203125
"4687",-24.125,-50.1875,41.6847330729167,0.12744140625,159.55712890625
"4688",-24.125,-50.0625,39.03984375,0,118.009765625
"4689",-23.875,-59.0625,3688.72119140625,3688.72119140625,3688.72119140625
"4690",-23.875,-58.6875,2287.05224609375,2287.05224609375,2287.05224609375
"4691",-23.875,-58.3125,0.05029296875,0.05029296875,0.05029296875
"4692",-23.875,-58.0625,0.126953125,0.126953125,0.126953125
"4693",-23.875,-57.9375,3371.05737304688,3371.05737304688,3371.05737304688
"4694",-23.875,-57.8125,2517.14465332031,6.73974609375,4743.0263671875
"4695",-23.875,-57.6875,2867.92667643229,0.2294921875,4608.32958984375
"4696",-23.875,-57.5625,3620.6046911169,10.548828125,4951.43896484375
"4697",-23.875,-57.4375,3055.88152810802,0.138671875,4996.396484375
"4698",-23.875,-57.3125,3614.78464415015,23.60302734375,4976.25830078125
"4699",-23.875,-57.1875,3460.44937028556,317.89501953125,4930.48046875
"4700",-23.875,-57.0625,3443.56463623047,69.86474609375,4983.35791015625
"4701",-23.875,-56.9375,1423.20350864955,12.89501953125,4982.51318359375
"4702",-23.875,-56.8125,4998.8017578125,4998.8017578125,4998.8017578125
"4703",-23.875,-56.6875,3798.54755859375,2868.54663085938,4202.94873046875
"4704",-23.875,-56.5625,4228.07307942708,4188.23828125,4272.8447265625
"4705",-23.875,-56.3125,229.9287109375,229.9287109375,229.9287109375
"4706",-23.875,-56.1875,217.9267578125,217.9267578125,217.9267578125
"4707",-23.875,-55.8125,40.9078369140625,39.6357421875,42.179931640625
"4708",-23.875,-55.6875,54.05615234375,54.05615234375,54.05615234375
"4709",-23.875,-55.3125,28.212890625,27.6806640625,28.967529296875
"4710",-23.875,-55.1875,50.306591796875,46.457275390625,54.947265625
"4711",-23.875,-55.0625,45.421630859375,41.2607421875,48.020751953125
"4712",-23.875,-54.9375,52.5709054129464,42.627685546875,60.843017578125
"4713",-23.875,-54.8125,93.5373011997768,0.4111328125,889.3984375
"4714",-23.875,-54.6875,48.1516702586207,0.41455078125,647.3662109375
"4715",-23.875,-54.5625,26.7403609664352,0.0322265625,125.5244140625
"4716",-23.875,-54.4375,117.264611446496,0.05810546875,938.919677734375
"4717",-23.875,-54.3125,105.146838772681,0.09326171875,891.334228515625
"4718",-23.875,-54.1875,43.6631184895833,0.109375,290.71435546875
"4719",-23.875,-54.0625,68.2308158874512,1.635498046875,320.969482421875
"4720",-23.875,-53.9375,102.879710804332,1.422607421875,484.759155273438
"4721",-23.875,-53.8125,105.413908305921,0.5947265625,312.642333984375
"4722",-23.875,-53.6875,108.264537464489,0.16259765625,984.4287109375
"4723",-23.875,-53.5625,78.8249585700758,2.15869140625,864.74951171875
"4724",-23.875,-53.4375,58.9250399502841,2.43701171875,439.24365234375
"4725",-23.875,-53.3125,167.765029907227,2.08740234375,922.676025390625
"4726",-23.875,-53.1875,154.862372726691,0.00439453125,926.673583984375
"4727",-23.875,-53.0625,153.198688707854,1.353515625,981.349609375
"4728",-23.875,-52.9375,188.371656334918,0.0673828125,3354.04028320312
"4729",-23.875,-52.8125,815.180646623884,0.01025390625,3325.52075195312
"4730",-23.875,-52.6875,501.112241073393,0.0712890625,3404.86157226562
"4731",-23.875,-52.5625,350.130350213302,0.1181640625,3591.92333984375
"4732",-23.875,-52.4375,294.890441141011,0.29443359375,3372.02099609375
"4733",-23.875,-52.3125,203.758325195312,0.16015625,3566.82495117188
"4734",-23.875,-52.1875,114.742967174899,0.5322265625,3613.99096679688
"4735",-23.875,-52.0625,43.9397653978924,1.0791015625,171.9560546875
"4736",-23.875,-51.9375,38.8141357421875,0.005859375,179.28564453125
"4737",-23.875,-51.8125,41.8507549579327,0.2294921875,178.5107421875
"4738",-23.875,-51.6875,38.7250162760417,1.7138671875,181.47314453125
"4739",-23.875,-51.5625,41.4504557291667,0.390625,174.31396484375
"4740",-23.875,-51.4375,52.5142159598214,1.38037109375,322.36328125
"4741",-23.875,-51.3125,41.4261402803309,0.4384765625,132.02685546875
"4742",-23.875,-51.1875,54.8773140285326,0.36181640625,261.18701171875
"4743",-23.875,-51.0625,34.6898600260417,2.25341796875,135.3291015625
"4744",-23.875,-50.9375,29.7360131048387,0.39501953125,123.2041015625
"4745",-23.875,-50.8125,43.593505859375,5.08203125,141.33544921875
"4746",-23.875,-50.6875,47.4935150146484,2.3369140625,135.414306640625
"4747",-23.875,-50.5625,16.2782628676471,0.083984375,68.12158203125
"4748",-23.875,-50.4375,51.3647017045455,3.22412109375,354.48583984375
"4749",-23.875,-50.3125,33.6350911458333,8.8154296875,54.40771484375
"4750",-23.875,-50.1875,42.691162109375,6.22607421875,79.15625
"4751",-23.625,-59.0625,4829.13366699219,4487.982421875,4979.15185546875
"4752",-23.625,-58.9375,2438.57543945312,2438.57543945312,2438.57543945312
"4753",-23.625,-58.6875,1699.92431640625,1158.38525390625,2241.46337890625
"4754",-23.625,-58.1875,9.234375,9.234375,9.234375
"4755",-23.625,-57.9375,2103.28088378906,2013.66235351562,2192.8994140625
"4756",-23.625,-57.8125,3620.02382114955,7.9921875,4949.4326171875
"4757",-23.625,-57.6875,2826.34936523438,922.1767578125,4730.52197265625
"4758",-23.625,-57.5625,3635.49985532407,3.82470703125,4946.88525390625
"4759",-23.625,-57.4375,2866.59271918403,30.1435546875,4729.787109375
"4760",-23.625,-57.1875,2483.42749023438,2483.42749023438,2483.42749023438
"4761",-23.625,-57.0625,943.11474609375,638.900390625,1247.3291015625
"4762",-23.625,-56.9375,3440.03656005859,2589.34350585938,4977.65673828125
"4763",-23.625,-56.6875,4283.20259765625,2881.17919921875,4770.578125
"4764",-23.625,-56.5625,4389.28011067708,4328.69580078125,4441.48095703125
"4765",-23.625,-56.1875,212.6796875,212.6796875,212.6796875
"4766",-23.625,-55.8125,36.98779296875,36.98779296875,36.98779296875
"4767",-23.625,-55.6875,44.199951171875,38.343505859375,49.886962890625
"4768",-23.625,-55.5625,48.932861328125,48.932861328125,48.932861328125
"4769",-23.625,-55.4375,34.90869140625,33.5,36.3173828125
"4770",-23.625,-55.3125,31.5963745117188,28.662109375,34.3779296875
"4771",-23.625,-55.1875,41.0323264382102,3.21484375,70.614501953125
"4772",-23.625,-55.0625,49.8620954241071,36.599609375,81.6572265625
"4773",-23.625,-54.9375,304.057169596354,12.01806640625,875.31689453125
"4774",-23.625,-54.8125,132.382208930122,0.39794921875,923.337158203125
"4775",-23.625,-54.6875,123.974377143674,0.63134765625,919.281982421875
"4776",-23.625,-54.5625,119.561304552802,0.08544921875,902.366943359375
"4777",-23.625,-54.4375,117.937950721154,0.2412109375,940.392822265625
"4778",-23.625,-54.3125,54.2608642578125,0.30810546875,285.67236328125
"4779",-23.625,-54.1875,35.842529296875,0.21044921875,225.23681640625
"4780",-23.625,-54.0625,80.4224052429199,0.658203125,396.843017578125
"4781",-23.625,-53.9375,115.557383510045,4.601318359375,484.436645507812
"4782",-23.625,-53.8125,53.475700378418,5.476806640625,425.507080078125
"4783",-23.625,-53.6875,81.2311216842296,0.0693359375,1005.68896484375
"4784",-23.625,-53.5625,53.6382649739583,0.115478515625,859.954345703125
"4785",-23.625,-53.4375,87.7695105601165,0.671875,772.839599609375
"4786",-23.625,-53.3125,112.641498766447,0.2744140625,998.910400390625
"4787",-23.625,-53.1875,217.580412409856,0.02734375,996.278564453125
"4788",-23.625,-53.0625,102.950754266036,2.52099609375,948.314697265625
"4789",-23.625,-52.9375,96.8187001546224,0.21240234375,859.76806640625
"4790",-23.625,-52.8125,47.1815411603009,0.83935546875,619.80712890625
"4791",-23.625,-52.6875,115.52861209032,2.830078125,3096.83520507812
"4792",-23.625,-52.5625,302.959727647569,0.4267578125,3389.33837890625
"4793",-23.625,-52.4375,146.284517728365,0.446044921875,3426.2607421875
"4794",-23.625,-52.3125,70.5447375239158,0.57568359375,398.199951171875
"4795",-23.625,-52.1875,83.6865483498087,0.9990234375,283.964599609375
"4796",-23.625,-52.0625,46.5324838999155,0.292724609375,259.4912109375
"4797",-23.625,-51.9375,46.5770438058036,0.37841796875,153.8466796875
"4798",-23.625,-51.8125,51.85962890625,0.1298828125,253.4091796875
"4799",-23.625,-51.6875,56.7440140335648,0.13720703125,261.84814453125
"4800",-23.625,-51.5625,56.8246779668899,0.361328125,352.56689453125
"4801",-23.625,-51.4375,43.2967393663194,0.99609375,334.275390625
"4802",-23.625,-51.3125,40.0462646484375,1.36767578125,260.34765625
"4803",-23.625,-51.1875,32.0149197048611,1.38330078125,136.99267578125
"4804",-23.625,-51.0625,42.3636648995536,1.19580078125,125.9462890625
"4805",-23.625,-50.9375,48.1929931640625,12.5458984375,131.99853515625
"4806",-23.625,-50.8125,52.6153470552885,2.70751953125,135.77099609375
"4807",-23.625,-50.6875,35.1721622242647,6.475830078125,140.14794921875
"4808",-23.625,-50.5625,52.9492838541667,6.69140625,369.312744140625
"4809",-23.625,-50.4375,26.8253173828125,4.40185546875,70.84619140625
"4810",-23.625,-50.3125,56.87119140625,0.3828125,172.22900390625
"4811",-23.625,-50.1875,2.4306640625,0.076171875,6.83056640625
"4812",-23.375,-58.9375,1168.56689453125,1168.56689453125,1168.56689453125
"4813",-23.375,-58.8125,1763.923828125,1176.88720703125,2350.96044921875
"4814",-23.375,-58.5625,63.316650390625,62.33837890625,64.294921875
"4815",-23.375,-58.4375,78.32373046875,65.0107421875,91.63671875
"4816",-23.375,-58.3125,15.3017578125,15.3017578125,15.3017578125
"4817",-23.375,-57.8125,459.46533203125,459.46533203125,459.46533203125
"4818",-23.375,-57.6875,2605.37719726562,1314.705078125,4995.45556640625
"4819",-23.375,-57.5625,1443.2099609375,101.02392578125,4891.34814453125
"4820",-23.375,-56.9375,2806.6548828125,2645.28540039062,3198.6875
"4821",-23.375,-56.8125,3240.5833984375,2729.2919921875,3452.76049804688
"4822",-23.375,-56.6875,3670.79829915365,2887.82348632812,4842.0166015625
"4823",-23.375,-56.1875,226.853271484375,226.853271484375,226.853271484375
"4824",-23.375,-55.5625,37.3311656605114,31.402587890625,44.629638671875
"4825",-23.375,-55.4375,29.062744140625,29.062744140625,29.062744140625
"4826",-23.375,-55.3125,34.3236083984375,31.933837890625,36.71337890625
"4827",-23.375,-55.1875,347.88525390625,1.010498046875,903.210205078125
"4828",-23.375,-55.0625,180.484763816551,31.98193359375,924.84814453125
"4829",-23.375,-54.9375,114.986188616071,2.6748046875,916.96142578125
"4830",-23.375,-54.8125,139.831461588542,1.234375,907.92138671875
"4831",-23.375,-54.6875,136.331497192383,0.171875,915.20361328125
"4832",-23.375,-54.5625,75.4275207519531,0.02978515625,869.14599609375
"4833",-23.375,-54.4375,56.3591954848346,0.6337890625,211.05419921875
"4834",-23.375,-54.3125,61.139682112069,1.3095703125,358.35302734375
"4835",-23.375,-54.1875,62.5430230034722,1.207275390625,334.7109375
"4836",-23.375,-54.0625,69.3414601293103,0.82080078125,363.2216796875
"4837",-23.375,-53.9375,75.7609302417652,0.163330078125,450.50341796875
"4838",-23.375,-53.8125,101.538457455842,0.214599609375,976.710205078125
"4839",-23.375,-53.6875,56.6639685997596,0.8173828125,999.44580078125
"4840",-23.375,-53.5625,47.3214992947049,0.4375,731.205078125
"4841",-23.375,-53.4375,110.708569723462,1.025390625,806.426513671875
"4842",-23.375,-53.3125,129.852239793347,0.109130859375,1026.3857421875
"4843",-23.375,-53.1875,86.8331565856934,0.033447265625,868.297119140625
"4844",-23.375,-53.0625,47.1542643229167,3.06640625,352.022216796875
"4845",-23.375,-52.9375,69.1146904125548,0.999267578125,838.069091796875
"4846",-23.375,-52.8125,42.0150124289773,1.82177734375,301.09228515625
"4847",-23.375,-52.6875,33.8180220170455,0.07666015625,143.9345703125
"4848",-23.375,-52.5625,74.1195650540865,2.82080078125,401.447021484375
"4849",-23.375,-52.4375,43.2246408770161,0.0205078125,191.52685546875
"4850",-23.375,-52.3125,83.3861148231908,0.18017578125,381.9921875
"4851",-23.375,-52.1875,101.198547363281,0.21337890625,353.927490234375
"4852",-23.375,-52.0625,62.2697164601293,3.08544921875,338.630859375
"4853",-23.375,-51.9375,42.329928651148,0.3359375,344.48046875
"4854",-23.375,-51.8125,38.4001026642628,0.25439453125,359.525390625
"4855",-23.375,-51.6875,56.8757073818109,0.33837890625,369.927978515625
"4856",-23.375,-51.5625,66.49091796875,1.22216796875,364.021240234375
"4857",-23.375,-51.4375,29.7603044181034,1.18310546875,130.70556640625
"4858",-23.375,-51.3125,41.6107610887097,2.1064453125,286.35986328125
"4859",-23.375,-51.1875,43.0181966145833,1.0185546875,173.75390625
"4860",-23.375,-51.0625,44.8453584558824,1.5537109375,124.73193359375
"4861",-23.375,-50.9375,38.875,5.05810546875,136.30615234375
"4862",-23.375,-50.8125,35.7903645833333,7.013671875,124.623046875
"4863",-23.375,-50.6875,17.5638020833333,5.75927734375,31.01025390625
"4864",-23.375,-50.5625,26.3972516741071,2.43994140625,80.06591796875
"4865",-23.375,-50.4375,11.321044921875,5.6552734375,16.98681640625
"4866",-23.375,-50.3125,167.59033203125,167.59033203125,167.59033203125
"4867",-23.375,-50.1875,9.46533203125,9.46533203125,9.46533203125
"4868",-23.125,-58.8125,1154.89245605469,1060.76342773438,1249.021484375
"4869",-23.125,-58.6875,626.81201171875,99.66943359375,1153.95458984375
"4870",-23.125,-58.1875,3965.1286078559,112.1533203125,4422.9296875
"4871",-23.125,-58.0625,4539.5419921875,4441.87646484375,4667.09326171875
"4872",-23.125,-57.9375,2484.345703125,1186.98559570312,4880.06298828125
"4873",-23.125,-57.6875,2190.13266601563,82.013671875,2887.91870117188
"4874",-23.125,-57.5625,161.1455078125,118.806640625,203.484375
"4875",-23.125,-57.1875,2615.1416015625,2615.1416015625,2615.1416015625
"4876",-23.125,-57.0625,983.492635091146,88.37109375,2618.75903320312
"4877",-23.125,-56.9375,1164.9490234375,90.5087890625,2754.5859375
"4878",-23.125,-56.8125,2608.82767159598,100.71875,3228.04370117188
"4879",-23.125,-56.1875,227.057373046875,227.057373046875,227.057373046875
"4880",-23.125,-55.6875,27.2218017578125,24.87158203125,29.572021484375
"4881",-23.125,-55.5625,29.593994140625,27.328125,31.970703125
"4882",-23.125,-55.4375,27.414794921875,27.414794921875,27.414794921875
"4883",-23.125,-55.3125,37.407470703125,37.407470703125,37.407470703125
"4884",-23.125,-55.1875,279.52177734375,38.970703125,835.302978515625
"4885",-23.125,-55.0625,384.195782001202,1.97265625,868.70458984375
"4886",-23.125,-54.9375,136.5146484375,3.83251953125,898.041015625
"4887",-23.125,-54.8125,54.4141188401442,1.24658203125,649.748046875
"4888",-23.125,-54.6875,141.825062144886,0.1142578125,886.40234375
"4889",-23.125,-54.5625,102.907303659539,1.0537109375,863.3408203125
"4890",-23.125,-54.4375,76.8904157366071,0.7099609375,254.321044921875
"4891",-23.125,-54.3125,71.5829114412007,2.98095703125,343.121337890625
"4892",-23.125,-54.1875,90.9685415872713,0.090576171875,404.20166015625
"4893",-23.125,-54.0625,97.4138746995192,0.419677734375,385.537841796875
"4894",-23.125,-53.9375,77.376943359375,0.05029296875,950.369384765625
"4895",-23.125,-53.8125,50.3806527944712,0.07568359375,316.0947265625
"4896",-23.125,-53.6875,33.8908645341981,0.0771484375,317.56396484375
"4897",-23.125,-53.5625,43.1606096540179,2.00439453125,356.74365234375
"4898",-23.125,-53.4375,71.7431805584882,0.06591796875,797.01611328125
"4899",-23.125,-53.3125,108.064018554688,0.1416015625,1038.92651367188
"4900",-23.125,-53.1875,52.9461263020833,0.12451171875,266.3291015625
"4901",-23.125,-53.0625,42.8875732421875,0.46337890625,321.519775390625
"4902",-23.125,-52.9375,57.2270779079861,0.0009765625,614.1220703125
"4903",-23.125,-52.8125,56.822080078125,1.11572265625,621.3671875
"4904",-23.125,-52.6875,37.046845407197,1.32666015625,175.72802734375
"4905",-23.125,-52.5625,47.7435892039332,1.9521484375,383.19775390625
"4906",-23.125,-52.4375,49.9525349934896,0.326171875,152.943115234375
"4907",-23.125,-52.3125,65.3654341264205,0.572265625,324.55859375
"4908",-23.125,-52.1875,66.6891357421875,0.59521484375,358.45654296875
"4909",-23.125,-52.0625,69.8818708147321,0.48974609375,165.13330078125
"4910",-23.125,-51.9375,54.2126012731481,0.2705078125,166.79638671875
"4911",-23.125,-51.8125,39.7527108028017,0.50537109375,168.228515625
"4912",-23.125,-51.6875,50.73896484375,0.255859375,175.29833984375
"4913",-23.125,-51.5625,31.682544849537,0.64892578125,139.09326171875
"4914",-23.125,-51.4375,34.9499186197917,2.52490234375,119.59423828125
"4915",-23.125,-51.3125,40.7853361430921,1.07421875,251.404296875
"4916",-23.125,-51.1875,25.3066677517361,1.5234375,126.78955078125
"4917",-23.125,-51.0625,36.6290861430921,0.95751953125,128.537109375
"4918",-23.125,-50.9375,31.4287484975962,0.30517578125,132.89892578125
"4919",-23.125,-50.8125,26.124365234375,1.01953125,80.48095703125
"4920",-23.125,-50.6875,67.048779296875,10.00244140625,349.1416015625
"4921",-23.125,-50.5625,38.677001953125,1.7587890625,119.89208984375
"4922",-23.125,-50.4375,38.57978515625,0.09765625,162.17822265625
"4923",-23.125,-50.3125,5.60758463541667,0.1796875,9.09423828125
"4924",-22.875,-58.9375,95.07763671875,95.07763671875,95.07763671875
"4925",-22.875,-58.6875,1366.67651367188,1251.73510742188,1475.79223632812
"4926",-22.875,-58.5625,1282.78369140625,1282.78369140625,1282.78369140625
"4927",-22.875,-58.3125,4141.04052734375,4141.04052734375,4141.04052734375
"4928",-22.875,-58.1875,4147.65576171875,4143.0791015625,4152.50341796875
"4929",-22.875,-58.0625,1548.40893554688,1443.6708984375,1653.14697265625
"4930",-22.875,-57.9375,976.638916015625,118.671875,1510.04223632812
"4931",-22.875,-57.8125,129.7080078125,129.7080078125,129.7080078125
"4932",-22.875,-57.6875,2237.07075195313,133.0498046875,2904.20849609375
"4933",-22.875,-57.5625,160.438720703125,123.158203125,197.71923828125
"4934",-22.875,-57.1875,647.43974609375,80.62109375,2637.630859375
"4935",-22.875,-57.0625,212.378580729167,212.04296875,213.0498046875
"4936",-22.875,-56.8125,668.753551136364,110.1455078125,3174.74853515625
"4937",-22.875,-56.6875,262.929931640625,262.929931640625,262.929931640625
"4938",-22.875,-56.4375,197.99462890625,197.99462890625,197.99462890625
"4939",-22.875,-56.3125,210.58544921875,210.58544921875,210.58544921875
"4940",-22.875,-56.1875,221.968505859375,221.968505859375,221.968505859375
"4941",-22.875,-55.5625,23.8828125,20.70947265625,26.711181640625
"4942",-22.875,-55.3125,44.984375,44.984375,44.984375
"4943",-22.875,-55.1875,43.41259765625,33.619140625,54.79345703125
"4944",-22.875,-55.0625,275.981378728693,5.71142578125,928.010498046875
"4945",-22.875,-54.9375,55.348876953125,6.775390625,79.1201171875
"4946",-22.875,-54.8125,40.1849283854167,6.514404296875,138.2802734375
"4947",-22.875,-54.6875,60.4066569010417,0.17431640625,745.524658203125
"4948",-22.875,-54.5625,141.096590909091,0.897216796875,915.46630859375
"4949",-22.875,-54.4375,109.392569405692,0.43994140625,928.190673828125
"4950",-22.875,-54.3125,79.8315980972782,0.005126953125,943.17724609375
"4951",-22.875,-54.1875,94.5618489583333,0.0595703125,932.162841796875
"4952",-22.875,-54.0625,59.8900661892361,0.0009765625,965.54443359375
"4953",-22.875,-53.9375,24.1719493036685,0.04248046875,104.65234375
"4954",-22.875,-53.8125,41.7637067522321,1.49560546875,292.2646484375
"4955",-22.875,-53.6875,37.4812418619792,1.177490234375,183.311279296875
"4956",-22.875,-53.5625,62.2764038085937,0.75146484375,468.20361328125
"4957",-22.875,-53.4375,75.2036249069941,0.015380859375,568.96484375
"4958",-22.875,-53.3125,100.355702501662,0.14013671875,1039.34204101562
"4959",-22.875,-53.1875,39.1903328062996,0.1025390625,276.679931640625
"4960",-22.875,-53.0625,61.9596710205078,1.68798828125,312.880126953125
"4961",-22.875,-52.9375,50.869723573023,2.42626953125,287.39306640625
"4962",-22.875,-52.8125,69.5117572985197,0.1982421875,719.94189453125
"4963",-22.875,-52.6875,59.5310502485795,0.255859375,722.686767578125
"4964",-22.875,-52.5625,81.5859602107558,0.25244140625,730.03466796875
"4965",-22.875,-52.4375,27.6241402004076,4.120849609375,139.03564453125
"4966",-22.875,-52.3125,43.1919787176724,3.71923828125,333.418212890625
"4967",-22.875,-52.1875,61.8954380580357,0.46142578125,166.1318359375
"4968",-22.875,-52.0625,108.194051106771,0.59619140625,304.5751953125
"4969",-22.875,-51.9375,34.17578125,0.5732421875,103.8369140625
"4970",-22.875,-51.8125,44.6930236816406,0.08935546875,155.16943359375
"4971",-22.875,-51.6875,59.4560221354167,1.4169921875,177.130859375
"4972",-22.875,-51.5625,33.4787946428571,0.08984375,93.29638671875
"4973",-22.875,-51.4375,47.6461588541667,1.2060546875,120.130859375
"4974",-22.875,-51.3125,34.2132771809896,1.693359375,79.94677734375
"4975",-22.875,-51.1875,23.4111752717391,0.65185546875,49.86669921875
"4976",-22.875,-51.0625,67.9672475961538,3.86865234375,292.65234375
"4977",-22.875,-50.9375,57.3018798828125,3.45751953125,129.3759765625
"4978",-22.875,-50.8125,51.4793419471154,0.7587890625,326.5126953125
"4979",-22.875,-50.6875,39.49697265625,1.3681640625,129.98388671875
"4980",-22.875,-50.5625,14.4715983072917,0.38330078125,27.37451171875
"4981",-22.875,-50.4375,104.374186197917,17.8720703125,149.09716796875
"4982",-22.875,-50.3125,11.4384765625,11.4384765625,11.4384765625
"4983",-22.875,-50.0625,8.46077473958333,0,25.38232421875
"4984",-22.625,-58.8125,4087.216796875,4087.216796875,4087.216796875
"4985",-22.625,-58.6875,4103.81286621094,4089.93994140625,4119.18310546875
"4986",-22.625,-58.5625,2571.94046456473,1248.46850585938,4196.78173828125
"4987",-22.625,-58.4375,3075.98530273438,1319.2490234375,4205.06640625
"4988",-22.625,-58.3125,2611.87446289063,1430.81616210938,4162.03173828125
"4989",-22.625,-58.1875,1591.35729980469,1481.36596679688,1701.3486328125
"4990",-22.625,-58.0625,1583.97399902344,1478.38134765625,1689.56665039062
"4991",-22.625,-57.5625,844.808349609375,74.3505859375,2531.18798828125
"4992",-22.625,-57.4375,1430.60778808594,79.57177734375,2718.8896484375
"4993",-22.625,-57.3125,1034.04191080729,83.427734375,2698.4873046875
"4994",-22.625,-57.1875,224.9638671875,224.9638671875,224.9638671875
"4995",-22.625,-56.8125,120.956787109375,120.956787109375,120.956787109375
"4996",-22.625,-56.6875,858.836181640625,109.8544921875,3098.20361328125
"4997",-22.625,-56.5625,1359.46522352431,109.6552734375,2987.68359375
"4998",-22.625,-55.4375,22.519775390625,19.400390625,25.63916015625
"4999",-22.625,-55.3125,35.566650390625,20.76611328125,50.3671875
"5000",-22.625,-55.1875,26.4854125976562,3.07177734375,40.82763671875
"5001",-22.625,-55.0625,296.226708984375,4.6328125,915.510009765625
"5002",-22.625,-54.9375,35.7765197753906,2.593505859375,82.524658203125
"5003",-22.625,-54.8125,36.5482381184896,4.517822265625,147.401611328125
"5004",-22.625,-54.6875,58.762841796875,5.030029296875,229.96240234375
"5005",-22.625,-54.5625,51.1073756862331,0.7255859375,235.14208984375
"5006",-22.625,-54.4375,46.9117722284226,0.016357421875,240.785888671875
"5007",-22.625,-54.3125,31.8085632324219,0.81787109375,261.277099609375
"5008",-22.625,-54.1875,39.8148817274306,0.17138671875,211.59033203125
"5009",-22.625,-54.0625,57.745480559593,0.04638671875,245.69384765625
"5010",-22.625,-53.9375,44.03873046875,0.0576171875,175.1201171875
"5011",-22.625,-53.8125,39.5177490234375,0.09716796875,90.75732421875
"5012",-22.625,-53.6875,53.9022498497596,0.6396484375,331.564453125
"5013",-22.625,-53.5625,59.8825579704122,0.01904296875,482.545654296875
"5014",-22.625,-53.4375,69.700588060462,0.1982421875,547.886474609375
"5015",-22.625,-53.3125,99.1239544412364,0.1357421875,993.129638671875
"5016",-22.625,-53.1875,55.6508483886719,0.0322265625,306.182373046875
"5017",-22.625,-53.0625,49.7711007254464,0.10791015625,283.87744140625
"5018",-22.625,-52.9375,48.0728352864583,0.10302734375,284.90234375
"5019",-22.625,-52.8125,86.3067537633384,0.05517578125,697.16845703125
"5020",-22.625,-52.6875,56.6652436127534,0.24560546875,629.680419921875
"5021",-22.625,-52.5625,61.6459879557292,1.79833984375,655.092041015625
"5022",-22.625,-52.4375,53.81703125,0.06298828125,756.47900390625
"5023",-22.625,-52.3125,104.008133737664,4.97265625,775.525146484375
"5024",-22.625,-52.1875,39.1711154513889,3.1435546875,111.861328125
"5025",-22.625,-52.0625,39.23923828125,0.0498046875,273.09375
"5026",-22.625,-51.9375,54.9238855698529,0.35888671875,113.859375
"5027",-22.625,-51.8125,33.4353693181818,0.0517578125,117.7802734375
"5028",-22.625,-51.6875,35.0060326360887,4.08935546875,113.16748046875
"5029",-22.625,-51.5625,44.4176199776786,1.29443359375,181.23974609375
"5030",-22.625,-51.4375,45.1815892269737,0.36376953125,119.91845703125
"5031",-22.625,-51.3125,49.0905645461309,0.3369140625,249.50390625
"5032",-22.625,-51.1875,24.7093599759615,1.6533203125,51.61669921875
"5033",-22.625,-51.0625,27.0673314144737,4.994140625,54.927734375
"5034",-22.625,-50.9375,43.7697211371528,2.12060546875,302.69482421875
"5035",-22.625,-50.8125,36.175146484375,1.025390625,134.87841796875
"5036",-22.625,-50.6875,43.9320203993056,2.14794921875,136.2080078125
"5037",-22.625,-50.5625,31.1429036458333,0.9267578125,121.73486328125
"5038",-22.625,-50.4375,105.429361979167,13.1572265625,155.60791015625
"5039",-22.625,-50.3125,166.6259765625,166.6259765625,166.6259765625
"5040",-22.625,-50.1875,96.95556640625,6.48193359375,187.42919921875
"5041",-22.625,-50.0625,0.241048177083333,0,0.72314453125
"5042",-22.375,-58.9375,129.4833984375,129.4833984375,129.4833984375
"5043",-22.375,-58.8125,4086.48039899554,4080.1240234375,4091.13916015625
"5044",-22.375,-57.8125,250.348795572917,248.740234375,252.376953125
"5045",-22.375,-57.6875,240.287109375,236.90380859375,243.68115234375
"5046",-22.375,-57.5625,238.531575520833,232.6982421875,244.31787109375
"5047",-22.375,-57.4375,258.36474609375,258.36474609375,258.36474609375
"5048",-22.375,-56.5625,1526.94576009115,122.728515625,2939.7861328125
"5049",-22.375,-56.4375,2933.9423828125,2933.9423828125,2933.9423828125
"5050",-22.375,-55.4375,27.00244140625,27.00244140625,27.00244140625
"5051",-22.375,-55.3125,40.495849609375,27.66015625,53.33154296875
"5052",-22.375,-55.1875,29.2542898995536,0.915771484375,52.944580078125
"5053",-22.375,-55.0625,46.119482421875,28.5966796875,67.701171875
"5054",-22.375,-54.9375,29.2192195012019,0.370849609375,88.41455078125
"5055",-22.375,-54.8125,62.0542555588942,15.306640625,149.552490234375
"5056",-22.375,-54.6875,41.7552562040441,0.027587890625,195.7841796875
"5057",-22.375,-54.5625,36.9305697354403,0.0703125,167.6083984375
"5058",-22.375,-54.4375,38.2796969943576,0.0302734375,272.126953125
"5059",-22.375,-54.3125,58.2406545239826,0.0087890625,275.5947265625
"5060",-22.375,-54.1875,72.7007978723404,4.63671875,297.94970703125
"5061",-22.375,-54.0625,107.071872558594,6.422607421875,605.818237304688
"5062",-22.375,-53.9375,44.151044921875,0.14990234375,357.045654296875
"5063",-22.375,-53.8125,45.9745353929924,2.18017578125,116.056640625
"5064",-22.375,-53.6875,64.1051218133224,0.023193359375,333.587158203125
"5065",-22.375,-53.5625,86.2083255828373,0.64599609375,506.551513671875
"5066",-22.375,-53.4375,81.0530634341033,0.10546875,539.63232421875
"5067",-22.375,-53.3125,86.3087995940564,0.72607421875,971.36181640625
"5068",-22.375,-53.1875,33.6906156994048,0.001953125,296.080078125
"5069",-22.375,-53.0625,41.5849800857843,0.2177734375,316.31494140625
"5070",-22.375,-52.9375,21.8960437309451,0.08447265625,114.18359375
"5071",-22.375,-52.8125,73.7024887547348,0.89599609375,707.26220703125
"5072",-22.375,-52.6875,59.8516082763672,3.36572265625,292.54052734375
"5073",-22.375,-52.5625,36.4134385850694,3.060546875,271.0048828125
"5074",-22.375,-52.4375,50.2792042699353,0.8330078125,675.72607421875
"5075",-22.375,-52.3125,63.8339680989583,0.404541015625,347.646728515625
"5076",-22.375,-52.1875,122.300748697917,0.12939453125,724.0498046875
"5077",-22.375,-52.0625,25.5178493923611,0.08544921875,89.4765625
"5078",-22.375,-51.9375,51.5549958881579,0.09912109375,261.32080078125
"5079",-22.375,-51.8125,21.3661024305556,0.091796875,52.529296875
"5080",-22.375,-51.6875,22.098515625,0.15234375,86.59228515625
"5081",-22.375,-51.5625,38.94638671875,2.931640625,114.75830078125
"5082",-22.375,-51.4375,55.3999294704861,0.70947265625,253.6494140625
"5083",-22.375,-51.3125,32.9890299479167,5.4443359375,65.0791015625
"5084",-22.375,-51.1875,32.6419270833333,0.24609375,83.99951171875
"5085",-22.375,-51.0625,41.66923828125,4.40625,297.6982421875
"5086",-22.375,-50.9375,46.7086759868421,3.87109375,163.51171875
"5087",-22.375,-50.8125,39.1502821180556,5.8037109375,130.935546875
"5088",-22.375,-50.6875,33.2427978515625,1.11279296875,132.37353515625
"5089",-22.375,-50.5625,56.1796875,0.85546875,136.025390625
"5090",-22.375,-50.4375,23.1267903645833,0.36181640625,55.29296875
"5091",-22.375,-50.1875,0.3515625,0.20458984375,0.49853515625
"5092",-22.375,-50.0625,12.5908203125,12.5908203125,12.5908203125
"5093",-22.125,-58.8125,146.369140625,146.369140625,146.369140625
"5094",-22.125,-56.5625,1684.76960100446,125.1123046875,2884.462890625
"5095",-22.125,-55.1875,40.7218424479167,24.20166015625,48.1533203125
"5096",-22.125,-55.0625,43.7534897748162,3.53955078125,85.906005859375
"5097",-22.125,-54.9375,35.3478515625,4.3837890625,74.773681640625
"5098",-22.125,-54.8125,52.216455078125,11.318603515625,144.741943359375
"5099",-22.125,-54.6875,60.4255260120739,1.6943359375,195.138671875
"5100",-22.125,-54.5625,35.9525422127016,0.05712890625,269.3310546875
"5101",-22.125,-54.4375,38.344271955819,0.06640625,186.9462890625
"5102",-22.125,-54.3125,43.010888671875,1.12109375,144.58251953125
"5103",-22.125,-54.1875,68.1432477678571,1.200927734375,267.336669921875
"5104",-22.125,-54.0625,65.1400464928668,5.27685546875,305.52294921875
"5105",-22.125,-53.9375,47.6162827435662,0.36865234375,280.3603515625
"5106",-22.125,-53.8125,56.7476734834559,0.0439453125,283.080078125
"5107",-22.125,-53.6875,67.9650519875919,0.51171875,459.204833984375
"5108",-22.125,-53.5625,68.3228204900568,0.00537109375,503.207763671875
"5109",-22.125,-53.4375,50.7183135061553,0.00830078125,509.486572265625
"5110",-22.125,-53.3125,54.4766438802083,0.013671875,929.498046875
"5111",-22.125,-53.1875,33.7847509765625,0.19677734375,540.484619140625
"5112",-22.125,-53.0625,31.6835075827206,0.044921875,304.97314453125
"5113",-22.125,-52.9375,46.2355414496528,0.2646484375,556.415283203125
"5114",-22.125,-52.8125,99.3630945542279,1.00048828125,721.187744140625
"5115",-22.125,-52.6875,155.295211791992,2.1748046875,705.122802734375
"5116",-22.125,-52.5625,55.2918223505435,0.81201171875,651.2841796875
"5117",-22.125,-52.4375,112.076203719429,0.6630859375,706.682861328125
"5118",-22.125,-52.3125,40.2607865767045,1.33837890625,112.0615234375
"5119",-22.125,-52.1875,35.49365234375,0.4619140625,89.53271484375
"5120",-22.125,-52.0625,118.701485770089,0.197265625,663.30908203125
"5121",-22.125,-51.9375,52.6507045200893,0.26318359375,267.57861328125
"5122",-22.125,-51.8125,49.9927394701087,0.16064453125,265.23046875
"5123",-22.125,-51.6875,73.7794095552885,0.625,246.92529296875
"5124",-22.125,-51.5625,38.1816193953804,0.61083984375,238.49658203125
"5125",-22.125,-51.4375,46.6847692418981,2.7197265625,177.70556640625
"5126",-22.125,-51.3125,29.5467888327206,1.375,100.8779296875
"5127",-22.125,-51.1875,36.8241159539474,4.83203125,71.4482421875
"5128",-22.125,-51.0625,30.2518920898438,2.177734375,85.46533203125
"5129",-22.125,-50.9375,48.7530067845395,0.806640625,299.94140625
"5130",-22.125,-50.8125,32.9912109375,2.8369140625,112.1474609375
"5131",-22.125,-50.6875,25.661083984375,0.45654296875,124.4326171875
"5132",-22.125,-50.5625,40.1577962239583,6.71142578125,135.41455078125
"5133",-22.125,-50.4375,16.6368408203125,9.52294921875,29.615234375
"5134",-22.125,-50.3125,20.9230143229167,0.38134765625,58.32763671875
"5135",-22.125,-50.1875,57.716552734375,57.4248046875,58.00830078125
"5136",-22.125,-50.0625,0,0,0
"5137",-21.875,-56.6875,2912.48840332031,2910.52856445312,2914.4482421875
"5138",-21.875,-56.5625,1791.46381835937,116.416015625,2913.53540039062
"5139",-21.875,-55.8125,62.978515625,62.978515625,62.978515625
"5140",-21.875,-55.6875,67.992919921875,66.72802734375,69.2578125
"5141",-21.875,-55.1875,58.251953125,42.977294921875,73.526611328125
"5142",-21.875,-55.0625,53.001708984375,12.474609375,96.394775390625
"5143",-21.875,-54.9375,25.9270222981771,0.300048828125,92.08837890625
"5144",-21.875,-54.8125,41.2223849826389,0.1494140625,122.470703125
"5145",-21.875,-54.6875,43.0154622395833,0.01171875,164.92626953125
"5146",-21.875,-54.5625,33.33986328125,0.1162109375,264.68603515625
"5147",-21.875,-54.4375,35.1422245420259,1.3203125,230.10400390625
"5148",-21.875,-54.3125,46.8051106770833,0.17919921875,130.1142578125
"5149",-21.875,-54.1875,61.8038030660377,1.955078125,269.5517578125
"5150",-21.875,-54.0625,52.0995212131076,0.1259765625,286.510498046875
"5151",-21.875,-53.9375,60.3099915747549,3.10693359375,280.19970703125
"5152",-21.875,-53.8125,63.7776414824695,0.29296875,317.6748046875
"5153",-21.875,-53.6875,60.8749733664773,0.1533203125,518.81201171875
"5154",-21.875,-53.5625,45.4065790591033,0.10546875,436.44873046875
"5155",-21.875,-53.4375,53.3413049498601,0.021484375,498.148681640625
"5156",-21.875,-53.3125,61.0871766986269,0.16748046875,946.160888671875
"5157",-21.875,-53.1875,27.1591331845238,0.12744140625,165.015625
"5158",-21.875,-53.0625,41.4601869936343,0.3203125,572.552978515625
"5159",-21.875,-52.9375,61.9141188401442,0.02294921875,581.033203125
"5160",-21.875,-52.8125,82.5508161272321,0.16748046875,602.91943359375
"5161",-21.875,-52.6875,189.578125,0.2685546875,703.01318359375
"5162",-21.875,-52.5625,77.1524169921875,0.04248046875,700.9033203125
"5163",-21.875,-52.4375,161.879489474826,0.15087890625,711.362548828125
"5164",-21.875,-52.3125,31.8853081597222,0.89013671875,92.42138671875
"5165",-21.875,-52.1875,348.386987304688,0.134765625,3217.61328125
"5166",-21.875,-52.0625,219.970934416118,2.88330078125,1722.41284179688
"5167",-21.875,-51.9375,31.76708984375,6.419921875,84.65966796875
"5168",-21.875,-51.8125,30.4075372869318,0.49169921875,89.96728515625
"5169",-21.875,-51.6875,38.5580480238971,0.70751953125,102.361328125
"5170",-21.875,-51.5625,63.7544555664062,0.01904296875,111.01416015625
"5171",-21.875,-51.4375,31.4312065972222,0.4296875,122.60107421875
"5172",-21.875,-51.3125,24.4876663773148,1.44921875,105.908203125
"5173",-21.875,-51.1875,31.0004368832237,1.10888671875,57.3134765625
"5174",-21.875,-51.0625,67.3699035644531,5.890625,297.5693359375
"5175",-21.875,-50.9375,45.1289349724265,4.06005859375,131.13623046875
"5176",-21.875,-50.8125,27.7628255208333,0.05859375,159.55615234375
"5177",-21.875,-50.6875,40.41845703125,2.6162109375,133.89453125
"5178",-21.875,-50.5625,42.081298828125,2.7216796875,141.89697265625
"5179",-21.875,-50.4375,12.8043619791667,3.33447265625,19.6103515625
"5180",-21.875,-50.3125,6.62923177083333,0.41455078125,15.84765625
"5181",-21.875,-50.1875,59.81201171875,59.81201171875,59.81201171875
"5182",-21.875,-50.0625,79.9482421875,79.9482421875,79.9482421875
"5183",-21.625,-58.5625,132.99609375,132.99609375,132.99609375
"5184",-21.625,-56.6875,2945.22884114583,2920.55859375,2966.14404296875
"5185",-21.625,-56.5625,1042.40625,105.0595703125,2916.37744140625
"5186",-21.625,-56.1875,40.2294921875,40.2294921875,40.2294921875
"5187",-21.625,-56.0625,50.8203125,50.8203125,50.8203125
"5188",-21.625,-55.9375,53.9736328125,53.8916015625,54.0556640625
"5189",-21.625,-55.8125,57.0947265625,57.0947265625,57.0947265625
"5190",-21.625,-55.6875,52.98193359375,52.14306640625,53.82080078125
"5191",-21.625,-55.5625,59.5231119791667,52.9814453125,64.82421875
"5192",-21.625,-55.4375,61.58837890625,51.274658203125,67.662841796875
"5193",-21.625,-55.3125,62.2456403459821,54.001953125,75.707763671875
"5194",-21.625,-55.1875,74.24404296875,55.955078125,81.06103515625
"5195",-21.625,-55.0625,19.9675903320312,0.103515625,50.771484375
"5196",-21.625,-54.9375,24.5506184895833,1.23828125,42.66845703125
"5197",-21.625,-54.8125,17.7658996582031,1.64013671875,43.2880859375
"5198",-21.625,-54.6875,37.8569946289062,3.26220703125,124.55615234375
"5199",-21.625,-54.5625,59.7586780894886,2.31787109375,194.94287109375
"5200",-21.625,-54.4375,23.7148215553977,1.201171875,90.91259765625
"5201",-21.625,-54.3125,67.6552358774038,0.3193359375,260.36279296875
"5202",-21.625,-54.1875,55.8743780226934,1.3056640625,121.24755859375
"5203",-21.625,-54.0625,48.4542410714286,1.98046875,119.3486328125
"5204",-21.625,-53.9375,82.8637869698661,5.200927734375,462.99951171875
"5205",-21.625,-53.8125,100.678870376276,0.01318359375,570.534423828125
"5206",-21.625,-53.6875,46.2033236228814,0.05224609375,467.67919921875
"5207",-21.625,-53.5625,55.8446667729592,0.203125,436.78515625
"5208",-21.625,-53.4375,51.5908655237268,0.3994140625,403.53271484375
"5209",-21.625,-53.3125,58.2508974746919,0.33642578125,777.51318359375
"5210",-21.625,-53.1875,42.601025390625,1.92431640625,574.297119140625
"5211",-21.625,-53.0625,15.3643450055804,0.42724609375,36.53759765625
"5212",-21.625,-52.9375,21.3791647518382,2.552734375,134.7705078125
"5213",-21.625,-52.8125,44.1760475852273,0.54248046875,303.42578125
"5214",-21.625,-52.6875,148.347476356908,1.08349609375,664.05224609375
"5215",-21.625,-52.5625,215.386183965774,0.01904296875,665.781982421875
"5216",-21.625,-52.4375,240.73623046875,24.78369140625,570.914306640625
"5217",-21.625,-52.3125,28.5964813232422,0.01171875,54.34619140625
"5218",-21.625,-52.1875,86.3960571289062,2.3076171875,446.089599609375
"5219",-21.625,-52.0625,151.827008928571,4.95556640625,399.7578125
"5220",-21.625,-51.9375,36.5173152043269,6.791015625,84.05126953125
"5221",-21.625,-51.8125,38.9887251420455,10.755859375,87.5048828125
"5222",-21.625,-51.6875,20.2611328125,0.97119140625,76.103515625
"5223",-21.625,-51.5625,53.6192220052083,0.50830078125,115.0087890625
"5224",-21.625,-51.4375,44.48974609375,1.7890625,182.4072265625
"5225",-21.625,-51.3125,24.5252685546875,1.14501953125,105.49560546875
"5226",-21.625,-51.1875,27.0781901041667,0.1728515625,112.24072265625
"5227",-21.625,-51.0625,55.72509765625,7.740234375,283.6083984375
"5228",-21.625,-50.9375,44.3926499310662,4.896484375,296.3154296875
"5229",-21.625,-50.8125,26.4657958984375,0.6044921875,88.09130859375
"5230",-21.625,-50.6875,35.1663912259615,4.12109375,138.5703125
"5231",-21.625,-50.5625,35.5380045572917,0.2080078125,134.01611328125
"5232",-21.625,-50.4375,47.154296875,0.83154296875,138.416015625
"5233",-21.625,-50.3125,24.9890625,0.29736328125,80.56103515625
"5234",-21.625,-50.0625,121.115844726562,105.06298828125,137.168701171875
"5235",-21.375,-58.4375,151.86962890625,151.86962890625,151.86962890625
"5236",-21.375,-56.5625,103.320638020833,101.4189453125,106.97412109375
"5237",-21.375,-56.3125,37.79150390625,37.79150390625,37.79150390625
"5238",-21.375,-55.8125,392.965494791667,392.576171875,393.744140625
"5239",-21.375,-55.6875,399.025390625,397.60888671875,400.44189453125
"5240",-21.375,-55.5625,413.08447265625,413.08447265625,413.08447265625
"5241",-21.375,-55.1875,46.580078125,39.5849609375,53.5751953125
"5242",-21.375,-55.0625,9.5870361328125,0.30029296875,35.78271484375
"5243",-21.375,-54.9375,20.6287434895833,2.455078125,32.2890625
"5244",-21.375,-54.8125,31.3269653320312,13.04736328125,40.025146484375
"5245",-21.375,-54.6875,48.7365966796875,0.12890625,230.408203125
"5246",-21.375,-54.5625,54.57162109375,0.0107421875,245.25048828125
"5247",-21.375,-54.4375,39.7211037660256,0.0068359375,282.12158203125
"5248",-21.375,-54.3125,57.6806570870536,4.716796875,290.62744140625
"5249",-21.375,-54.1875,74.3599354137074,0.50732421875,266.544921875
"5250",-21.375,-54.0625,102.360202696265,2.18701171875,460.00244140625
"5251",-21.375,-53.9375,75.9553993626645,0.11279296875,482.140869140625
"5252",-21.375,-53.8125,74.0351662149235,0.48681640625,600.59765625
"5253",-21.375,-53.6875,58.9031880696615,1.0654296875,443.92431640625
"5254",-21.375,-53.5625,71.8465285528274,0.02978515625,449.927734375
"5255",-21.375,-53.4375,68.69140625,0.0517578125,451.107177734375
"5256",-21.375,-53.3125,35.9070146668632,0.1689453125,233.85107421875
"5257",-21.375,-53.1875,54.4086171025815,0.95947265625,573.890869140625
"5258",-21.375,-53.0625,46.714970703125,0.109375,610.492919921875
"5259",-21.375,-52.9375,26.1911010742188,0.0087890625,291.083984375
"5260",-21.375,-52.8125,61.2802447150735,0.40966796875,307.00390625
"5261",-21.375,-52.6875,174.041037819602,0.732421875,705.708984375
"5262",-21.375,-52.5625,177.482355291193,0.73779296875,596.686279296875
"5263",-21.375,-52.4375,142.213641826923,0.4169921875,684.3564453125
"5264",-21.375,-52.3125,215.042668269231,7.43212890625,711.691162109375
"5265",-21.375,-52.1875,77.6603064903846,1.60009765625,381.6904296875
"5266",-21.375,-52.0625,124.864536830357,14.8759765625,370.59521484375
"5267",-21.375,-51.9375,120.5236328125,29.78662109375,425.74951171875
"5268",-21.375,-51.8125,43.5129538143382,4.97705078125,118.3134765625
"5269",-21.375,-51.6875,133.676567925347,2.748046875,815.749267578125
"5270",-21.375,-51.5625,59.8346354166667,6.27392578125,115.94921875
"5271",-21.375,-51.4375,47.8376321231618,0.10205078125,182.06591796875
"5272",-21.375,-51.3125,16.3189364346591,0.44873046875,45.7001953125
"5273",-21.375,-51.1875,19.6733165922619,0.1435546875,59.0068359375
"5274",-21.375,-51.0625,41.3221507352941,2.5263671875,271.77978515625
"5275",-21.375,-50.9375,32.1639791349085,0.5166015625,118.38818359375
"5276",-21.375,-50.8125,43.3377278645833,1.3486328125,315.29248046875
"5277",-21.375,-50.6875,41.6605529785156,2.2333984375,177.62841796875
"5278",-21.375,-50.5625,24.8669655539773,0.22021484375,129.85009765625
"5279",-21.375,-50.4375,51.4362444196429,5.1435546875,141.81103515625
"5280",-21.375,-50.3125,18.43310546875,18.43310546875,18.43310546875
"5281",-21.375,-50.1875,25.442578125,0.1171875,78.29150390625
"5282",-21.375,-50.0625,35.9945373535156,0,185.400390625
"5283",-21.125,-58.3125,188.015380859375,179.05517578125,196.9755859375
"5284",-21.125,-56.5625,80.6318359375,34.8828125,103.9580078125
"5285",-21.125,-56.0625,8.980224609375,8.541015625,9.4658203125
"5286",-21.125,-55.9375,5.49658203125,1.73046875,8.91015625
"5287",-21.125,-55.8125,387.09716796875,383.1513671875,391.04296875
"5288",-21.125,-55.5625,402.49658203125,402.49658203125,402.49658203125
"5289",-21.125,-55.4375,408.227294921875,406.45361328125,410.0009765625
"5290",-21.125,-55.1875,301.123046875,301.123046875,301.123046875
"5291",-21.125,-55.0625,51.5784301757812,1.43408203125,303.87890625
"5292",-21.125,-54.9375,15.84716796875,0.9052734375,30.7890625
"5293",-21.125,-54.6875,45.6863949424342,0.185546875,255.3994140625
"5294",-21.125,-54.5625,41.6872907366071,0.1533203125,280.90673828125
"5295",-21.125,-54.4375,47.2726680871212,0.078125,234.1572265625
"5296",-21.125,-54.3125,105.132462211277,0.580810546875,756.88623046875
"5297",-21.125,-54.1875,77.3088012695312,0.8525390625,433.924072265625
"5298",-21.125,-54.0625,84.3807932535807,3.28662109375,469.766845703125
"5299",-21.125,-53.9375,78.991062330163,10.490234375,475.8154296875
"5300",-21.125,-53.8125,70.693355015346,1.34765625,632.04931640625
"5301",-21.125,-53.6875,67.0363226996528,1.28076171875,498.118408203125
"5302",-21.125,-53.5625,77.9130510602679,0.0791015625,467.283447265625
"5303",-21.125,-53.4375,80.1355773925781,0.40283203125,413.849853515625
"5304",-21.125,-53.3125,75.3145054408482,0.197265625,775.522705078125
"5305",-21.125,-53.1875,35.1335991753472,0.04736328125,138.17724609375
"5306",-21.125,-53.0625,32.1886541193182,0.20068359375,148.10498046875
"5307",-21.125,-52.9375,56.0161311451982,0.58642578125,652.107666015625
"5308",-21.125,-52.8125,28.9824981689453,0.3125,136.04638671875
"5309",-21.125,-52.6875,93.6161595394737,0.6259765625,698.4853515625
"5310",-21.125,-52.5625,9.57740693933824,0.67041015625,19.52197265625
"5311",-21.125,-52.4375,78.34326171875,2.04052734375,376.27197265625
"5312",-21.125,-52.3125,183.663500976562,2.76171875,779.63525390625
"5313",-21.125,-52.1875,51.1850992838542,0.24755859375,401.11962890625
"5314",-21.125,-52.0625,98.7990451388889,7.79736328125,366.25341796875
"5315",-21.125,-51.9375,69.1033325195312,1.12548828125,364.4208984375
"5316",-21.125,-51.8125,127.361607142857,1.10302734375,839.167724609375
"5317",-21.125,-51.6875,298.850830078125,15.04150390625,844.552978515625
"5318",-21.125,-51.5625,35.8465866815476,0.5244140625,104.29833984375
"5319",-21.125,-51.4375,48.0757446289062,0.87451171875,178.08251953125
"5320",-21.125,-51.3125,10.5888346354167,0.10107421875,43.935546875
"5321",-21.125,-51.1875,28.4549763997396,0.25830078125,105.6513671875
"5322",-21.125,-51.0625,34.9966724537037,0.11474609375,266.96435546875
"5323",-21.125,-50.9375,29.4917515345982,0.17724609375,68.087890625
"5324",-21.125,-50.8125,19.4122272359914,0.0068359375,62.896484375
"5325",-21.125,-50.6875,36.1196713654891,0.05615234375,118.6689453125
"5326",-21.125,-50.5625,37.5309535435268,0.02392578125,335.52197265625
"5327",-21.125,-50.4375,46.263671875,3.5107421875,129.392578125
"5328",-21.125,-50.3125,34.0020345052083,0.49755859375,137.87353515625
"5329",-21.125,-50.1875,73.41044921875,13.40185546875,165.6396484375
"5330",-21.125,-50.0625,63.4199490017361,0,246.883056640625
"5331",-20.875,-56.6875,36.68359375,36.68359375,36.68359375
"5332",-20.875,-56.1875,20.4326171875,20.4326171875,20.4326171875
"5333",-20.875,-56.0625,91.5306396484375,12.3291015625,169.07763671875
"5334",-20.875,-55.9375,127.755249023438,1.21142578125,172.06396484375
"5335",-20.875,-55.8125,83.677978515625,1.68115234375,165.6748046875
"5336",-20.875,-55.6875,3.0947265625,3.0947265625,3.0947265625
"5337",-20.875,-55.4375,712.467529296875,371.591796875,1053.34326171875
"5338",-20.875,-55.3125,127.3857421875,0.1474609375,254.6240234375
"5339",-20.875,-55.1875,51.803466796875,1.75390625,290.56884765625
"5340",-20.875,-55.0625,298.76953125,298.76953125,298.76953125
"5341",-20.875,-54.9375,41.8385620117188,0.16796875,292.3994140625
"5342",-20.875,-54.8125,50.3974609375,2.09765625,91.41650390625
"5343",-20.875,-54.6875,67.7432585685484,0.041015625,286.03857421875
"5344",-20.875,-54.5625,69.0983424831081,0.1796875,649.28857421875
"5345",-20.875,-54.4375,58.3861188616071,0.57373046875,700.42138671875
"5346",-20.875,-54.3125,99.41046875,0.02392578125,610.56640625
"5347",-20.875,-54.1875,80.326317039696,6.06103515625,764.80078125
"5348",-20.875,-54.0625,76.8583354334677,4.7451171875,734.303466796875
"5349",-20.875,-53.9375,86.8548134251645,3.86181640625,740.3623046875
"5350",-20.875,-53.8125,98.4568023681641,1.81884765625,681.141357421875
"5351",-20.875,-53.6875,61.2156311035156,3.63134765625,432.32568359375
"5352",-20.875,-53.5625,87.717451615767,7.740234375,528.887451171875
"5353",-20.875,-53.4375,135.214310495477,4.56103515625,848.18017578125
"5354",-20.875,-53.3125,76.3659028552827,0.84814453125,435.102294921875
"5355",-20.875,-53.1875,44.2846137152778,0.23291015625,235.97900390625
"5356",-20.875,-53.0625,51.0434010823568,0.521484375,304.208984375
"5357",-20.875,-52.9375,60.9200500488281,0.4873046875,699.109130859375
"5358",-20.875,-52.8125,46.43369140625,0.23291015625,167.39013671875
"5359",-20.875,-52.6875,93.3316813151042,0.0439453125,700.396484375
"5360",-20.875,-52.5625,97.9457795516304,0.5537109375,721.953857421875
"5361",-20.875,-52.4375,113.684137517756,0.29541015625,762.0322265625
"5362",-20.875,-52.3125,113.080253601074,0.109375,762.174072265625
"5363",-20.875,-52.1875,70.8080523947011,0.1787109375,392.109130859375
"5364",-20.875,-52.0625,73.962550951087,0.73046875,368.67822265625
"5365",-20.875,-51.9375,36.0666232638889,0.34814453125,132.9365234375
"5366",-20.875,-51.8125,117.826968544408,6.732421875,820.625732421875
"5367",-20.875,-51.6875,42.3714599609375,0.32421875,99.05126953125
"5368",-20.875,-51.5625,67.6064453125,1.8876953125,400.85986328125
"5369",-20.875,-51.4375,77.134765625,5.45947265625,129.4443359375
"5370",-20.875,-51.3125,69.8995768229167,0.23193359375,426.69775390625
"5371",-20.875,-51.1875,20.778552827381,0.11328125,82.94091796875
"5372",-20.875,-51.0625,32.5716145833333,4.07861328125,256.876953125
"5373",-20.875,-50.9375,27.3224198190789,0.61767578125,110.59814453125
"5374",-20.875,-50.8125,28.1922392003676,0.33447265625,78.34033203125
"5375",-20.875,-50.6875,22.7238037109375,0.5908203125,82.43115234375
"5376",-20.875,-50.5625,56.2952938988095,1.98828125,192.9541015625
"5377",-20.875,-50.4375,40.9287719726562,0.76025390625,81.44677734375
"5378",-20.875,-50.3125,71.5994540127841,7.44287109375,422.997314453125
"5379",-20.875,-50.1875,27.1724076704545,3.2236328125,55.8974609375
"5380",-20.875,-50.0625,1.106689453125,0,6.64013671875
"5381",-20.625,-58.4375,169.004638671875,169.004638671875,169.004638671875
"5382",-20.625,-56.8125,42.49462890625,42.49462890625,42.49462890625
"5383",-20.625,-56.1875,15.9228515625,15.9228515625,15.9228515625
"5384",-20.625,-56.0625,142.705485026042,20.2373046875,173.8916015625
"5385",-20.625,-55.9375,173.2431640625,173.2431640625,173.2431640625
"5386",-20.625,-55.8125,171.16943359375,163.1689453125,177.89453125
"5387",-20.625,-55.6875,114.7099609375,5.61376953125,175.3203125
"5388",-20.625,-55.5625,121.227294921875,0.08154296875,239.595703125
"5389",-20.625,-55.4375,3162.74438476562,1832.9482421875,4492.54052734375
"5390",-20.625,-55.3125,1706.09981282552,259.08544921875,4927.5126953125
"5391",-20.625,-55.1875,98.201171875,27.27392578125,169.12841796875
"5392",-20.625,-55.0625,30.434814453125,0.34326171875,56.2431640625
"5393",-20.625,-54.9375,48.995068359375,0.3681640625,288.66845703125
"5394",-20.625,-54.8125,31.3039738581731,0.1259765625,203.2021484375
"5395",-20.625,-54.6875,65.5419769287109,0.1796875,687.4453125
"5396",-20.625,-54.5625,34.4569950810185,0.2158203125,199.68212890625
"5397",-20.625,-54.4375,66.5481336805556,2.5380859375,489.94140625
"5398",-20.625,-54.3125,82.9746599895198,0.026611328125,862.102294921875
"5399",-20.625,-54.1875,103.750939571496,1.746826171875,644.23193359375
"5400",-20.625,-54.0625,67.5447489420573,6.7431640625,448.197998046875
"5401",-20.625,-53.9375,73.0076326069079,0.79638671875,475.729248046875
"5402",-20.625,-53.8125,101.110030691964,7.4033203125,774.282470703125
"5403",-20.625,-53.6875,85.4580152107008,0.00341796875,460.753662109375
"5404",-20.625,-53.5625,122.033195944393,0.810546875,799.022705078125
"5405",-20.625,-53.4375,87.3258666992188,0.29736328125,540.486083984375
"5406",-20.625,-53.3125,74.3649820963542,0.53125,439.743408203125
"5407",-20.625,-53.1875,54.3246663411458,2.1669921875,306.19775390625
"5408",-20.625,-53.0625,41.6034232474662,0.150390625,185.7470703125
"5409",-20.625,-52.9375,58.9644681490385,0.130859375,351.48876953125
"5410",-20.625,-52.8125,91.8853841145833,1.306640625,655.15234375
"5411",-20.625,-52.6875,83.4460067749023,2.02880859375,351.47900390625
"5412",-20.625,-52.5625,95.5895330255682,0.126953125,368.312744140625
"5413",-20.625,-52.4375,71.3865131578947,8.58740234375,371.810791015625
"5414",-20.625,-52.3125,66.250497000558,1.8583984375,387.1904296875
"5415",-20.625,-52.1875,60.3439697265625,0.1064453125,381.974609375
"5416",-20.625,-52.0625,50.3685651506696,7.90234375,138.28564453125
"5417",-20.625,-51.9375,92.4284774116848,7.84912109375,782.5615234375
"5418",-20.625,-51.8125,122.518920898438,2.87890625,812.244140625
"5419",-20.625,-51.6875,71.3280639648438,5.806640625,139.150390625
"5420",-20.625,-51.5625,54.3042805989583,0.1142578125,138.25146484375
"5421",-20.625,-51.4375,68.0315692608173,2.0361328125,135.38818359375
"5422",-20.625,-51.3125,65.5982555042614,0.47021484375,148.8642578125
"5423",-20.625,-51.1875,103.460131835938,2.69189453125,437.567626953125
"5424",-20.625,-51.0625,41.7702824519231,1.58544921875,264.2587890625
"5425",-20.625,-50.9375,39.97978515625,0.1845703125,189.51611328125
"5426",-20.625,-50.8125,27.4678622159091,0.451171875,135.728515625
"5427",-20.625,-50.6875,38.93330078125,0.87109375,187.03955078125
"5428",-20.625,-50.5625,42.0472412109375,0.73583984375,115.677734375
"5429",-20.625,-50.4375,38.9081032492898,4.359619140625,85.31787109375
"5430",-20.625,-50.3125,28.6525268554688,3.3564453125,58.6220703125
"5431",-20.625,-50.1875,41.4411399147727,0.076171875,103.673828125
"5432",-20.625,-50.0625,10.2718698601974,0,44.6806640625
"5433",-20.375,-58.4375,154.95068359375,154.95068359375,154.95068359375
"5434",-20.375,-56.8125,43.36865234375,43.36865234375,43.36865234375
"5435",-20.375,-56.1875,89.1578369140625,14.7138671875,163.601806640625
"5436",-20.375,-56.0625,168.375427246094,166.3212890625,170.591552734375
"5437",-20.375,-55.9375,357.457397460938,355.9296875,358.985107421875
"5438",-20.375,-55.8125,296.202783203125,15.149658203125,369.583984375
"5439",-20.375,-55.6875,219.453186035156,97.40234375,357.21044921875
"5440",-20.375,-55.5625,283.361328125,283.361328125,283.361328125
"5441",-20.375,-55.4375,1785.31652832031,166.59228515625,3404.04077148438
"5442",-20.375,-55.3125,248.059326171875,1.22802734375,1264.56689453125
"5443",-20.375,-55.1875,29.4124348958333,4.49609375,103.369140625
"5444",-20.375,-55.0625,52.4500325520833,0.71533203125,288.9658203125
"5445",-20.375,-54.9375,54.5302734375,0.37744140625,302.642578125
"5446",-20.375,-54.8125,79.4716145833333,0.30908203125,288.33447265625
"5447",-20.375,-54.6875,30.7704441236413,0.14599609375,107.69140625
"5448",-20.375,-54.5625,43.3358306884766,1.27587890625,255.56982421875
"5449",-20.375,-54.4375,63.2323869977679,0.072998046875,392.6669921875
"5450",-20.375,-54.3125,53.5977294921875,11.71826171875,148.23583984375
"5451",-20.375,-54.1875,29.1544399919181,0.8720703125,104.70361328125
"5452",-20.375,-54.0625,62.2651290893555,0.8271484375,472.13818359375
"5453",-20.375,-53.9375,54.8339213709677,0.2421875,470.6904296875
"5454",-20.375,-53.8125,127.865096382473,1.0859375,705.070068359375
"5455",-20.375,-53.6875,86.4790487484056,3.85205078125,518.09912109375
"5456",-20.375,-53.5625,54.6581815831802,1.048828125,481.322021484375
"5457",-20.375,-53.4375,51.1856129964193,0.390625,500.985107421875
"5458",-20.375,-53.3125,115.325887044271,0.68212890625,486.72314453125
"5459",-20.375,-53.1875,53.3709542410714,0.38232421875,236.18603515625
"5460",-20.375,-53.0625,79.591159986413,2.77490234375,289.58056640625
"5461",-20.375,-52.9375,58.5858869881466,0.517578125,280.4921875
"5462",-20.375,-52.8125,63.51611328125,0.36767578125,338.439453125
"5463",-20.375,-52.6875,86.4711685180664,1.474609375,627.111083984375
"5464",-20.375,-52.5625,26.9027913411458,2.69921875,89.6455078125
"5465",-20.375,-52.4375,47.0121605282738,3.310546875,295.76953125
"5466",-20.375,-52.3125,45.192236328125,3.9853515625,235.21923828125
"5467",-20.375,-52.1875,83.4781901041667,0.0068359375,375.99609375
"5468",-20.375,-52.0625,81.5805150082237,0.11865234375,389.6591796875
"5469",-20.375,-51.9375,284.3970703125,4.06005859375,757.4921875
"5470",-20.375,-51.8125,59.0902944711538,7.2490234375,147.16748046875
"5471",-20.375,-51.6875,62.7946999289773,28.17333984375,159.79052734375
"5472",-20.375,-51.5625,81.9816623263889,29.77734375,162.88525390625
"5473",-20.375,-51.4375,126.346340013587,1.666015625,286.24169921875
"5474",-20.375,-51.3125,66.4139578683036,3.48486328125,285.205078125
"5475",-20.375,-51.1875,32.631787109375,0.044921875,299.27099609375
"5476",-20.375,-51.0625,57.9818396935096,0.43359375,449.692626953125
"5477",-20.375,-50.9375,41.0261615953947,0.9443359375,302.681640625
"5478",-20.375,-50.8125,23.3792818509615,0.4609375,96.6064453125
"5479",-20.375,-50.6875,99.9138793945312,5.38623046875,314.64111328125
"5480",-20.375,-50.5625,9.67024739583333,6.044921875,15.50537109375
"5481",-20.375,-50.4375,88.2197672526042,5.465087890625,360.834228515625
"5482",-20.375,-50.3125,64.8446599786932,10.07763671875,408.525634765625
"5483",-20.375,-50.1875,41.879638671875,5.49462890625,77.2001953125
"5484",-20.375,-50.0625,31.4006696428571,0,98.90966796875
"5485",-20.125,-58.4375,162.728515625,162.728515625,162.728515625
"5486",-20.125,-56.8125,33.24365234375,33.24365234375,33.24365234375
"5487",-20.125,-56.1875,3.831787109375,0.33203125,7.33154296875
"5488",-20.125,-56.0625,150.545572916667,148.0654296875,151.78564453125
"5489",-20.125,-55.9375,207.458251953125,1.81005859375,337.75732421875
"5490",-20.125,-55.8125,67.3388671875,0.29833984375,102.3740234375
"5491",-20.125,-55.6875,43.13525390625,4.587890625,99.56396484375
"5492",-20.125,-55.4375,119.170654296875,4.15478515625,270.55224609375
"5493",-20.125,-55.3125,43.6531649502841,0.384765625,306.01416015625
"5494",-20.125,-55.1875,76.9021484375,0.42822265625,321.76416015625
"5495",-20.125,-55.0625,55.5750621448864,3.11181640625,311.02294921875
"5496",-20.125,-54.9375,55.6519368489583,4.48486328125,187.603515625
"5497",-20.125,-54.8125,39.478271484375,0.1005859375,128.57177734375
"5498",-20.125,-54.6875,70.2408016429228,0.1904296875,670.702392578125
"5499",-20.125,-54.5625,35.7282482328869,0.00830078125,277.076171875
"5500",-20.125,-54.4375,58.490486391129,0.62255859375,428.97021484375
"5501",-20.125,-54.3125,91.3298746744792,5.54443359375,286.48291015625
"5502",-20.125,-54.1875,63.0178358289931,3.7568359375,247.119140625
"5503",-20.125,-54.0625,67.4476725260417,0.16064453125,226.7099609375
"5504",-20.125,-53.9375,66.1540208899457,0.2587890625,626.982421875
"5505",-20.125,-53.8125,30.0890561995968,0.25146484375,133.38720703125
"5506",-20.125,-53.6875,49.51708984375,0.23974609375,233.08251953125
"5507",-20.125,-53.5625,111.337076822917,0.06787109375,511.91162109375
"5508",-20.125,-53.4375,123.422694614955,0.14697265625,505.79150390625
"5509",-20.125,-53.3125,74.3436104910714,0.65869140625,497.677978515625
"5510",-20.125,-53.1875,48.7754429408482,3.24462890625,238.673828125
"5511",-20.125,-53.0625,31.7926320043103,0.36572265625,143.271484375
"5512",-20.125,-52.9375,46.2724260602679,0.38525390625,147.1513671875
"5513",-20.125,-52.8125,31.8381569602273,1.69189453125,83.5068359375
"5514",-20.125,-52.6875,68.3343441611842,0.720703125,624.66552734375
"5515",-20.125,-52.5625,67.6476847330729,1.6044921875,312.611083984375
"5516",-20.125,-52.4375,72.7968284970238,4.203125,362.15966796875
"5517",-20.125,-52.3125,85.3068076685855,4.55859375,376.114013671875
"5518",-20.125,-52.1875,43.9572096604567,0.4541015625,370.835205078125
"5519",-20.125,-52.0625,134.477294921875,2.16162109375,660.940185546875
"5520",-20.125,-51.9375,58.5818786621094,5.07421875,298.251953125
"5521",-20.125,-51.8125,184.358740234375,10.05029296875,437.9609375
"5522",-20.125,-51.6875,37.7839006696429,0.26953125,116.39599609375
"5523",-20.125,-51.5625,89.1246337890625,6.42333984375,168.1943359375
"5524",-20.125,-51.4375,100.371360085227,4.0390625,289.60498046875
"5525",-20.125,-51.3125,71.8289184570312,3.89794921875,462.373291015625
"5526",-20.125,-51.1875,60.7465087890625,0.4521484375,457.529052734375
"5527",-20.125,-51.0625,35.63623046875,0.8876953125,134.576171875
"5528",-20.125,-50.9375,20.730419921875,1.56591796875,78.3310546875
"5529",-20.125,-50.8125,21.5072354403409,2.23291015625,64.28564453125
"5530",-20.125,-50.6875,12.9240910456731,1.498046875,25.4541015625
"5531",-20.125,-50.5625,6.09672037760417,0.36572265625,37.142578125
"5532",-20.125,-50.4375,23.4788411458333,2.203125,69.13232421875
"5533",-20.125,-50.3125,26.3375854492188,0.6513671875,49.7099609375
"5534",-20.125,-50.1875,23.7870279947917,1.48876953125,66.48046875
"5535",-20.125,-50.0625,32.6181315104167,0,106.458984375
"5536",-19.875,-58.4375,157.810424804688,153.75732421875,161.863525390625
"5537",-19.875,-56.1875,2.16748046875,2.16748046875,2.16748046875
"5538",-19.875,-56.0625,60.7479654947917,0.19775390625,146.58984375
"5539",-19.875,-55.9375,169.248604910714,77.3662109375,282.13720703125
"5540",-19.875,-55.8125,1.3369140625,1.08203125,1.591796875
"5541",-19.875,-55.6875,60.872314453125,2.21826171875,90.80908203125
"5542",-19.875,-55.5625,46.041015625,2.26953125,104.2021484375
"5543",-19.875,-55.4375,48.377197265625,0.87890625,236.638671875
"5544",-19.875,-55.3125,56.150537109375,0.33740234375,107.30224609375
"5545",-19.875,-55.1875,14.6898600260417,0.23388671875,109.775390625
"5546",-19.875,-55.0625,29.6561453683036,0.20556640625,105.62890625
"5547",-19.875,-54.9375,40.5597330729167,0.2685546875,110.6806640625
"5548",-19.875,-54.8125,54.7614933894231,4.35546875,204.8349609375
"5549",-19.875,-54.6875,34.3933715820312,0.41162109375,167.10888671875
"5550",-19.875,-54.5625,50.8378737877155,0.11376953125,680.1904296875
"5551",-19.875,-54.4375,58.3916809082031,0.00390625,481.10400390625
"5552",-19.875,-54.3125,69.8247731526693,3.971923828125,301.414184570312
"5553",-19.875,-54.1875,68.0477873149671,1.69189453125,197.453857421875
"5554",-19.875,-54.0625,64.4166259765625,0.59228515625,615.286376953125
"5555",-19.875,-53.9375,71.1109878077652,1.86279296875,621.516845703125
"5556",-19.875,-53.8125,81.8026297433036,0.83642578125,501.65234375
"5557",-19.875,-53.6875,80.822392578125,0.751953125,511.32373046875
"5558",-19.875,-53.5625,62.133056640625,3.1181640625,180.966796875
"5559",-19.875,-53.4375,35.2145414806548,0.25537109375,83.1884765625
"5560",-19.875,-53.3125,43.0446166992188,9.62353515625,84.69775390625
"5561",-19.875,-53.1875,36.8944702148438,19.89306640625,55.37109375
"5562",-19.875,-53.0625,16.6373697916667,0.20263671875,38.91943359375
"5563",-19.875,-52.9375,28.4576314290365,1.091796875,150.445556640625
"5564",-19.875,-52.8125,34.5825602213542,1.1171875,144.53857421875
"5565",-19.875,-52.6875,51.7696685791016,3.40087890625,624.684814453125
"5566",-19.875,-52.5625,90.1292643229167,6.20849609375,317.751220703125
"5567",-19.875,-52.4375,32.0442038143382,9.986328125,67.71484375
"5568",-19.875,-52.3125,35.5858425564236,0.529296875,200.297607421875
"5569",-19.875,-52.1875,55.9503987630208,0.07080078125,308.677734375
"5570",-19.875,-52.0625,129.997854132401,0.5400390625,665.81884765625
"5571",-19.875,-51.9375,68.892587515024,1.89013671875,299.743896484375
"5572",-19.875,-51.8125,70.4873395647321,20.26318359375,157.60498046875
"5573",-19.875,-51.6875,106.373209635417,0.11181640625,450.02587890625
"5574",-19.875,-51.5625,71.6268717447917,12.35498046875,481.955810546875
"5575",-19.875,-51.4375,111.375732421875,24.09716796875,478.265625
"5576",-19.875,-51.3125,91.60126953125,2.86669921875,302.40087890625
"5577",-19.875,-51.1875,17.1843610491071,0.1259765625,103.08740234375
"5578",-19.875,-51.0625,26.81845703125,0.0341796875,143.8388671875
"5579",-19.875,-50.9375,22.5040838068182,0.29931640625,84.18212890625
"5580",-19.875,-50.8125,13.7505493164062,1.31494140625,33.4619140625
"5581",-19.875,-50.6875,32.777978515625,3.8369140625,164.9619140625
"5582",-19.875,-50.5625,4.7275390625,2.39453125,7.42236328125
"5583",-19.875,-50.4375,56.2884114583333,16.8525390625,189.20947265625
"5584",-19.875,-50.3125,34.325927734375,6.267578125,62.38427734375
"5585",-19.875,-50.1875,56.90478515625,2.208984375,282.852294921875
"5586",-19.875,-50.0625,8.05747767857143,0,56.34033203125
"5587",-19.625,-58.3125,139.64306640625,134.94189453125,144.34423828125
"5588",-19.625,-56.1875,86.1884765625,86.1884765625,86.1884765625
"5589",-19.625,-56.0625,94.0648018973214,2.4697265625,160.35009765625
"5590",-19.625,-55.9375,131.319056919643,3.998046875,269.47900390625
"5591",-19.625,-55.8125,59.0577566964286,8.77490234375,111.087890625
"5592",-19.625,-55.6875,61.933837890625,0.73779296875,116.89111328125
"5593",-19.625,-55.5625,50.192626953125,48.185546875,52.19970703125
"5594",-19.625,-55.4375,28.073486328125,0.02490234375,56.1220703125
"5595",-19.625,-55.3125,77.5982840401786,0.31787109375,229.45068359375
"5596",-19.625,-55.1875,46.8330522017045,0.7314453125,123.34716796875
"5597",-19.625,-55.0625,13.1013371394231,0.2353515625,108.21826171875
"5598",-19.625,-54.9375,50.9567260742188,2.654296875,127.326171875
"5599",-19.625,-54.8125,72.3481334339489,0.146484375,432.423095703125
"5600",-19.625,-54.6875,75.022117820946,0.21435546875,417.02880859375
"5601",-19.625,-54.5625,76.6104614257813,0.13623046875,681.92724609375
"5602",-19.625,-54.4375,72.8912464488636,0.09033203125,467.01708984375
"5603",-19.625,-54.3125,83.9197136374081,0.0341796875,467.49365234375
"5604",-19.625,-54.1875,90.6279629794034,6.898193359375,428.68994140625
"5605",-19.625,-54.0625,91.2276547080592,6.61962890625,597.188232421875
"5606",-19.625,-53.9375,16.217922044837,0.03125,71.75927734375
"5607",-19.625,-53.8125,164.186686197917,0.20166015625,484.179931640625
"5608",-19.625,-53.6875,46.419677734375,4.775390625,79.22509765625
"5609",-19.625,-53.5625,69.6884307861328,2.8544921875,167.625
"5610",-19.625,-53.4375,24.7310901988636,2.4736328125,92.13232421875
"5611",-19.625,-53.3125,31.3478515625,2.2490234375,90.6640625
"5612",-19.625,-53.1875,55.2008167613636,2.970703125,137.21826171875
"5613",-19.625,-53.0625,36.841875,0.875,137.6943359375
"5614",-19.625,-52.9375,30.7157854352679,4.82177734375,88.07861328125
"5615",-19.625,-52.8125,31.1249363111413,0.06689453125,142.0234375
"5616",-19.625,-52.6875,17.3365275065104,2.96875,83.47802734375
"5617",-19.625,-52.5625,62.407421875,1.275390625,607.41845703125
"5618",-19.625,-52.4375,95.0277734375,11.10595703125,597.77001953125
"5619",-19.625,-52.3125,75.3016221788194,1.60107421875,597.488525390625
"5620",-19.625,-52.1875,91.0202424422554,2.7158203125,581.457763671875
"5621",-19.625,-52.0625,69.3325422420058,0.11767578125,316.60791015625
"5622",-19.625,-51.9375,62.9093729654948,1.73486328125,296.164794921875
"5623",-19.625,-51.8125,78.3417619977678,35.69189453125,162.361083984375
"5624",-19.625,-51.6875,83.6507161458333,1.01318359375,158.67041015625
"5625",-19.625,-51.5625,27.86669921875,6.15966796875,38.95751953125
"5626",-19.625,-51.4375,50.5536838107639,0.0205078125,293.527099609375
"5627",-19.625,-51.3125,88.4818603515625,4.89990234375,314.2890625
"5628",-19.625,-51.1875,37.0079345703125,3.09033203125,116.755859375
"5629",-19.625,-51.0625,25.0274939903846,0.416015625,85.69482421875
"5630",-19.625,-50.9375,38.6181640625,2.1044921875,109.9326171875
"5631",-19.625,-50.8125,22.7387319711538,1.669921875,57.5986328125
"5632",-19.625,-50.6875,11.598876953125,1.66259765625,20.5
"5633",-19.625,-50.5625,11.2233072916667,0.36376953125,25.85400390625
"5634",-19.625,-50.4375,19.9537109375,4.2607421875,30.99755859375
"5635",-19.625,-50.3125,54.4692826704545,0.37890625,273.82373046875
"5636",-19.625,-50.1875,17.1726888020833,5.873046875,33.02197265625
"5637",-19.625,-50.0625,21.2412109375,21.2412109375,21.2412109375
"5638",-19.375,-58.6875,187.116292317708,180.074951171875,191.563232421875
"5639",-19.375,-58.5625,186.3994140625,182.457763671875,190.341064453125
"5640",-19.375,-58.3125,134.56884765625,134.56884765625,134.56884765625
"5641",-19.375,-56.1875,75.0061848958333,69.0634765625,83.26904296875
"5642",-19.375,-56.0625,97.5208740234375,74.7158203125,153.89208984375
"5643",-19.375,-55.9375,117.731608072917,0.52978515625,257.53466796875
"5644",-19.375,-55.8125,41.8380737304688,0.19677734375,117.05126953125
"5645",-19.375,-55.6875,42.16455078125,42.16455078125,42.16455078125
"5646",-19.375,-55.5625,21.1587890625,0.53076171875,54.546875
"5647",-19.375,-55.4375,64.2569885253906,0.04150390625,231.492431640625
"5648",-19.375,-55.3125,101.589146205357,9.738525390625,216.737548828125
"5649",-19.375,-55.1875,71.4689127604167,0.9296875,257.826171875
"5650",-19.375,-55.0625,78.0620727539062,1.0458984375,116.357421875
"5651",-19.375,-54.9375,82.3319986979167,0.02734375,415.160400390625
"5652",-19.375,-54.8125,32.2728949652778,0.333251953125,162.576416015625
"5653",-19.375,-54.6875,29.2919270833333,0.38232421875,178.25048828125
"5654",-19.375,-54.5625,54.3694605334052,0.26611328125,722.3623046875
"5655",-19.375,-54.4375,43.9751674107143,0.2001953125,184.4453125
"5656",-19.375,-54.3125,45.5190873579545,0.11669921875,159.37060546875
"5657",-19.375,-54.1875,84.6943359375,1.62158203125,396.939453125
"5658",-19.375,-54.0625,245.38144938151,9.88232421875,599.225830078125
"5659",-19.375,-53.9375,24.827392578125,2.7578125,46.59326171875
"5660",-19.375,-53.8125,89.5803141276042,2.46044921875,455.248046875
"5661",-19.375,-53.6875,90.2651483444941,1.0830078125,449.98974609375
"5662",-19.375,-53.5625,54.082666015625,5.40380859375,217.408203125
"5663",-19.375,-53.4375,61.6398037997159,7.69775390625,361.185302734375
"5664",-19.375,-53.3125,48.9924926757812,7.24658203125,210.42529296875
"5665",-19.375,-53.1875,45.4916735197368,0.0263671875,211.541015625
"5666",-19.375,-53.0625,71.8870738636364,6.3173828125,215.093994140625
"5667",-19.375,-52.9375,23.7614397321429,0.1953125,62.56201171875
"5668",-19.375,-52.8125,52.2904459635417,1.23583984375,135.69873046875
"5669",-19.375,-52.6875,26.1025612571023,2.4228515625,136.92041015625
"5670",-19.375,-52.5625,14.7634974888393,0.02978515625,44.93505859375
"5671",-19.375,-52.4375,49.0053013392857,0.2939453125,238.14013671875
"5672",-19.375,-52.3125,49.442861703726,1.599609375,242.529541015625
"5673",-19.375,-52.1875,47.2444028501157,1.173828125,249.908203125
"5674",-19.375,-52.0625,45.7893744574653,0.0556640625,275.927734375
"5675",-19.375,-51.9375,44.9103461371528,0.5556640625,328.546875
"5676",-19.375,-51.8125,49.7614003057065,3.943359375,99.54345703125
"5677",-19.375,-51.6875,58.6261474609375,0.93603515625,166.884765625
"5678",-19.375,-51.5625,23.5572265625,0.07470703125,73.84228515625
"5679",-19.375,-51.4375,26.3188100961538,0.96044921875,93.76318359375
"5680",-19.375,-51.3125,89.1069910386029,8.109375,329.1962890625
"5681",-19.375,-51.1875,93.9040771484375,1.9208984375,305.52001953125
"5682",-19.375,-51.0625,72.7088264016544,0.837890625,306.15087890625
"5683",-19.375,-50.9375,12.3443359375,3.23583984375,37.63818359375
"5684",-19.375,-50.8125,24.13076171875,9.39501953125,60.947265625
"5685",-19.375,-50.6875,9.6763916015625,0.7685546875,18.310546875
"5686",-19.375,-50.5625,16.675048828125,11.2822265625,22.06787109375
"5687",-19.375,-50.4375,25.6306501116071,10.64306640625,42.05615234375
"5688",-19.375,-50.3125,30.8662109375,10.58544921875,45.8662109375
"5689",-19.375,-50.1875,72.07861328125,10.07958984375,174.18359375
"5690",-19.375,-50.0625,32.063232421875,24.94921875,39.17724609375
"5691",-19.125,-58.6875,172.909912109375,172.909912109375,172.909912109375
"5692",-19.125,-58.5625,173.443359375,168.48681640625,177.588623046875
"5693",-19.125,-58.4375,161.958984375,155.1865234375,165.72998046875
"5694",-19.125,-58.3125,160.91748046875,143.8115234375,178.0234375
"5695",-19.125,-56.1875,36.43798828125,36.43798828125,36.43798828125
"5696",-19.125,-56.0625,1.669189453125,0.21923828125,4.115234375
"5697",-19.125,-55.9375,53.46171875,0.21533203125,203.10498046875
"5698",-19.125,-55.8125,58.261962890625,0.42333984375,116.1005859375
"5699",-19.125,-55.6875,45.8419596354167,0.8583984375,122.39453125
"5700",-19.125,-55.5625,122.102386474609,14.462890625,231.401123046875
"5701",-19.125,-55.4375,74.7143961588542,1.20751953125,153.3837890625
"5702",-19.125,-55.3125,74.455322265625,8.363037109375,140.547607421875
"5703",-19.125,-55.1875,120.116048177083,61.07177734375,171.1845703125
"5704",-19.125,-55.0625,52.1775568181818,0.04150390625,158.36572265625
"5705",-19.125,-54.9375,80.3605443050987,6.2021484375,369.88525390625
"5706",-19.125,-54.8125,65.8793619791667,1.837890625,234.92431640625
"5707",-19.125,-54.6875,71.8277326311384,1.89892578125,224.375
"5708",-19.125,-54.5625,68.4185243803879,0.8212890625,395.47265625
"5709",-19.125,-54.4375,33.1160419170673,1.021484375,140.166015625
"5710",-19.125,-54.3125,40.7675524259868,0.4755859375,156.076171875
"5711",-19.125,-54.1875,56.0976636482008,0.0048828125,585.433837890625
"5712",-19.125,-54.0625,53.3697562839674,0.17333984375,126.37841796875
"5713",-19.125,-53.9375,23.730712890625,0.84765625,55.4765625
"5714",-19.125,-53.8125,45.8400146484375,1.03466796875,201.30224609375
"5715",-19.125,-53.6875,132.244425455729,2.42431640625,446.787353515625
"5716",-19.125,-53.5625,97.865380859375,3.9990234375,415.070556640625
"5717",-19.125,-53.4375,28.4407087053571,0.0224609375,62.11865234375
"5718",-19.125,-53.3125,25.4743303571429,0.1376953125,61.79248046875
"5719",-19.125,-53.1875,57.5010875355114,0.14794921875,356.421630859375
"5720",-19.125,-53.0625,75.7619384765625,1.75830078125,352.427490234375
"5721",-19.125,-52.9375,64.8841441761364,0.08056640625,217.70263671875
"5722",-19.125,-52.8125,57.3596496582031,0.35595703125,134.076171875
"5723",-19.125,-52.6875,19.1046875,1.32763671875,55.71875
"5724",-19.125,-52.5625,32.4096527099609,0.04443359375,237.10498046875
"5725",-19.125,-52.4375,14.5738414417614,1.4814453125,47.57275390625
"5726",-19.125,-52.3125,44.0716417100694,0.2900390625,268.7138671875
"5727",-19.125,-52.1875,515.562760977909,0.142578125,4452.6591796875
"5728",-19.125,-52.0625,184.465552545363,1.2109375,4504.79638671875
"5729",-19.125,-51.9375,43.5186695772059,0.92041015625,331.638671875
"5730",-19.125,-51.8125,40.2398348721591,0.75830078125,93.19677734375
"5731",-19.125,-51.6875,49.97509765625,0.005859375,157.23046875
"5732",-19.125,-51.5625,2020.86546107701,0.44482421875,4324.314453125
"5733",-19.125,-51.4375,802.389115767045,0.51220703125,4298.5908203125
"5734",-19.125,-51.3125,38.0364815848214,2.3056640625,96.43212890625
"5735",-19.125,-51.1875,27.121435546875,4.75927734375,122.201171875
"5736",-19.125,-51.0625,17.318359375,11.7587890625,35.197265625
"5737",-19.125,-50.9375,96.7179260253906,0.68359375,310.354736328125
"5738",-19.125,-50.8125,119.46708984375,2.1611328125,313.51416015625
"5739",-19.125,-50.6875,8.19482421875,8.19482421875,8.19482421875
"5740",-19.125,-50.5625,6.71728515625,6.71728515625,6.71728515625
"5741",-19.125,-50.4375,55.50458984375,0.81982421875,240.16357421875
"5742",-19.125,-50.3125,4.87353515625,3.33984375,6.4072265625
"5743",-19.125,-50.1875,8.4951171875,6.1982421875,10.7919921875
"5744",-19.125,-50.0625,20.7318115234375,9.92236328125,24.8701171875
"5745",-18.875,-58.8125,210.926391601562,204.342041015625,217.5107421875
"5746",-18.875,-58.6875,197.523315429688,197.187255859375,197.859375
"5747",-18.875,-58.5625,208.03125,208.03125,208.03125
"5748",-18.875,-58.4375,194.376342773438,193.109619140625,195.64306640625
"5749",-18.875,-58.3125,184.7255859375,183.9462890625,185.5048828125
"5750",-18.875,-56.3125,48.0537109375,48.0537109375,48.0537109375
"5751",-18.875,-56.1875,10.13935546875,0.513671875,38.814453125
"5752",-18.875,-56.0625,153.56201171875,0.68359375,242.748046875
"5753",-18.875,-55.9375,118.125418526786,1.099609375,259.10888671875
"5754",-18.875,-55.8125,37.8463541666667,0.052734375,113.31201171875
"5755",-18.875,-55.6875,64.2925618489583,2.71044921875,117.34375
"5756",-18.875,-55.5625,141.723039899554,5.46630859375,224.853759765625
"5757",-18.875,-55.4375,53.7261962890625,8.048095703125,134.148681640625
"5758",-18.875,-55.3125,124.10205078125,124.10205078125,124.10205078125
"5759",-18.875,-55.1875,63.06787109375,4.6796875,121.4560546875
"5760",-18.875,-55.0625,83.8786399147727,1.291015625,228.4931640625
"5761",-18.875,-54.9375,70.28125,2.09814453125,350.53857421875
"5762",-18.875,-54.8125,63.418701171875,3.953125,231.271240234375
"5763",-18.875,-54.6875,80.0351381655093,0.11962890625,744.11279296875
"5764",-18.875,-54.5625,62.8721697771991,0.236328125,747.036865234375
"5765",-18.875,-54.4375,37.7246518342391,0.103515625,288.18408203125
"5766",-18.875,-54.3125,45.1231043198529,0.9619140625,289.92529296875
"5767",-18.875,-54.1875,33.2019330193015,0.78369140625,137.255859375
"5768",-18.875,-54.0625,48.6931703629032,0.0751953125,287.21533203125
"5769",-18.875,-53.9375,26.5865936279297,0.21044921875,301.576171875
"5770",-18.875,-53.8125,55.9258237092391,0.6904296875,349.86181640625
"5771",-18.875,-53.6875,48.4274536132812,0.69287109375,315.509765625
"5772",-18.875,-53.5625,44.7219080771169,0.07470703125,397.580322265625
"5773",-18.875,-53.4375,83.7814011346726,0.572265625,383.196044921875
"5774",-18.875,-53.3125,65.372470703125,0.5,381.3671875
"5775",-18.875,-53.1875,86.2283935546875,2.20361328125,381.33740234375
"5776",-18.875,-53.0625,65.1176091974432,0.90283203125,385.73291015625
"5777",-18.875,-52.9375,102.335017903646,0.25634765625,391.82373046875
"5778",-18.875,-52.8125,58.358249830163,5.7958984375,137.57568359375
"5779",-18.875,-52.6875,25.8734305245536,2.44677734375,70.72509765625
"5780",-18.875,-52.5625,35.0718209402902,0.16357421875,241.150146484375
"5781",-18.875,-52.4375,92.6929117838542,0.1689453125,275.751220703125
"5782",-18.875,-52.3125,118.782825816761,0.12451171875,268.06396484375
"5783",-18.875,-52.1875,310.781674033717,0.87646484375,4334.61083984375
"5784",-18.875,-52.0625,986.28628434806,0.06494140625,4560.9033203125
"5785",-18.875,-51.9375,32.1712176983173,0.06298828125,78.0712890625
"5786",-18.875,-51.8125,365.412307326858,0.5390625,4304.59619140625
"5787",-18.875,-51.6875,434.702547940341,0.28955078125,4304.2587890625
"5788",-18.875,-51.5625,944.904810855263,5.49267578125,4303.50341796875
"5789",-18.875,-51.4375,1115.90088762556,0.42578125,4317.49365234375
"5790",-18.875,-51.3125,849.193664550781,14.9912109375,4315.8525390625
"5791",-18.875,-51.1875,440.6,0.1357421875,4302.677734375
"5792",-18.875,-51.0625,16.2421061197917,1.2939453125,43.056640625
"5793",-18.875,-50.9375,27.43017578125,3.06982421875,57.810546875
"5794",-18.875,-50.8125,162.461181640625,6.6259765625,318.29638671875
"5795",-18.875,-50.6875,13.442626953125,12.52685546875,14.3583984375
"5796",-18.875,-50.5625,2.05322265625,2.05322265625,2.05322265625
"5797",-18.875,-50.4375,25.14697265625,22.66162109375,26.54345703125
"5798",-18.875,-50.3125,1.73779296875,1.73779296875,1.73779296875
"5799",-18.875,-50.1875,58.140625,1.23095703125,193.173828125
"5800",-18.875,-50.0625,13.0535481770833,0,39.16064453125
"5801",-18.625,-58.5625,204.13330078125,204.13330078125,204.13330078125
"5802",-18.625,-56.4375,46.791748046875,46.45458984375,47.12890625
"5803",-18.625,-56.1875,104.7642578125,2.88037109375,259.978515625
"5804",-18.625,-56.0625,158.15673828125,158.15673828125,158.15673828125
"5805",-18.625,-55.9375,83.675537109375,0.06201171875,209.75927734375
"5806",-18.625,-55.8125,177.260172526042,98.96533203125,288.53857421875
"5807",-18.625,-55.6875,128.672688802083,4.9111328125,217.00244140625
"5808",-18.625,-55.5625,151.438910590278,10.510498046875,257.228759765625
"5809",-18.625,-55.4375,154.501790364583,9.69091796875,234.759765625
"5810",-18.625,-55.3125,93.0399169921875,1.93896484375,204.9873046875
"5811",-18.625,-55.1875,6.23583984375,0.04833984375,12.41162109375
"5812",-18.625,-55.0625,95.3818359375,9.35595703125,164.5537109375
"5813",-18.625,-54.9375,52.2038922991071,0.09765625,354.8251953125
"5814",-18.625,-54.8125,57.5583190917969,0.06689453125,198.553466796875
"5815",-18.625,-54.6875,68.6106038411458,0.22998046875,724.67822265625
"5816",-18.625,-54.5625,42.2972981770833,1.24169921875,155.080078125
"5817",-18.625,-54.4375,25.7723795572917,0.056640625,165.80322265625
"5818",-18.625,-54.3125,56.6760416666667,1.52392578125,124.1416015625
"5819",-18.625,-54.1875,24.5694580078125,0.1025390625,129.04443359375
"5820",-18.625,-54.0625,43.5434283088235,1.310546875,270.33251953125
"5821",-18.625,-53.9375,30.2701631433824,1.22900390625,127.27685546875
"5822",-18.625,-53.8125,60.6849500868056,0.25537109375,323.33984375
"5823",-18.625,-53.6875,29.5658714657738,0.158203125,134.8603515625
"5824",-18.625,-53.5625,25.9027171415441,0.2705078125,134.52392578125
"5825",-18.625,-53.4375,39.8127663352273,8.455078125,136.56884765625
"5826",-18.625,-53.3125,29.9541341145833,1.388671875,149.00048828125
"5827",-18.625,-53.1875,37.2035023082386,0.34228515625,151.958984375
"5828",-18.625,-53.0625,46.6217373934659,1.859375,327.3955078125
"5829",-18.625,-52.9375,53.1346435546875,0.109375,330.71923828125
"5830",-18.625,-52.8125,135.288098787007,0.40380859375,417.6455078125
"5831",-18.625,-52.6875,24.5467998798077,0.01953125,56.2646484375
"5832",-18.625,-52.5625,66.2130126953125,0.2724609375,291.34326171875
"5833",-18.625,-52.4375,98.9794747488839,1.44775390625,280.808349609375
"5834",-18.625,-52.3125,47.7576349431818,1.251953125,190.67724609375
"5835",-18.625,-52.1875,210.841083233173,0.52001953125,1301.47119140625
"5836",-18.625,-52.0625,430.916208367599,0.0048828125,3030.572265625
"5837",-18.625,-51.9375,1186.33334960937,0.06298828125,4653.7119140625
"5838",-18.625,-51.8125,341.982526506696,0.75830078125,4302.46435546875
"5839",-18.625,-51.6875,27.47673828125,0.05908203125,64.341796875
"5840",-18.625,-51.5625,73.6701438210227,17.6875,177.92822265625
"5841",-18.625,-51.4375,71.6345011393229,12.73876953125,313.572998046875
"5842",-18.625,-51.3125,22.3997395833333,3.23828125,58.46923828125
"5843",-18.625,-51.1875,9.99300130208333,6.0654296875,14.0673828125
"5844",-18.625,-51.0625,5.960205078125,2.3671875,9.55322265625
"5845",-18.625,-50.9375,14.5821940104167,9.68603515625,23.68994140625
"5846",-18.625,-50.8125,49.67578125,23.27294921875,58.93896484375
"5847",-18.625,-50.6875,43.16025390625,7.84326171875,159.357421875
"5848",-18.625,-50.5625,71.933349609375,3.6005859375,254.8427734375
"5849",-18.625,-50.4375,12.4375,3.73828125,24.869140625
"5850",-18.625,-50.3125,53.3267578125,0.9228515625,198.98486328125
"5851",-18.625,-50.1875,112.823486328125,27.181640625,198.46533203125
"5852",-18.375,-56.6875,82.54541015625,82.54541015625,82.54541015625
"5853",-18.375,-56.5625,87.32275390625,87.32275390625,87.32275390625
"5854",-18.375,-56.4375,63.4736328125,42.806640625,84.140625
"5855",-18.375,-56.3125,114.313313802083,5.416015625,243.66455078125
"5856",-18.375,-56.1875,29.3458251953125,0.06103515625,106.04541015625
"5857",-18.375,-56.0625,82.6483561197917,0.3056640625,157.8134765625
"5858",-18.375,-55.9375,74.2177734375,0.33447265625,215.24072265625
"5859",-18.375,-55.8125,103.109619140625,4.7919921875,242.175537109375
"5860",-18.375,-55.6875,68.0065307617188,5.22509765625,334.0830078125
"5861",-18.375,-55.5625,120.648773193359,5.3017578125,246.877197265625
"5862",-18.375,-55.4375,259.891779119318,8.27001953125,630.9912109375
"5863",-18.375,-55.3125,148.877868652344,3.2724609375,559.11767578125
"5864",-18.375,-55.1875,217.360717773438,4.09033203125,568.765625
"5865",-18.375,-55.0625,192.273507254464,3.5546875,647.515625
"5866",-18.375,-54.9375,101.022379557292,0.5732421875,711.9208984375
"5867",-18.375,-54.8125,91.4456329345703,0.95947265625,708.768310546875
"5868",-18.375,-54.6875,48.9850207913306,0.46142578125,123.74365234375
"5869",-18.375,-54.5625,40.7208116319444,0.36572265625,213.482421875
"5870",-18.375,-54.4375,39.7393141526442,1.82568359375,113.4287109375
"5871",-18.375,-54.3125,35.8471028645833,0.48779296875,168.34814453125
"5872",-18.375,-54.1875,38.85302734375,1.40673828125,162.40380859375
"5873",-18.375,-54.0625,18.1548897879464,0.1708984375,85.03662109375
"5874",-18.375,-53.9375,36.64462890625,0.14013671875,123.0068359375
"5875",-18.375,-53.8125,81.7944878472222,11.28076171875,322.98779296875
"5876",-18.375,-53.6875,34.3869140625,2.58740234375,122.72705078125
"5877",-18.375,-53.5625,32.268798828125,12.26025390625,52.662109375
"5878",-18.375,-53.4375,28.6300862630208,3.53466796875,136.40185546875
"5879",-18.375,-53.3125,31.0679117838542,8.69482421875,141.72412109375
"5880",-18.375,-53.1875,15.0944158380682,1.0703125,58.51123046875
"5881",-18.375,-53.0625,46.4641779119318,4.26904296875,152.25
"5882",-18.375,-52.9375,38.5801827566964,0.912109375,151.16357421875
"5883",-18.375,-52.8125,72.0895330255682,0.84033203125,335.51708984375
"5884",-18.375,-52.6875,33.4284319196429,0.033203125,153.45654296875
"5885",-18.375,-52.5625,80.4698327105978,3.892578125,301.693115234375
"5886",-18.375,-52.4375,65.4152018229167,0.20703125,190.67724609375
"5887",-18.375,-52.3125,28.4929361979167,1.78173828125,109.0849609375
"5888",-18.375,-52.1875,16.7900041852679,0.1298828125,95.36181640625
"5889",-18.375,-52.0625,1512.52052525112,4.95556640625,2862.45263671875
"5890",-18.375,-51.9375,60.0890003551136,11.82470703125,173.98974609375
"5891",-18.375,-51.8125,37.30224609375,15.81689453125,64.3515625
"5892",-18.375,-51.6875,15.6982096354167,0.23193359375,62.04931640625
"5893",-18.375,-51.5625,101.615234375,24.2177734375,179.0126953125
"5894",-18.375,-51.4375,90.4205322265625,8.19775390625,172.85595703125
"5895",-18.375,-51.3125,48.2177734375,2.26513671875,158.86181640625
"5896",-18.375,-51.1875,32.1614879261364,1.05322265625,167.69970703125
"5897",-18.375,-51.0625,62.314453125,12.65283203125,193.9736328125
"5898",-18.375,-50.9375,25.8811848958333,6.7431640625,62.8505859375
"5899",-18.375,-50.8125,103.683430989583,6.484375,292.69482421875
"5900",-18.375,-50.6875,60.9632975260417,6.3955078125,265.546875
"5901",-18.375,-50.5625,10.252197265625,8.13623046875,12.3681640625
"5902",-18.375,-50.4375,6.8466796875,2.37353515625,11.31982421875
"5903",-18.375,-50.3125,0.619140625,0.619140625,0.619140625
"5904",-18.375,-50.1875,194.983154296875,194.983154296875,194.983154296875
"5905",-18.125,-56.8125,88.8935546875,88.8935546875,88.8935546875
"5906",-18.125,-56.4375,37.91259765625,37.91259765625,37.91259765625
"5907",-18.125,-56.3125,118.574462890625,3.29638671875,233.8525390625
"5908",-18.125,-56.1875,3.3221435546875,0.193359375,8.06298828125
"5909",-18.125,-56.0625,123.810791015625,69.48974609375,194.69873046875
"5910",-18.125,-55.9375,97.4830322265625,3.02978515625,253.96826171875
"5911",-18.125,-55.8125,76.9312744140625,15.04052734375,138.822021484375
"5912",-18.125,-55.6875,8.3681640625,8.3681640625,8.3681640625
"5913",-18.125,-55.5625,150.270399305556,0.1689453125,647.1044921875
"5914",-18.125,-55.4375,16.306640625,1.24755859375,31.36572265625
"5915",-18.125,-55.3125,226.079345703125,0.0517578125,326.7607421875
"5916",-18.125,-55.1875,195.146809895833,163.2783203125,242.51171875
"5917",-18.125,-55.0625,79.193603515625,13.240234375,155.4169921875
"5918",-18.125,-54.9375,66.9990776909722,0.2685546875,317.382080078125
"5919",-18.125,-54.8125,49.8929443359375,1.0048828125,149.2001953125
"5920",-18.125,-54.6875,72.804345703125,1.9404296875,379.094482421875
"5921",-18.125,-54.5625,41.0394287109375,0.81689453125,241.75390625
"5922",-18.125,-54.4375,26.6106363932292,2.421875,105.8720703125
"5923",-18.125,-54.3125,14.059716796875,0.2734375,49.07177734375
"5924",-18.125,-54.1875,27.5321821732955,1.2958984375,163.51953125
"5925",-18.125,-54.0625,24.7375266335227,0.63525390625,47.3427734375
"5926",-18.125,-53.9375,87.1506754557292,18.67236328125,315.701171875
"5927",-18.125,-53.8125,35.1754828559028,0.2177734375,180.9541015625
"5928",-18.125,-53.6875,24.7574869791667,20.171875,33.4638671875
"5929",-18.125,-53.5625,23.2044921875,11.87841796875,38.57958984375
"5930",-18.125,-53.4375,28.32421875,2.02685546875,51.98779296875
"5931",-18.125,-53.3125,23.4077592329545,3.48046875,57.70654296875
"5932",-18.125,-53.1875,35.3294067382812,1.10400390625,142.06884765625
"5933",-18.125,-53.0625,26.4042154947917,8.3310546875,144.107421875
"5934",-18.125,-52.9375,46.9472961425781,2.68017578125,146.662109375
"5935",-18.125,-52.8125,53.2923502604167,2.87451171875,322.06103515625
"5936",-18.125,-52.6875,77.6546783447266,1.92578125,355.205810546875
"5937",-18.125,-52.5625,56.5726693960337,0,309.291748046875
"5938",-18.125,-52.4375,47.4438032670455,7.736328125,192.90380859375
"5939",-18.125,-52.3125,35.6319173177083,0.7978515625,110.6943359375
"5940",-18.125,-52.1875,132.717626953125,0.0478515625,792.107666015625
"5941",-18.125,-52.0625,96.3641451322115,4.416015625,343.71337890625
"5942",-18.125,-51.9375,64.1773681640625,17.8642578125,115.744140625
"5943",-18.125,-51.8125,28.3336736505682,0.55126953125,174.7119140625
"5944",-18.125,-51.6875,19.61083984375,1.458984375,52.8701171875
"5945",-18.125,-51.5625,13.1515764508929,2.11181640625,21.95849609375
"5946",-18.125,-51.4375,66.2205403645833,15.7265625,306.85546875
"5947",-18.125,-51.3125,34.068017578125,4.90966796875,86.96826171875
"5948",-18.125,-51.1875,34.2427978515625,1.1328125,64.2080078125
"5949",-18.125,-51.0625,28.7662353515625,9.77978515625,61.1728515625
"5950",-18.125,-50.9375,46.0889369419643,7.85986328125,64.03515625
"5951",-18.125,-50.8125,161.745564778646,61.2197265625,310.149658203125
"5952",-18.125,-50.6875,41.6658203125,11.27734375,63.921875
"5953",-18.125,-50.5625,69.8203125,11.9072265625,262.3935546875
"5954",-18.125,-50.4375,18.30517578125,18.30517578125,18.30517578125
"5955",-18.125,-50.3125,3.25634765625,3.25634765625,3.25634765625
"5956",-18.125,-50.1875,237.632202148438,227.472900390625,247.79150390625
"5957",-17.875,-56.8125,89.5068359375,89.5068359375,89.5068359375
"5958",-17.875,-56.4375,42.5517578125,42.5517578125,42.5517578125
"5959",-17.875,-56.1875,18.8939208984375,1.15771484375,68.30029296875
"5960",-17.875,-56.0625,82.405517578125,7.4189453125,157.39208984375
"5961",-17.875,-55.9375,128.614176432292,18.78564453125,259.3056640625
"5962",-17.875,-55.8125,119.680419921875,16.52880859375,222.83203125
"5963",-17.875,-55.6875,5.148193359375,3.06982421875,7.2265625
"5964",-17.875,-55.5625,94.7846137152778,0.1591796875,160.3583984375
"5965",-17.875,-55.4375,69.4622314453125,0.37646484375,316.047119140625
"5966",-17.875,-55.3125,123.710693359375,107.64599609375,137.579345703125
"5967",-17.875,-55.1875,207.144008091518,135.66845703125,334.392822265625
"5968",-17.875,-55.0625,155.21904296875,1.92041015625,312.494140625
"5969",-17.875,-54.9375,70.3316095525568,0.25634765625,225.3701171875
"5970",-17.875,-54.8125,81.3690279447115,0.3125,331.9814453125
"5971",-17.875,-54.6875,78.07861328125,7.2646484375,226.466796875
"5972",-17.875,-54.5625,105.51611328125,11.27099609375,377.86083984375
"5973",-17.875,-54.4375,39.2701280381944,1.9892578125,89.04150390625
"5974",-17.875,-54.3125,38.6664632161458,2.626953125,154.0478515625
"5975",-17.875,-54.1875,29.923583984375,0.17822265625,163.421875
"5976",-17.875,-54.0625,20.036865234375,0.12109375,86.361328125
"5977",-17.875,-53.9375,80.6610107421875,0.92138671875,266.97265625
"5978",-17.875,-53.8125,26.7109781901042,0.578125,123.1337890625
"5979",-17.875,-53.6875,10.3752092633929,1.5205078125,28.55712890625
"5980",-17.875,-53.5625,25.3021484375,3.19384765625,39.32958984375
"5981",-17.875,-53.4375,15.8291459517045,1.41748046875,28.3994140625
"5982",-17.875,-53.3125,8.64655412946429,1.04736328125,55.6103515625
"5983",-17.875,-53.1875,18.6913519965278,5.1103515625,48.52099609375
"5984",-17.875,-53.0625,45.4207356770833,10.0087890625,135.94677734375
"5985",-17.875,-52.9375,77.5875651041667,0.78564453125,333.2900390625
"5986",-17.875,-52.8125,33.6580240885417,0.630859375,146.286865234375
"5987",-17.875,-52.6875,79.2975952148438,0.64208984375,357.194091796875
"5988",-17.875,-52.5625,70.9868367513021,1.57861328125,324.58935546875
"5989",-17.875,-52.4375,30.94482421875,0.43896484375,62.6220703125
"5990",-17.875,-52.3125,87.3809661865234,8.51123046875,811.736083984375
"5991",-17.875,-52.1875,130.619710286458,1.55908203125,809.68798828125
"5992",-17.875,-52.0625,60.4849609375,0.11572265625,363.52001953125
"5993",-17.875,-51.9375,46.7720336914062,17.23046875,118.60595703125
"5994",-17.875,-51.8125,20.8664106889205,0.11767578125,173.489501953125
"5995",-17.875,-51.6875,13.896728515625,6.98486328125,20.80859375
"5996",-17.875,-51.5625,27.183984375,1.23486328125,56.6884765625
"5997",-17.875,-51.4375,63.8607177734375,2.95361328125,302.448974609375
"5998",-17.875,-51.3125,26.8640407986111,9.95556640625,87.201171875
"5999",-17.875,-51.1875,19.7105577256944,0.12939453125,48.1982421875
"6000",-17.875,-51.0625,34.1757114955357,1.21240234375,54.4326171875
"6001",-17.875,-50.9375,225.025939941406,12.48974609375,341.104736328125
"6002",-17.875,-50.8125,76.7903180803571,5.44091796875,332.43310546875
"6003",-17.875,-50.6875,11.4156901041667,7.927734375,15.35009765625
"6004",-17.875,-50.5625,47.77783203125,5.5234375,63.61669921875
"6005",-17.875,-50.4375,96.045166015625,1.75537109375,254.37060546875
"6006",-17.875,-50.3125,132.361572265625,11.96630859375,252.7568359375
"6007",-17.875,-50.1875,253.106323242188,252.287353515625,253.92529296875
"6008",-17.625,-56.8125,110.76025390625,110.76025390625,110.76025390625
"6009",-17.625,-56.4375,45.37890625,45.37890625,45.37890625
"6010",-17.625,-56.3125,117.900634765625,2.24658203125,233.5546875
"6011",-17.625,-56.1875,31.899658203125,2.88525390625,60.9140625
"6012",-17.625,-56.0625,88.88330078125,0.98876953125,153.462890625
"6013",-17.625,-55.9375,94.62646484375,88.45068359375,100.80224609375
"6014",-17.625,-55.8125,112.500732421875,72.21240234375,176.5888671875
"6015",-17.625,-55.6875,48.010009765625,6.5498046875,89.47021484375
"6016",-17.625,-55.5625,105.103376116071,8.330078125,160.2685546875
"6017",-17.625,-55.4375,45.3073064630682,1.455078125,326.300048828125
"6018",-17.625,-55.3125,24.050537109375,6.29736328125,63.89306640625
"6019",-17.625,-55.1875,147.371861049107,16.52978515625,223.61279296875
"6020",-17.625,-55.0625,133.176974826389,9.34130859375,222.40869140625
"6021",-17.625,-54.9375,66.7111612955729,0.218017578125,348.22216796875
"6022",-17.625,-54.8125,64.5044148763021,0.72265625,352.66015625
"6023",-17.625,-54.6875,121.655426025391,11.86962890625,373.465087890625
"6024",-17.625,-54.5625,46.7972237723214,2.63330078125,134.92138671875
"6025",-17.625,-54.4375,129.732073102679,11.2158203125,376.28759765625
"6026",-17.625,-54.3125,59.7672526041667,2.3369140625,153.84716796875
"6027",-17.625,-54.1875,40.3428276909722,0.17041015625,235.40087890625
"6028",-17.625,-54.0625,50.3682250976562,0.81396484375,252.75732421875
"6029",-17.625,-53.9375,79.9044538225446,2.04248046875,328.218017578125
"6030",-17.625,-53.8125,22.4962890625,6.29248046875,45.4716796875
"6031",-17.625,-53.6875,23.0825544084821,1.16259765625,63.10888671875
"6032",-17.625,-53.5625,12.6241280691964,2.470703125,39.0185546875
"6033",-17.625,-53.4375,16.9205603966346,0.9072265625,49.0419921875
"6034",-17.625,-53.3125,34.2779430042614,4.6328125,133.521728515625
"6035",-17.625,-53.1875,34.8619303385417,5.38427734375,135.890380859375
"6036",-17.625,-53.0625,64.3148099459135,11.3154296875,340.76513671875
"6037",-17.625,-52.9375,47.1186645507812,0.3154296875,335.103515625
"6038",-17.625,-52.8125,50.1425606863839,2.9443359375,139.5947265625
"6039",-17.625,-52.6875,90.0961710611979,4.7412109375,366.1162109375
"6040",-17.625,-52.5625,37.9342595880682,2.1923828125,164.96875
"6041",-17.625,-52.4375,34.5978190104167,0.1123046875,80.3935546875
"6042",-17.625,-52.3125,107.72310144761,6.6142578125,825.36279296875
"6043",-17.625,-52.1875,31.7833387586806,7.39697265625,82.52685546875
"6044",-17.625,-52.0625,90.2456597222222,1.498046875,369.621337890625
"6045",-17.625,-51.9375,19.027099609375,0.576171875,37.57666015625
"6046",-17.625,-51.8125,8.5126953125,0.05517578125,36.15673828125
"6047",-17.625,-51.6875,40.6108805338542,0.14501953125,173.377685546875
"6048",-17.625,-51.5625,4.38053385416667,0.66845703125,7.2392578125
"6049",-17.625,-51.4375,24.83935546875,0.08154296875,58.6416015625
"6050",-17.625,-51.3125,211.004248046875,1.21240234375,785.058837890625
"6051",-17.625,-51.1875,77.69013671875,2.4404296875,310.07958984375
"6052",-17.625,-51.0625,49.4013468424479,1.328125,171.40625
"6053",-17.625,-50.9375,17.8538513183594,2.1748046875,34.6474609375
"6054",-17.625,-50.8125,121.58837890625,5.576171875,330.2568359375
"6055",-17.625,-50.6875,107.234313964844,4.6630859375,323.48193359375
"6056",-17.625,-50.5625,87.658203125,5.88330078125,314.58642578125
"6057",-17.625,-50.3125,50.2872721354167,17.67333984375,71.79736328125
"6058",-17.375,-56.8125,101.154296875,101.154296875,101.154296875
"6059",-17.375,-56.4375,45.82373046875,45.82373046875,45.82373046875
"6060",-17.375,-56.1875,121.904296875,60.73828125,241.8037109375
"6061",-17.375,-56.0625,1.0068359375,0.03662109375,2.876953125
"6062",-17.375,-55.9375,71.86376953125,0.0654296875,148.294921875
"6063",-17.375,-55.8125,53.4166666666667,1.48291015625,153.59228515625
"6064",-17.375,-55.6875,187.091430664062,87.427734375,294.6845703125
"6065",-17.375,-55.5625,130.672265625,5.07470703125,317.34033203125
"6066",-17.375,-55.4375,73.3616129557292,3.40673828125,159.1494140625
"6067",-17.375,-55.3125,157.690124511719,70.43115234375,241.496826171875
"6068",-17.375,-55.1875,79.52197265625,79.52197265625,79.52197265625
"6069",-17.375,-55.0625,60.1942138671875,5.40966796875,213.9765625
"6070",-17.375,-54.9375,68.7919677734375,0.15087890625,233.23876953125
"6071",-17.375,-54.8125,109.326877170139,0.6171875,233.028076171875
"6072",-17.375,-54.6875,61.9662841796875,10.3095703125,239.964599609375
"6073",-17.375,-54.5625,199.34521484375,45.7080078125,370.54736328125
"6074",-17.375,-54.4375,79.2130737304688,18.9931640625,171.3505859375
"6075",-17.375,-54.3125,45.585693359375,7.0751953125,144.43603515625
"6076",-17.375,-54.1875,38.2124911221591,0.37158203125,117.85107421875
"6077",-17.375,-54.0625,65.5751953125,0.025390625,121.4306640625
"6078",-17.375,-53.9375,72.5243696732955,2.1640625,333.8466796875
"6079",-17.375,-53.8125,10.6663953993056,1.203125,19.68017578125
"6080",-17.375,-53.6875,23.8591496394231,0.1611328125,47.3037109375
"6081",-17.375,-53.5625,38.3119140625,0.27197265625,130.4169921875
"6082",-17.375,-53.4375,35.1898018973214,0.4228515625,129.572265625
"6083",-17.375,-53.3125,45.9052546574519,1.2001953125,138.59228515625
"6084",-17.375,-53.1875,33.7341796875,1.982421875,140.625244140625
"6085",-17.375,-53.0625,55.5242106119792,7.59912109375,342.746337890625
"6086",-17.375,-52.9375,75.7377554086539,2.1953125,366.67919921875
"6087",-17.375,-52.8125,67.8959575452303,0.1044921875,371.680908203125
"6088",-17.375,-52.6875,77.2426979758523,1.47802734375,336.747802734375
"6089",-17.375,-52.5625,52.572021484375,6.2626953125,165.25537109375
"6090",-17.375,-52.4375,20.8129340277778,0.00732421875,92.23193359375
"6091",-17.375,-52.3125,167.068960336538,0.08154296875,819.419921875
"6092",-17.375,-52.1875,133.961600167411,7.017578125,367.831787109375
"6093",-17.375,-52.0625,49.270751953125,8.966796875,86.7490234375
"6094",-17.375,-51.9375,25.5964084201389,0.35693359375,108.47265625
"6095",-17.375,-51.8125,10.790283203125,3.2353515625,18.34521484375
"6096",-17.375,-51.6875,18.72216796875,18.72216796875,18.72216796875
"6097",-17.375,-51.5625,71.0147094726562,0.28173828125,176.089111328125
"6098",-17.375,-51.4375,37.2814670138889,2.70458984375,167.11328125
"6099",-17.375,-51.3125,127.098724365234,0.9833984375,793.477294921875
"6100",-17.375,-51.1875,21.8880208333333,1.28125,59.04541015625
"6101",-17.375,-51.0625,78.553466796875,4.21826171875,319.690673828125
"6102",-17.375,-50.9375,105.072614397321,16.8115234375,322.935791015625
"6103",-17.375,-50.8125,103.382019042969,12.27001953125,325.748291015625
"6104",-17.375,-50.6875,99.1456409801136,5.19921875,330.338623046875
"6105",-17.375,-50.5625,157.474190848214,13.619140625,325.527099609375
"6106",-17.375,-50.4375,65.1767578125,65.1767578125,65.1767578125
"6107",-17.375,-50.3125,78.8154296875,78.8154296875,78.8154296875
"6108",-17.375,-50.1875,53.6240234375,15.679931640625,75.45068359375
"6109",-17.375,-50.0625,76.11279296875,0,152.2255859375
"6110",-17.125,-56.8125,95.64697265625,95.64697265625,95.64697265625
"6111",-17.125,-56.3125,49.380615234375,48.04833984375,50.712890625
"6112",-17.125,-56.1875,2.90771484375,2.90771484375,2.90771484375
"6113",-17.125,-56.0625,56.7548828125,56.7548828125,56.7548828125
"6114",-17.125,-55.9375,148.779296875,59.43798828125,238.12060546875
"6115",-17.125,-55.8125,111.267740885417,0.0732421875,261.21533203125
"6116",-17.125,-55.6875,2.9326171875,2.9326171875,2.9326171875
"6117",-17.125,-55.5625,77.68798828125,77.68798828125,77.68798828125
"6118",-17.125,-55.4375,26.4547526041667,1.31591796875,54.0498046875
"6119",-17.125,-55.3125,24.07177734375,24.07177734375,24.07177734375
"6120",-17.125,-55.1875,8.37434895833333,0.546875,23.462890625
"6121",-17.125,-55.0625,54.6919352213542,10.3291015625,222.941650390625
"6122",-17.125,-54.9375,20.0942111545139,0.78125,46.941162109375
"6123",-17.125,-54.8125,109.678344726562,11.55322265625,234.613037109375
"6124",-17.125,-54.6875,83.434521484375,13.448486328125,165.591064453125
"6125",-17.125,-54.5625,198.212727864583,14.689697265625,386.930419921875
"6126",-17.125,-54.4375,75.2533365885417,19.43408203125,321.625732421875
"6127",-17.125,-54.3125,81.0307965959821,8.71240234375,369.794921875
"6128",-17.125,-54.1875,151.268961588542,19.966796875,310.022705078125
"6129",-17.125,-54.0625,104.232476128472,0.26708984375,320.88134765625
"6130",-17.125,-53.9375,27.5283203125,0.44775390625,90.47607421875
"6131",-17.125,-53.8125,23.4920438878676,0.89453125,138.9716796875
"6132",-17.125,-53.6875,58.3300924862132,0.0341796875,141.300048828125
"6133",-17.125,-53.5625,34.3404998779297,0.19970703125,136.861572265625
"6134",-17.125,-53.4375,48.5386555989583,1.9658203125,134.582763671875
"6135",-17.125,-53.3125,87.6577004825368,3.4462890625,360.041259765625
"6136",-17.125,-53.1875,73.4582061767578,0.08740234375,364.24609375
"6137",-17.125,-53.0625,43.3123016357422,3.0966796875,366.91455078125
"6138",-17.125,-52.9375,57.6552886962891,0.84033203125,162.281494140625
"6139",-17.125,-52.8125,65.8524169921875,5.74560546875,322.035888671875
"6140",-17.125,-52.6875,62.3547807173295,5.5009765625,164.713134765625
"6141",-17.125,-52.5625,12.940625,2.630859375,28.328125
"6142",-17.125,-52.4375,49.6396484375,0.18408203125,139.2041015625
"6143",-17.125,-52.3125,114.395574396307,8.837890625,792.62939453125
"6144",-17.125,-52.1875,70.9572347005208,3.3359375,354.303466796875
"6145",-17.125,-52.0625,19.979296875,4.01513671875,39.11572265625
"6146",-17.125,-51.9375,8.5277099609375,0.1484375,18.1748046875
"6147",-17.125,-51.8125,17.6561414930556,0.40771484375,79.671875
"6148",-17.125,-51.6875,50.0478515625,1.23779296875,110.05224609375
"6149",-17.125,-51.5625,20.3323567708333,2.08447265625,112.453125
"6150",-17.125,-51.4375,45.81455078125,0.4931640625,112.638671875
"6151",-17.125,-51.3125,143.182861328125,0.1982421875,771.910888671875
"6152",-17.125,-51.1875,17.1681111653646,1.779296875,56.689208984375
"6153",-17.125,-51.0625,37.7761840820312,8.69091796875,65.92724609375
"6154",-17.125,-50.9375,61.9958984375,14.621337890625,107.928955078125
"6155",-17.125,-50.8125,41.2138671875,4.053955078125,107.6845703125
"6156",-17.125,-50.6875,46.5926920572917,5.813232421875,102.228759765625
"6157",-17.125,-50.5625,41.347900390625,16.743896484375,58.930908203125
"6158",-17.125,-50.4375,24.14111328125,24.14111328125,24.14111328125
"6159",-17.125,-50.3125,48.373046875,11.20458984375,76.32373046875
"6160",-17.125,-50.1875,61.7615966796875,60.874267578125,62.64892578125
"6161",-17.125,-50.0625,29.234375,21.187744140625,37.281005859375
"6162",-16.875,-56.8125,94.3623046875,94.3623046875,94.3623046875
"6163",-16.875,-56.6875,98.28857421875,98.28857421875,98.28857421875
"6164",-16.875,-56.1875,49.484375,49.484375,49.484375
"6165",-16.875,-56.0625,47.81591796875,47.81591796875,47.81591796875
"6166",-16.875,-55.9375,26.1595052083333,23.6064453125,30.01611328125
"6167",-16.875,-55.8125,33.111328125,33.111328125,33.111328125
"6168",-16.875,-55.6875,30.99169921875,30.99169921875,30.99169921875
"6169",-16.875,-55.5625,26.037109375,26.037109375,26.037109375
"6170",-16.875,-55.4375,50.4029541015625,49.42431640625,51.8876953125
"6171",-16.875,-55.1875,31.74267578125,31.74267578125,31.74267578125
"6172",-16.875,-55.0625,10.50341796875,0.07763671875,29.77587890625
"6173",-16.875,-54.9375,36.9505709134615,2.927734375,234.3330078125
"6174",-16.875,-54.6875,113.029278094952,10.45849609375,388.6669921875
"6175",-16.875,-54.5625,179.640686035156,6.912841796875,401.25390625
"6176",-16.875,-54.4375,136.457855224609,9.6240234375,372.030517578125
"6177",-16.875,-54.3125,70.3152606670673,0.01171875,364.372802734375
"6178",-16.875,-54.1875,47.1782769097222,3.974609375,202.84912109375
"6179",-16.875,-54.0625,40.2265625,8.58251953125,212.98046875
"6180",-16.875,-53.9375,43.036865234375,0.455078125,158.50244140625
"6181",-16.875,-53.8125,53.2427629743304,0.58984375,146.85498046875
"6182",-16.875,-53.6875,87.4680908203125,3.8837890625,350.779541015625
"6183",-16.875,-53.5625,126.02587890625,0.2275390625,346.78759765625
"6184",-16.875,-53.4375,95.9380744485294,1.75927734375,348.466064453125
"6185",-16.875,-53.3125,54.567919921875,8.083251953125,341.765380859375
"6186",-16.875,-53.1875,27.2317068917411,0.593505859375,63.010009765625
"6187",-16.875,-53.0625,45.0092961237981,0.0185546875,162.275146484375
"6188",-16.875,-52.9375,50.6872384207589,1.350341796875,134.603759765625
"6189",-16.875,-52.8125,98.3733154296875,4.140869140625,330.52734375
"6190",-16.875,-52.6875,27.9092610677083,4.4853515625,109.87353515625
"6191",-16.875,-52.5625,45.3037923177083,0.59765625,144.469970703125
"6192",-16.875,-52.4375,37.930078125,12.29638671875,73.81103515625
"6193",-16.875,-52.3125,169.883280436198,3.67529296875,791.778564453125
"6194",-16.875,-52.1875,109.929443359375,6.1943359375,353.76611328125
"6195",-16.875,-52.0625,38.384033203125,7.18701171875,89.20458984375
"6196",-16.875,-51.9375,29.1822102864583,6.15380859375,79.81787109375
"6197",-16.875,-51.8125,25.5591634114583,1.2421875,75.98095703125
"6198",-16.875,-51.6875,26.51591796875,1.59033203125,79.60009765625
"6199",-16.875,-51.5625,28.80322265625,1.68701171875,78.7177734375
"6200",-16.875,-51.4375,51.5469970703125,1.423828125,110.625
"6201",-16.875,-51.3125,117.281280517578,3.7001953125,796.262451171875
"6202",-16.875,-51.1875,63.4307861328125,13.0986328125,113.762939453125
"6203",-16.875,-51.0625,31.5840759277344,8.27978515625,106.181396484375
"6204",-16.875,-50.9375,25.322509765625,9.32080078125,47.36962890625
"6205",-16.875,-50.8125,34.753662109375,7.24072265625,69.749755859375
"6206",-16.875,-50.6875,18.12548828125,15.2412109375,21.009765625
"6207",-16.875,-50.5625,57.6540178571429,16.66162109375,95.483642578125
"6208",-16.875,-50.4375,83.1632080078125,75.41650390625,90.909912109375
"6209",-16.875,-50.1875,31.393798828125,31.393798828125,31.393798828125
"6210",-16.875,-50.0625,11.9512939453125,0,47.80517578125
"6211",-16.625,-55.9375,33.54541015625,24.3466796875,50.17626953125
"6212",-16.625,-55.8125,54.435546875,54.435546875,54.435546875
"6213",-16.625,-55.6875,54.288330078125,54.288330078125,54.288330078125
"6214",-16.625,-55.5625,26.4432373046875,1.1904296875,54.39111328125
"6215",-16.625,-55.4375,10.8509765625,0.2548828125,46.95654296875
"6216",-16.625,-55.3125,4.547607421875,2.2978515625,6.79736328125
"6217",-16.625,-55.1875,34.036181640625,6.2080078125,91.79736328125
"6218",-16.625,-55.0625,25.413818359375,2.283203125,91.720458984375
"6219",-16.625,-54.9375,33.2795758928571,1.68212890625,86.861572265625
"6220",-16.625,-54.8125,33.7873229980469,1.343994140625,94.447265625
"6221",-16.625,-54.6875,36.84287109375,10.94775390625,71.668701171875
"6222",-16.625,-54.5625,84.7586059570312,14.07373046875,174.509033203125
"6223",-16.625,-54.4375,148.957972935268,10.610595703125,393.57861328125
"6224",-16.625,-54.3125,83.7230050223214,1.904296875,357.72607421875
"6225",-16.625,-54.1875,14.5017578125,0.8623046875,26.0771484375
"6226",-16.625,-54.0625,30.9529474431818,7.30029296875,80.999267578125
"6227",-16.625,-53.9375,78.3386579241071,15.05322265625,159.701904296875
"6228",-16.625,-53.8125,76.7980414496528,9.30859375,341.33935546875
"6229",-16.625,-53.6875,53.1576704545455,7.12744140625,348.953369140625
"6230",-16.625,-53.5625,61.4969418174342,0.0078125,348.133056640625
"6231",-16.625,-53.4375,32.2293497721354,0.091796875,155.646728515625
"6232",-16.625,-53.3125,21.5341186523438,0.630859375,52.60107421875
"6233",-16.625,-53.1875,26.6899239676339,0.17138671875,55.662109375
"6234",-16.625,-53.0625,19.2383422851562,0.3125,68.505126953125
"6235",-16.625,-52.9375,81.0365804036458,21.43115234375,129.274658203125
"6236",-16.625,-52.8125,102.770612444196,2.4609375,318.21337890625
"6237",-16.625,-52.6875,86.3841552734375,11.2080078125,146.167236328125
"6238",-16.625,-52.5625,82.4998168945312,24.33056640625,198.16650390625
"6239",-16.625,-52.4375,63.0256754557292,10.7568359375,212.06640625
"6240",-16.625,-52.3125,427.590196397569,6.5283203125,847.15771484375
"6241",-16.625,-52.1875,32.0636291503906,8.978515625,77.931396484375
"6242",-16.625,-52.0625,40.209228515625,13.6103515625,87.338134765625
"6243",-16.625,-51.9375,22.3828125,15.89208984375,33.30615234375
"6244",-16.625,-51.8125,18.177490234375,3.69775390625,32.6572265625
"6245",-16.625,-51.6875,33.26806640625,33.26806640625,33.26806640625
"6246",-16.625,-51.5625,32.123046875,32.123046875,32.123046875
"6247",-16.625,-51.4375,282.50048828125,19.2265625,812.17138671875
"6248",-16.625,-51.3125,43.28857421875,4.00048828125,105.5791015625
"6249",-16.625,-51.1875,22.4609375,18.369140625,26.552734375
"6250",-16.625,-51.0625,28.625,18.71826171875,38.53173828125
"6251",-16.625,-50.9375,27.811083984375,11.179931640625,76.95556640625
"6252",-16.625,-50.8125,23.2228190104167,7.92431640625,73.30029296875
"6253",-16.625,-50.6875,22.400634765625,20.16650390625,24.94287109375
"6254",-16.625,-50.5625,22.7728271484375,20.448486328125,25.09716796875
"6255",-16.625,-50.4375,90.447021484375,90.447021484375,90.447021484375
"6256",-16.625,-50.3125,84.6455078125,79.72607421875,87.87744140625
"6257",-16.625,-50.1875,82.029296875,80.288818359375,83.769775390625
"6258",-16.625,-50.0625,72.841064453125,21.323974609375,119.8896484375
"6259",-16.375,-55.9375,29.0419921875,29.0419921875,29.0419921875
"6260",-16.375,-55.8125,5.51513671875,5.51513671875,5.51513671875
"6261",-16.375,-55.6875,12.18603515625,10.5546875,13.8173828125
"6262",-16.375,-55.5625,11.99169921875,11.99169921875,11.99169921875
"6263",-16.375,-55.4375,4.95328776041667,1.74658203125,10.3232421875
"6264",-16.375,-55.3125,24.10078125,3.96142578125,92.3681640625
"6265",-16.375,-55.1875,48.436279296875,11.67578125,85.19677734375
"6266",-16.375,-55.0625,19.6979370117188,0.2158203125,81.70556640625
"6267",-16.375,-54.9375,15.3725857204861,0.804443359375,81.34033203125
"6268",-16.375,-54.8125,21.4739990234375,2.72900390625,61.919189453125
"6269",-16.375,-54.6875,93.25771484375,8.19921875,370.363037109375
"6270",-16.375,-54.5625,141.392272949219,0.117431640625,391.96826171875
"6271",-16.375,-54.4375,24.2322591145833,1.2998046875,62.76953125
"6272",-16.375,-54.3125,39.9306196732955,0.23388671875,72.80908203125
"6273",-16.375,-54.1875,44.2017822265625,6.99365234375,79.37451171875
"6274",-16.375,-54.0625,37.4012858072917,3.1044921875,153.345458984375
"6275",-16.375,-53.9375,69.4363932291667,0.0673828125,345.290771484375
"6276",-16.375,-53.8125,63.5799560546875,6.18359375,342.518798828125
"6277",-16.375,-53.6875,36.4654715401786,5.775390625,151.7802734375
"6278",-16.375,-53.5625,39.7551066080729,2.7431640625,343.883544921875
"6279",-16.375,-53.4375,12.12939453125,0.1669921875,47.52783203125
"6280",-16.375,-53.3125,11.6349609375,0.033203125,36.9091796875
"6281",-16.375,-53.1875,17.39306640625,0.443359375,74.564453125
"6282",-16.375,-53.0625,30.106982421875,0.5078125,76.3203125
"6283",-16.375,-52.9375,71.599609375,1.904296875,114.494873046875
"6284",-16.375,-52.8125,73.680419921875,2.2880859375,297.781494140625
"6285",-16.375,-52.6875,54.69189453125,12.49462890625,142.49658203125
"6286",-16.375,-52.5625,73.0253295898438,0.10498046875,189.695556640625
"6287",-16.375,-52.4375,74.9479573567708,11.2666015625,332.702880859375
"6288",-16.375,-52.3125,32.6269124348958,11.892333984375,117.93212890625
"6289",-16.375,-52.1875,158.947387695312,3.2314453125,854.362548828125
"6290",-16.375,-52.0625,188.5828125,3.421630859375,855.65869140625
"6291",-16.375,-51.9375,183.758544921875,10.47998046875,847.441650390625
"6292",-16.375,-51.8125,185.842138671875,8.8583984375,853.64990234375
"6293",-16.375,-51.6875,217.751831054688,2.703125,840.19921875
"6294",-16.375,-51.5625,550.819254557292,1.69775390625,833.114990234375
"6295",-16.375,-51.4375,12.276611328125,3.751953125,20.80126953125
"6296",-16.375,-51.3125,67.8855794270833,29.5615234375,107.74755859375
"6297",-16.375,-51.1875,34.0634765625,34.0634765625,34.0634765625
"6298",-16.375,-51.0625,77.4552001953125,76.757568359375,78.15283203125
"6299",-16.375,-50.9375,23.398193359375,23.398193359375,23.398193359375
"6300",-16.375,-50.8125,6.00390625,6.00390625,6.00390625
"6301",-16.375,-50.5625,22.66796875,22.66796875,22.66796875
"6302",-16.375,-50.4375,22.4259033203125,20.5009765625,24.350830078125
"6303",-16.375,-50.0625,41.57470703125,41.57470703125,41.57470703125
"6304",-16.125,-55.9375,12.8462890625,2.66650390625,27.46826171875
"6305",-16.125,-55.5625,76.3125,74.73681640625,77.88818359375
"6306",-16.125,-55.4375,72.9052734375,71.32275390625,74.48779296875
"6307",-16.125,-55.3125,57.3157552083333,0.9296875,84.9423828125
"6308",-16.125,-55.1875,9.02205403645833,3.8515625,12.217041015625
"6309",-16.125,-55.0625,13.2364095052083,1.35791015625,45.3720703125
"6310",-16.125,-54.9375,21.8831380208333,2.4892578125,58.74853515625
"6311",-16.125,-54.8125,106.468811035156,1.64111328125,353.90478515625
"6312",-16.125,-54.6875,74.4644368489583,0.759033203125,364.996337890625
"6313",-16.125,-54.5625,84.936474609375,0.106201171875,375.80078125
"6314",-16.125,-54.4375,14.1775716145833,3.854248046875,25.46240234375
"6315",-16.125,-54.3125,17.452392578125,0.0078125,54.861328125
"6316",-16.125,-54.1875,38.6733805338542,18.974853515625,51.22705078125
"6317",-16.125,-54.0625,132.98867563101,6.56298828125,367.601806640625
"6318",-16.125,-53.9375,64.5353190104167,2.60107421875,366.457275390625
"6319",-16.125,-53.8125,19.8475674715909,3.32421875,48.928955078125
"6320",-16.125,-53.6875,18.74912109375,3.90771484375,37.0302734375
"6321",-16.125,-53.5625,67.6650739397321,14.36328125,336.130126953125
"6322",-16.125,-53.4375,35.1640896267361,0.30322265625,322.31396484375
"6323",-16.125,-53.3125,10.2438616071429,0.77294921875,33.9052734375
"6324",-16.125,-53.1875,22.251220703125,1.9345703125,82.558349609375
"6325",-16.125,-53.0625,56.6126708984375,11.81982421875,118.312255859375
"6326",-16.125,-52.9375,46.1064801897321,8.20849609375,115.56689453125
"6327",-16.125,-52.8125,49.1369934082031,12.309814453125,115.49072265625
"6328",-16.125,-52.6875,81.9026489257812,2.21142578125,291.339111328125
"6329",-16.125,-52.5625,43.0882568359375,1.384765625,149.321533203125
"6330",-16.125,-52.4375,52.6962280273438,0.31494140625,315.835205078125
"6331",-16.125,-52.3125,26.7723083496094,13.6044921875,52.5673828125
"6332",-16.125,-52.1875,30.3999837239583,10.85791015625,88.40283203125
"6333",-16.125,-52.0625,28.2341105143229,7.4296875,89.7373046875
"6334",-16.125,-51.9375,41.1998697916667,10.986328125,93.18505859375
"6335",-16.125,-51.8125,32.1668090820312,2.06103515625,92.67333984375
"6336",-16.125,-51.6875,28.69580078125,1.26806640625,72.9306640625
"6337",-16.125,-51.5625,25.7509765625,7.6484375,73.4619140625
"6338",-16.125,-51.4375,25.962890625,25.962890625,25.962890625
"6339",-16.125,-51.3125,43.8170166015625,32.61474609375,55.06201171875
"6340",-16.125,-51.1875,32.3603515625,32.3603515625,32.3603515625
"6341",-16.125,-51.0625,26.074462890625,26.074462890625,26.074462890625
"6342",-16.125,-50.8125,7.444091796875,7.444091796875,7.444091796875
"6343",-16.125,-50.4375,23.849853515625,23.7314453125,23.96826171875
"6344",-16.125,-50.3125,22.5701729910714,18.16064453125,25.58544921875
"6345",-16.125,-50.1875,23.38916015625,21.4716796875,25.306640625
"6346",-16.125,-50.0625,20.0009765625,0,34.451171875
"6347",-15.875,-55.9375,2.737548828125,1.11962890625,4.35546875
"6348",-15.875,-55.8125,27.25634765625,26.89599609375,27.61669921875
"6349",-15.875,-55.6875,84.5325927734375,78.6416015625,90.423583984375
"6350",-15.875,-55.3125,30.19775390625,30.19775390625,30.19775390625
"6351",-15.875,-55.1875,33.2416687011719,0.778076171875,92.148681640625
"6352",-15.875,-55.0625,5.62373046875,0.242431640625,11.580078125
"6353",-15.875,-54.9375,51.4536743164062,0.08740234375,345.853271484375
"6354",-15.875,-54.8125,3.9674072265625,0.044921875,9.73046875
"6355",-15.875,-54.6875,74.2774963378906,8.532958984375,370.4375
"6356",-15.875,-54.5625,19.1088256835938,1.615478515625,42.2236328125
"6357",-15.875,-54.4375,19.4216974431818,0.072021484375,48.808837890625
"6358",-15.875,-54.3125,12.9416097005208,3.263671875,22.9091796875
"6359",-15.875,-54.1875,9.95304361979167,1.3017578125,24.790771484375
"6360",-15.875,-54.0625,160.350646972656,25.174560546875,354.058349609375
"6361",-15.875,-53.9375,43.9249674479167,0.000244140625,163.805419921875
"6362",-15.875,-53.8125,13.426171875,2.79736328125,42.298828125
"6363",-15.875,-53.6875,5.07275390625,3.98974609375,6.15576171875
"6364",-15.875,-53.5625,13.0619303385417,0.22412109375,37.7294921875
"6365",-15.875,-53.4375,70.982177734375,0.1318359375,312.959228515625
"6366",-15.875,-53.3125,17.1273193359375,0.2119140625,50.0546875
"6367",-15.875,-53.1875,11.9943440755208,0.19921875,47.67919921875
"6368",-15.875,-53.0625,58.8094889322917,13.706787109375,117.560546875
"6369",-15.875,-52.9375,31.3245544433594,2.76806640625,66.5009765625
"6370",-15.875,-52.8125,30.4053955078125,4.796630859375,73.08154296875
"6371",-15.875,-52.6875,97.7521667480469,10.897216796875,294.69921875
"6372",-15.875,-52.5625,98.34521484375,8.645751953125,307.302001953125
"6373",-15.875,-52.4375,82.6375427246094,4.79052734375,320.76611328125
"6374",-15.875,-52.3125,98.1422424316406,7.2890625,328.598388671875
"6375",-15.875,-52.1875,87.7810974121094,5.70703125,334.1845703125
"6376",-15.875,-52.0625,60.0078735351562,12.31787109375,317.65185546875
"6377",-15.875,-51.9375,60.4883478338068,21.87939453125,317.671630859375
"6378",-15.875,-51.8125,78.3450520833333,4.0166015625,332.355224609375
"6379",-15.875,-51.6875,103.407537286932,12.77099609375,342.79150390625
"6380",-15.875,-51.5625,140.172322591146,8.4501953125,333.71826171875
"6381",-15.875,-51.4375,52.47119140625,26.47900390625,99.55615234375
"6382",-15.875,-51.3125,44.0880126953125,30.830078125,57.345947265625
"6383",-15.875,-51.1875,25.12060546875,25.12060546875,25.12060546875
"6384",-15.875,-50.8125,3.4615478515625,1.231689453125,5.69140625
"6385",-15.875,-50.3125,25.13134765625,25.13134765625,25.13134765625
"6386",-15.875,-50.1875,14.5126953125,14.5126953125,14.5126953125
"6387",-15.875,-50.0625,1.6624755859375,0,3.87890625
"6388",-15.625,-55.9375,0.787434895833333,0.517578125,1.205078125
"6389",-15.625,-55.8125,85.1246337890625,77.61328125,92.635986328125
"6390",-15.625,-55.6875,19.51171875,10.349853515625,25.205810546875
"6391",-15.625,-55.4375,5.02099609375,2.0517578125,7.92529296875
"6392",-15.625,-55.3125,19.9216796875,3.634521484375,46.1865234375
"6393",-15.625,-55.1875,2.77262369791667,0.3212890625,7.022705078125
"6394",-15.625,-55.0625,19.9766671316964,1.14013671875,99.052734375
"6395",-15.625,-54.9375,4.21236165364583,0.67822265625,11.440185546875
"6396",-15.625,-54.8125,33.192236328125,2.715087890625,64.88232421875
"6397",-15.625,-54.6875,38.2813110351562,23.85498046875,63.491455078125
"6398",-15.625,-54.5625,23.172607421875,20.73828125,26.003173828125
"6399",-15.625,-54.4375,24.8251953125,24.8251953125,24.8251953125
"6400",-15.625,-54.3125,24.5126953125,24.5126953125,24.5126953125
"6401",-15.625,-54.1875,24.3805803571429,8.3779296875,53.51025390625
"6402",-15.625,-54.0625,176.698765345982,7.14306640625,347.123046875
"6403",-15.625,-53.9375,67.649658203125,13.11279296875,162.444580078125
"6404",-15.625,-53.8125,7.407958984375,0.37939453125,42.082763671875
"6405",-15.625,-53.6875,8.7412109375,6.46435546875,11.01806640625
"6406",-15.625,-53.5625,16.53125,0.18017578125,40.76318359375
"6407",-15.625,-53.4375,15.4180908203125,0.15869140625,28.02783203125
"6408",-15.625,-53.3125,16.8223741319444,0.091796875,52.28271484375
"6409",-15.625,-53.1875,12.1652080829327,1.03515625,49.887451171875
"6410",-15.625,-53.0625,24.1799926757812,5.35302734375,72.811767578125
"6411",-15.625,-52.9375,64.9132080078125,13.233154296875,116.59326171875
"6412",-15.625,-52.8125,57.71923828125,54.547119140625,63.180908203125
"6413",-15.625,-52.6875,53.8699544270833,4.34228515625,154.747314453125
"6414",-15.625,-52.5625,118.533935546875,87.462890625,149.11181640625
"6415",-15.625,-52.4375,151.305582682292,73.35302734375,298.56689453125
"6416",-15.625,-52.3125,101.568394252232,1.301513671875,301.520263671875
"6417",-15.625,-52.1875,77.1951768663194,12.33349609375,311.450927734375
"6418",-15.625,-52.0625,77.5376352163462,5.728515625,333.7109375
"6419",-15.625,-51.9375,103.859212239583,27.863037109375,339.3994140625
"6420",-15.625,-51.8125,111.896728515625,60.6875,336.54833984375
"6421",-15.625,-51.6875,47.3655870225694,22.445068359375,84.3193359375
"6422",-15.625,-51.5625,111.852661132812,14.306640625,324.45751953125
"6423",-15.625,-51.4375,44.5318298339844,8.443359375,74.45751953125
"6424",-15.625,-51.3125,31.185595703125,7.143798828125,79.580810546875
"6425",-15.625,-50.1875,26.588623046875,26.0068359375,27.17041015625
"6426",-15.625,-50.0625,22.153076171875,22.153076171875,22.153076171875
"6427",-15.375,-55.9375,37.59130859375,2.7294921875,72.453125
"6428",-15.375,-55.8125,23.6927490234375,4.83447265625,72.70947265625
"6429",-15.375,-55.6875,10.782421875,9.76123046875,12.19482421875
"6430",-15.375,-55.5625,1.4561767578125,0.12451171875,4.978515625
"6431",-15.375,-55.4375,0.75439453125,0.75439453125,0.75439453125
"6432",-15.375,-55.3125,14.0047607421875,0.6142578125,43.11474609375
"6433",-15.375,-55.1875,1.4517578125,0.2470703125,3.26220703125
"6434",-15.375,-55.0625,26.5091552734375,0.162841796875,96.62060546875
"6435",-15.375,-54.9375,22.0884540264423,0.19482421875,65.27685546875
"6436",-15.375,-54.8125,44.0570475260417,0.360107421875,56.9345703125
"6437",-15.375,-54.6875,7.0782470703125,0.399658203125,13.7568359375
"6438",-15.375,-54.5625,12.4232177734375,2.104248046875,22.7421875
"6439",-15.375,-54.4375,17.7298990885417,0,53.076171875
"6440",-15.375,-54.3125,14.4796956380208,0.026611328125,51.7705078125
"6441",-15.375,-54.1875,68.629833984375,0.930419921875,321.129638671875
"6442",-15.375,-54.0625,138.470499674479,2.75048828125,315.03466796875
"6443",-15.375,-53.9375,9.456640625,0.435546875,18.50390625
"6444",-15.375,-53.8125,25.0091378348214,5.119140625,67.60546875
"6445",-15.375,-53.6875,10.0751139322917,6.376953125,12.5869140625
"6446",-15.375,-53.5625,13.7821858723958,1.818359375,42.22802734375
"6447",-15.375,-53.4375,24.2655029296875,0.00341796875,44.87255859375
"6448",-15.375,-53.3125,11.197607421875,0.21044921875,27.91064453125
"6449",-15.375,-53.1875,39.005126953125,9.5830078125,68.42724609375
"6450",-15.375,-53.0625,18.5115443638393,0.104248046875,38.591796875
"6451",-15.375,-52.9375,114.9755859375,114.9755859375,114.9755859375
"6452",-15.375,-52.8125,66.0452473958333,17.47216796875,114.947998046875
"6453",-15.375,-52.6875,58.6881103515625,9.58154296875,157.6005859375
"6454",-15.375,-52.5625,58.2498372395833,9.6884765625,116.35400390625
"6455",-15.375,-52.4375,58.0484212239583,9.86181640625,112.819580078125
"6456",-15.375,-52.3125,63.8828531901042,10.13037109375,109.177001953125
"6457",-15.375,-52.1875,59.24921875,8.02294921875,175.2861328125
"6458",-15.375,-52.0625,40.64306640625,10.251953125,71.677734375
"6459",-15.375,-51.9375,54.1638849431818,10.61767578125,155.3916015625
"6460",-15.375,-51.8125,80.8167588975694,10.22607421875,311.6005859375
"6461",-15.375,-51.6875,130.444970703125,11.030029296875,342.54638671875
"6462",-15.375,-51.5625,46.2173549107143,11.2626953125,72.49755859375
"6463",-15.375,-51.4375,15.1790364583333,4.21240234375,31.96142578125
"6464",-15.375,-51.3125,36.2735188802083,5.74462890625,78.997314453125
"6465",-15.375,-50.6875,7.701416015625,7.701416015625,7.701416015625
"6466",-15.375,-50.5625,1.908203125,1.908203125,1.908203125
"6467",-15.375,-50.4375,4.0906982421875,2.635498046875,5.5458984375
"6468",-15.375,-50.1875,29.5029296875,29.5029296875,29.5029296875
"6469",-15.375,-50.0625,16.4494140625,0,47.6982421875
"6470",-15.125,-56.0625,8.9630126953125,5.6689453125,11.05078125
"6471",-15.125,-55.9375,51.81591796875,3.74951171875,76.9521484375
"6472",-15.125,-55.8125,27.5872395833333,3.77294921875,73.08642578125
"6473",-15.125,-55.6875,1.60927734375,0.2578125,4.216796875
"6474",-15.125,-55.4375,1.67333984375,1.67333984375,1.67333984375
"6475",-15.125,-55.3125,13.749267578125,2.2763671875,46.13916015625
"6476",-15.125,-55.1875,2.0505859375,0.12451171875,4.498046875
"6477",-15.125,-55.0625,3.01741536458333,0.39306640625,5.412109375
"6478",-15.125,-54.9375,30.4657958984375,0.10693359375,99.000244140625
"6479",-15.125,-54.8125,36.4492458767361,1.974365234375,54.900634765625
"6480",-15.125,-54.6875,12.6601155598958,4.145751953125,19.4677734375
"6481",-15.125,-54.5625,55.130126953125,54.901611328125,55.358642578125
"6482",-15.125,-54.3125,15.7135009765625,13.945068359375,17.48193359375
"6483",-15.125,-54.1875,207.626708984375,3.811767578125,315.3310546875
"6484",-15.125,-54.0625,7.96638997395833,0.76123046875,20.34033203125
"6485",-15.125,-53.9375,28.7505580357143,0.00439453125,124.47021484375
"6486",-15.125,-53.8125,7.970703125,3.57177734375,11.06103515625
"6487",-15.125,-53.6875,47.7954915364583,11.453125,66.695068359375
"6488",-15.125,-53.5625,23.4591064453125,0.02294921875,47.584716796875
"6489",-15.125,-53.4375,35.56640625,18.1513671875,44.74267578125
"6490",-15.125,-53.3125,21.797802734375,15.313720703125,28.569580078125
"6491",-15.125,-53.1875,36.6488037109375,0.78076171875,64.946533203125
"6492",-15.125,-53.0625,21.7685953776042,10.385498046875,34.42822265625
"6493",-15.125,-52.9375,8.7173828125,3.922607421875,11.933837890625
"6494",-15.125,-52.8125,41.3668823242188,17.558837890625,66.2890625
"6495",-15.125,-52.6875,40.097900390625,0.33544921875,112.066650390625
"6496",-15.125,-52.5625,33.3291625976562,2.76416015625,116.36865234375
"6497",-15.125,-52.4375,46.6854858398438,9.854736328125,117.92578125
"6498",-15.125,-52.3125,35.7416643415179,12.502685546875,118.17138671875
"6499",-15.125,-52.1875,88.56005859375,51.9423828125,125.177734375
"6500",-15.125,-52.0625,127.968994140625,50.1689453125,226.290771484375
"6501",-15.125,-51.9375,101.27001953125,49.73193359375,153.09716796875
"6502",-15.125,-51.8125,34.54697265625,12.91650390625,98.96728515625
"6503",-15.125,-51.6875,85.0628967285156,7.94189453125,335.35595703125
"6504",-15.125,-51.5625,77.7201334635417,8.265380859375,124.23681640625
"6505",-15.125,-51.4375,40.6403111049107,2.47412109375,128.2490234375
"6506",-15.125,-51.3125,32.509521484375,7.582763671875,83.02734375
"6507",-15.125,-50.4375,3.127197265625,3.127197265625,3.127197265625
"6508",-15.125,-50.3125,2.599365234375,2.599365234375,2.599365234375
"6509",-15.125,-50.1875,13.5908610026042,1.754150390625,31.201416015625
"6510",-15.125,-50.0625,30.7443542480469,0,85.044189453125
"6511",-14.875,-56.0625,12.13037109375,12.13037109375,12.13037109375
"6512",-14.875,-55.8125,74.03369140625,73.5478515625,74.51953125
"6513",-14.875,-55.6875,80.722900390625,78.2783203125,83.16748046875
"6514",-14.875,-55.5625,86.0673828125,86.0673828125,86.0673828125
"6515",-14.875,-55.4375,94.54296875,94.54296875,94.54296875
"6516",-14.875,-55.3125,27.13720703125,27.13720703125,27.13720703125
"6517",-14.875,-55.1875,18.4876302083333,3.669189453125,45.21533203125
"6518",-14.875,-55.0625,6.71875,5.886962890625,7.550537109375
"6519",-14.875,-54.9375,53.009521484375,4.092041015625,111.873046875
"6520",-14.875,-54.8125,48.2467041015625,17.457763671875,60.599609375
"6521",-14.875,-54.6875,46.59326171875,8.230224609375,58.79638671875
"6522",-14.875,-54.3125,13.59912109375,13.59912109375,13.59912109375
"6523",-14.875,-54.1875,299.2666015625,294.70068359375,303.83251953125
"6524",-14.875,-54.0625,8.88191731770833,0.685302734375,20.188232421875
"6525",-14.875,-53.9375,11.556884765625,2.00390625,21.049072265625
"6526",-14.875,-53.8125,125.26904296875,125.26904296875,125.26904296875
"6527",-14.875,-53.6875,79.974560546875,8.08740234375,131.18505859375
"6528",-14.875,-53.5625,38.2245483398438,1.140625,48.49365234375
"6529",-14.875,-53.4375,45.851806640625,45.44921875,46.25439453125
"6530",-14.875,-53.3125,30.604345703125,20.37548828125,41.4970703125
"6531",-14.875,-53.1875,27.0025079900568,17.331298828125,41.88623046875
"6532",-14.875,-53.0625,20.3055419921875,0.715576171875,70.74072265625
"6533",-14.875,-52.9375,34.94228515625,5.368896484375,71.974853515625
"6534",-14.875,-52.8125,35.1217956542969,15.504150390625,61.095703125
"6535",-14.875,-52.6875,39.712158203125,39.712158203125,39.712158203125
"6536",-14.875,-52.5625,40.8251953125,40.8251953125,40.8251953125
"6537",-14.875,-52.4375,32.037353515625,4.206298828125,42.82080078125
"6538",-14.875,-52.3125,41.9690551757812,4.070068359375,88.321533203125
"6539",-14.875,-52.1875,65.8774007161458,11.12548828125,86.832275390625
"6540",-14.875,-52.0625,93.0531939338235,19.64990234375,263.287109375
"6541",-14.875,-51.9375,58.5185241699219,13.43017578125,168.302978515625
"6542",-14.875,-51.8125,36.789794921875,16.1142578125,77.2158203125
"6543",-14.875,-51.6875,30.73681640625,30.73681640625,30.73681640625
"6544",-14.875,-51.5625,7.979736328125,7.979736328125,7.979736328125
"6545",-14.875,-51.4375,49.640380859375,2.80712890625,123.63818359375
"6546",-14.875,-51.3125,23.3882649739583,9.66650390625,37.518798828125
"6547",-14.875,-50.4375,42.4446411132812,40.154296875,45.951904296875
"6548",-14.875,-50.3125,23.1295689174107,0.3671875,40.479248046875
"6549",-14.875,-50.1875,12.8473307291667,0.33544921875,37.372314453125
"6550",-14.875,-50.0625,0.391845703125,0,0.78369140625
"6551",-14.625,-55.9375,14.603515625,14.603515625,14.603515625
"6552",-14.625,-55.1875,20.9296264648438,0.564453125,47.800537109375
"6553",-14.625,-55.0625,3.491455078125,3.491455078125,3.491455078125
"6554",-14.625,-54.9375,87.9051513671875,51.356689453125,124.45361328125
"6555",-14.625,-54.8125,14.47216796875,14.47216796875,14.47216796875
"6556",-14.625,-54.5625,10.37451171875,9.173583984375,11.575439453125
"6557",-14.625,-54.3125,14.9736328125,14.9736328125,14.9736328125
"6558",-14.625,-54.1875,19.160888671875,19.160888671875,19.160888671875
"6559",-14.625,-54.0625,62.83310546875,0.365966796875,300.543701171875
"6560",-14.625,-53.9375,7.174072265625,7.174072265625,7.174072265625
"6561",-14.625,-53.8125,9.33465576171875,8.29296875,10.17529296875
"6562",-14.625,-53.6875,63.5961100260417,55.001953125,69.957763671875
"6563",-14.625,-53.5625,43.7733764648438,0.17822265625,122.9423828125
"6564",-14.625,-53.1875,26.833984375,5.049072265625,60.688232421875
"6565",-14.625,-53.0625,26.073388671875,5.2109375,62.45458984375
"6566",-14.625,-52.9375,41.3224609375,1.31884765625,77.1103515625
"6567",-14.625,-52.8125,36.311279296875,1.5771484375,94.692626953125
"6568",-14.625,-52.4375,45.0900553385417,36.458984375,58.121826171875
"6569",-14.625,-52.3125,74.654052734375,40.091796875,89.43212890625
"6570",-14.625,-52.1875,42.085205078125,42.085205078125,42.085205078125
"6571",-14.625,-52.0625,142.515869140625,142.515869140625,142.515869140625
"6572",-14.625,-51.8125,20.4228108723958,13.5537109375,34.177490234375
"6573",-14.625,-51.6875,35.36181640625,35.36181640625,35.36181640625
"6574",-14.625,-51.5625,15.02392578125,13.4775390625,16.8984375
"6575",-14.625,-51.4375,89.9912719726562,31.60400390625,148.378540039062
"6576",-14.625,-51.3125,81.5267944335938,14.7421875,148.895751953125
"6577",-14.625,-51.1875,21.31298828125,21.31298828125,21.31298828125
"6578",-14.625,-50.5625,47.57958984375,47.57958984375,47.57958984375
"6579",-14.375,-55.8125,9.06787109375,9.06787109375,9.06787109375
"6580",-14.375,-55.1875,6.32470703125,0.20263671875,21.849609375
"6581",-14.375,-55.0625,21.705078125,0.0849609375,43.4599609375
"6582",-14.375,-54.9375,49.2177734375,49.2177734375,49.2177734375
"6583",-14.375,-54.8125,8.294921875,8.294921875,8.294921875
"6584",-14.375,-54.5625,10.243408203125,2.391357421875,26.52978515625
"6585",-14.375,-54.4375,5.60400390625,1.33740234375,9.87060546875
"6586",-14.375,-54.0625,9.927734375,2.43603515625,17.41943359375
"6587",-14.375,-53.9375,3.342529296875,2.39453125,4.29052734375
"6588",-14.375,-53.8125,7.653076171875,3.03466796875,12.271484375
"6589",-14.375,-53.6875,28.5922037760417,4.85595703125,70.761962890625
"6590",-14.375,-53.5625,63.95849609375,1.68408203125,120.78076171875
"6591",-14.375,-53.4375,50.641552734375,1.18310546875,132.204345703125
"6592",-14.375,-53.3125,17.4697265625,0.268310546875,54.63427734375
"6593",-14.375,-53.1875,20.37353515625,20.37353515625,20.37353515625
"6594",-14.375,-52.8125,63.020556640625,18.375244140625,92.87548828125
"6595",-14.375,-52.6875,10.4886067708333,2.760498046875,14.523681640625
"6596",-14.375,-52.1875,81.797119140625,81.797119140625,81.797119140625
"6597",-14.375,-52.0625,142.855712890625,142.855712890625,142.855712890625
"6598",-14.375,-51.9375,16.673828125,16.673828125,16.673828125
"6599",-14.375,-51.8125,8.05546875,5.298828125,12.55517578125
"6600",-14.375,-51.6875,16.3264973958333,5.7490234375,35.982421875
"6601",-14.375,-51.5625,34.806396484375,7.350341796875,85.4736328125
"6602",-14.375,-51.4375,5.529541015625,1.261962890625,9.797119140625
"6603",-14.375,-51.3125,25.443359375,25.443359375,25.443359375
"6604",-14.375,-51.1875,76.5765787760417,27.28857421875,102.445068359375
"6605",-14.375,-51.0625,25.234619140625,25.234619140625,25.234619140625
"6606",-14.125,-55.3125,16.926513671875,14.86181640625,18.9912109375
"6607",-14.125,-55.1875,3.0701904296875,1.298583984375,4.841796875
"6608",-14.125,-55.0625,3.0029296875,3.0029296875,3.0029296875
"6609",-14.125,-54.9375,60.6541748046875,3.69287109375,117.615478515625
"6610",-14.125,-54.8125,2.4619140625,2.4619140625,2.4619140625
"6611",-14.125,-54.6875,3.8826904296875,1.009765625,6.755615234375
"6612",-14.125,-54.5625,15.5028076171875,7.828369140625,23.17724609375
"6613",-14.125,-54.4375,2.06061662946429,0.26025390625,8.94677734375
"6614",-14.125,-53.9375,19.91357421875,19.91357421875,19.91357421875
"6615",-14.125,-53.8125,8.58894856770833,7.26171875,11.243408203125
"6616",-14.125,-53.6875,10.532470703125,8.1767578125,12.88818359375
"6617",-14.125,-53.5625,8.716064453125,5.3701171875,10.26318359375
"6618",-14.125,-53.4375,55.8882446289062,10.772216796875,126.1884765625
"6619",-14.125,-53.3125,7.11710611979167,5.4345703125,8.77587890625
"6620",-14.125,-53.0625,43.3111572265625,0.3955078125,86.226806640625
"6621",-14.125,-52.9375,79.194580078125,79.194580078125,79.194580078125
"6622",-14.125,-52.8125,27.743408203125,0.64111328125,79.846435546875
"6623",-14.125,-52.6875,84.3905029296875,79.8212890625,87.210693359375
"6624",-14.125,-52.5625,78.63427734375,78.63427734375,78.63427734375
"6625",-14.125,-52.4375,82.263427734375,82.263427734375,82.263427734375
"6626",-14.125,-51.9375,79.0828857421875,17.83984375,140.325927734375
"6627",-14.125,-51.8125,95.4346400669643,6.95458984375,161.01123046875
"6628",-14.125,-51.6875,96.7859235491072,10.21337890625,164.028076171875
"6629",-14.125,-51.5625,50.7359212239583,11.874755859375,74.31689453125
"6630",-14.125,-51.4375,30.977783203125,30.977783203125,30.977783203125
"6631",-14.125,-51.3125,31.224609375,31.224609375,31.224609375
"6632",-14.125,-51.1875,114.267578125,114.267578125,114.267578125
"6633",-14.125,-50.9375,24.6051025390625,23.765869140625,25.4443359375
"6634",-13.875,-55.3125,0.832600911458333,0.0029296875,1.85107421875
"6635",-13.875,-55.0625,3.12068684895833,2.40625,4.1474609375
"6636",-13.875,-54.9375,1.732177734375,1.732177734375,1.732177734375
"6637",-13.875,-54.5625,6.2222900390625,2.783447265625,9.6611328125
"6638",-13.875,-54.4375,13.2425537109375,7.56494140625,18.920166015625
"6639",-13.875,-53.9375,23.8046875,23.8046875,23.8046875
"6640",-13.875,-53.8125,17.993408203125,11.059814453125,24.927001953125
"6641",-13.875,-53.6875,6.21875,6.21875,6.21875
"6642",-13.875,-53.5625,8.2608642578125,4.49462890625,15.03662109375
"6643",-13.875,-53.4375,7.8466796875,5.052978515625,10.640380859375
"6644",-13.875,-53.3125,48.8954264322917,1.43359375,123.39111328125
"6645",-13.875,-53.1875,52.994384765625,7.38623046875,123.182373046875
"6646",-13.875,-53.0625,63.2236938476562,16.447021484375,133.445068359375
"6647",-13.875,-52.8125,44.0653076171875,3.39453125,84.719482421875
"6648",-13.875,-52.6875,6.0816650390625,5.005859375,7.157470703125
"6649",-13.875,-52.3125,81.0582275390625,78.6650390625,83.451416015625
"6650",-13.875,-51.9375,107.574072265625,20.361328125,164.279541015625
"6651",-13.875,-51.6875,10.6923828125,8.274658203125,14.62158203125
"6652",-13.875,-51.5625,29.8051147460938,11.301025390625,79.30810546875
"6653",-13.875,-51.4375,5.232177734375,5.232177734375,5.232177734375
"6654",-13.875,-51.3125,28.02294921875,28.02294921875,28.02294921875
"6655",-13.875,-51.1875,123.330810546875,123.330810546875,123.330810546875
"6656",-13.875,-50.8125,22.094482421875,22.094482421875,22.094482421875
"6657",-13.625,-55.1875,4.9072265625,4.9072265625,4.9072265625
"6658",-13.625,-55.0625,27.7481689453125,0.5869140625,100.294921875
"6659",-13.625,-54.9375,2.27685546875,1.83935546875,2.71435546875
"6660",-13.625,-54.8125,8.99658203125,2.68408203125,15.30908203125
"6661",-13.625,-54.6875,8.9188232421875,3.315185546875,18.7119140625
"6662",-13.625,-54.5625,13.0035400390625,8.732666015625,17.2744140625
"6663",-13.625,-54.3125,24.2381591796875,23.898681640625,24.57763671875
"6664",-13.625,-54.1875,22.047119140625,22.047119140625,22.047119140625
"6665",-13.625,-54.0625,19.046630859375,17.301513671875,20.791748046875
"6666",-13.625,-53.9375,19.588134765625,18.7216796875,20.45458984375
"6667",-13.625,-53.8125,14.7890625,13.863525390625,15.714599609375
"6668",-13.625,-53.6875,24.4231567382812,17.09423828125,32.411865234375
"6669",-13.625,-53.5625,4.409423828125,3.915283203125,4.903564453125
"6670",-13.625,-53.4375,9.4503173828125,8.188720703125,10.7119140625
"6671",-13.625,-53.3125,12.308349609375,11.550537109375,13.066162109375
"6672",-13.625,-53.1875,0.112060546875,0.112060546875,0.112060546875
"6673",-13.625,-53.0625,8.5477294921875,1.17529296875,15.920166015625
"6674",-13.625,-52.9375,8.3951416015625,0.141357421875,16.64892578125
"6675",-13.625,-52.8125,47.7188720703125,15.5126953125,79.925048828125
"6676",-13.625,-52.6875,5.52587890625,5.52587890625,5.52587890625
"6677",-13.625,-52.5625,6.853515625,6.853515625,6.853515625
"6678",-13.625,-52.1875,84.39306640625,83.712158203125,85.073974609375
"6679",-13.625,-52.0625,157.935302734375,157.935302734375,157.935302734375
"6680",-13.625,-51.9375,78.9825962611607,16.7998046875,159.838134765625
"6681",-13.625,-51.8125,31.263427734375,31.263427734375,31.263427734375
"6682",-13.625,-51.6875,4.964111328125,4.964111328125,4.964111328125
"6683",-13.625,-51.5625,37.6622314453125,2.635498046875,72.68896484375
"6684",-13.625,-51.4375,30.1795654296875,13.660888671875,74.284912109375
"6685",-13.625,-51.3125,9.33251953125,3.092041015625,16.762939453125
"6686",-13.625,-51.1875,24.8065185546875,6.096435546875,43.5166015625
"6687",-13.625,-50.8125,24.470458984375,24.470458984375,24.470458984375
"6688",-13.375,-55.1875,7.96435546875,7.96435546875,7.96435546875
"6689",-13.375,-55.0625,54.410400390625,6.41845703125,102.40234375
"6690",-13.375,-54.9375,11.27099609375,11.27099609375,11.27099609375
"6691",-13.375,-53.8125,12.266845703125,11.091064453125,13.442626953125
"6692",-13.375,-53.6875,24.2453125,20.37255859375,27.134765625
"6693",-13.375,-53.5625,20.1845703125,2.653564453125,37.715576171875
"6694",-13.375,-53.4375,40.41943359375,40.41943359375,40.41943359375
"6695",-13.375,-53.3125,19.1240234375,19.1240234375,19.1240234375
"6696",-13.375,-53.1875,11.68994140625,11.68994140625,11.68994140625
"6697",-13.375,-52.9375,49.9614868164062,18.53515625,80.75048828125
"6698",-13.375,-52.6875,21.8795166015625,20.92578125,22.833251953125
"6699",-13.375,-52.5625,26.893310546875,26.893310546875,26.893310546875
"6700",-13.375,-52.4375,9.16943359375,9.16943359375,9.16943359375
"6701",-13.375,-52.3125,8.2080078125,8.2080078125,8.2080078125
"6702",-13.375,-52.0625,91.8023681640625,88.0712890625,95.533447265625
"6703",-13.375,-51.9375,59.089111328125,19.57421875,98.60400390625
"6704",-13.375,-51.8125,123.242757161458,37.098388671875,167.8837890625
"6705",-13.375,-51.6875,151.736283735795,36.618896484375,182.210205078125
"6706",-13.375,-51.5625,42.097900390625,40.552001953125,43.643798828125
"6707",-13.375,-51.4375,20.2578938802083,0.1904296875,45.204833984375
"6708",-13.375,-51.3125,32.3151448567708,6.459716796875,68.872314453125
"6709",-13.375,-51.1875,28.668701171875,18.031005859375,39.306396484375
"6710",-13.375,-50.9375,4.14306640625,4.14306640625,4.14306640625
"6711",-13.375,-50.8125,16.414306640625,5.619140625,27.20947265625
"6712",-13.375,-50.5625,11.2911376953125,9.531982421875,13.05029296875
"6713",-13.375,-50.4375,12.828369140625,12.306396484375,13.350341796875
"6714",-13.125,-55.3125,9.58740234375,9.58740234375,9.58740234375
"6715",-13.125,-55.0625,93.57421875,93.57421875,93.57421875
"6716",-13.125,-53.8125,10.56103515625,10.56103515625,10.56103515625
"6717",-13.125,-53.4375,5.622802734375,5.622802734375,5.622802734375
"6718",-13.125,-53.0625,7.63037109375,7.63037109375,7.63037109375
"6719",-13.125,-52.9375,79.522705078125,79.522705078125,79.522705078125
"6720",-13.125,-52.8125,51.2335205078125,20.033935546875,82.43310546875
"6721",-13.125,-52.6875,19.2470703125,19.2470703125,19.2470703125
"6722",-13.125,-52.5625,26.3212890625,25.747314453125,26.803955078125
"6723",-13.125,-52.3125,7.88671875,7.88671875,7.88671875
"6724",-13.125,-51.9375,72.061279296875,14.319580078125,101.64013671875
"6725",-13.125,-51.8125,60.9285888671875,13.69580078125,108.161376953125
"6726",-13.125,-51.6875,143.376342773438,17.871826171875,185.80224609375
"6727",-13.125,-51.3125,5.23193359375,0.744384765625,9.719482421875
"6728",-13.125,-51.1875,39.664794921875,7.592041015625,71.737548828125
"6729",-13.125,-51.0625,74.716064453125,74.716064453125,74.716064453125
"6730",-13.125,-50.6875,29.0765380859375,27.260009765625,30.89306640625
"6731",-13.125,-50.4375,15.8251953125,15.8251953125,15.8251953125
"6732",-12.875,-56.6875,128.696533203125,128.696533203125,128.696533203125
"6733",-12.875,-56.5625,124.98193359375,124.98193359375,124.98193359375
"6734",-12.875,-55.0625,95.6787109375,95.6787109375,95.6787109375
"6735",-12.875,-53.8125,13.6392822265625,11.48486328125,15.793701171875
"6736",-12.875,-53.4375,6.948974609375,6.730224609375,7.167724609375
"6737",-12.875,-53.0625,11.7347412109375,11.734619140625,11.73486328125
"6738",-12.875,-52.8125,82.286865234375,82.286865234375,82.286865234375
"6739",-12.875,-52.6875,81.713134765625,81.713134765625,81.713134765625
"6740",-12.875,-52.5625,42.7116292317708,21.778564453125,79.13916015625
"6741",-12.875,-52.4375,84.97314453125,80.619384765625,89.424560546875
"6742",-12.875,-52.3125,48.687744140625,6.16162109375,91.2138671875
"6743",-12.875,-51.6875,179.421447753906,175.7666015625,183.698974609375
"6744",-12.875,-51.5625,117.174560546875,114.720458984375,119.628662109375
"6745",-12.875,-51.4375,124.133544921875,124.133544921875,124.133544921875
"6746",-12.875,-51.1875,13.662353515625,13.662353515625,13.662353515625
"6747",-12.875,-51.0625,6.7882080078125,3.349365234375,10.22705078125
"6748",-12.875,-50.9375,69.67626953125,69.67626953125,69.67626953125
"6749",-12.875,-50.8125,71.817138671875,71.817138671875,71.817138671875
"6750",-12.875,-50.5625,31.4501953125,31.4501953125,31.4501953125
"6751",-12.875,-50.4375,17.880126953125,17.880126953125,17.880126953125
"6752",-12.625,-56.4375,113.4111328125,113.103515625,113.71875
"6753",-12.625,-55.1875,89.79833984375,87.03759765625,92.55908203125
"6754",-12.625,-53.8125,17.033935546875,17.033935546875,17.033935546875
"6755",-12.625,-53.6875,18.69091796875,18.69091796875,18.69091796875
"6756",-12.625,-53.5625,6.942626953125,6.012939453125,7.872314453125
"6757",-12.625,-53.4375,5.453369140625,4.22216796875,6.2734375
"6758",-12.625,-53.1875,12.394287109375,12.394287109375,12.394287109375
"6759",-12.625,-53.0625,12.852783203125,12.852783203125,12.852783203125
"6760",-12.625,-52.5625,22.8921875,19.981201171875,25.22021484375
"6761",-12.625,-52.3125,64.684326171875,6.560302734375,94.44482421875
"6762",-12.625,-51.6875,179.126302083333,178.24951171875,180.072021484375
"6763",-12.625,-51.3125,125.191650390625,125.191650390625,125.191650390625
"6764",-12.625,-51.0625,9.92529296875,9.92529296875,9.92529296875
"6765",-12.625,-50.9375,7.1304931640625,4.055908203125,10.205078125
"6766",-12.625,-50.6875,43.9453125,8.9521484375,78.9384765625
"6767",-12.625,-50.5625,44.3955891927083,26.30126953125,76.24462890625
"6768",-12.625,-50.4375,79.649169921875,79.649169921875,79.649169921875
"6769",-12.375,-56.3125,109.973876953125,109.0283203125,110.91943359375
"6770",-12.375,-56.1875,110.59716796875,110.59716796875,110.59716796875
"6771",-12.375,-55.3125,91.8515625,91.8515625,91.8515625
"6772",-12.375,-53.6875,14.341552734375,14.341552734375,14.341552734375
"6773",-12.375,-53.5625,14.162353515625,11.2783203125,15.58349609375
"6774",-12.375,-53.4375,12.6767578125,12.6767578125,12.6767578125
"6775",-12.375,-53.3125,16.744140625,16.744140625,16.744140625
"6776",-12.375,-53.1875,12.6474609375,12.6474609375,12.6474609375
"6777",-12.375,-52.1875,36.42724609375,6.778564453125,95.724609375
"6778",-12.375,-52.0625,87.660400390625,87.660400390625,87.660400390625
"6779",-12.375,-51.8125,177.868245442708,176.18798828125,178.814208984375
"6780",-12.375,-51.6875,181.64892578125,181.64892578125,181.64892578125
"6781",-12.375,-51.1875,124.028076171875,124.028076171875,124.028076171875
"6782",-12.375,-50.8125,8.007080078125,2.592529296875,13.421630859375
"6783",-12.375,-50.5625,16.4674682617188,10.852294921875,24.103759765625
"6784",-12.375,-50.4375,12.22607421875,12.22607421875,12.22607421875
"6785",-12.125,-56.1875,110.973876953125,108.04931640625,113.8984375
"6786",-12.125,-56.0625,101.31884765625,99.41015625,103.2275390625
"6787",-12.125,-55.5625,91.07080078125,91.07080078125,91.07080078125
"6788",-12.125,-55.4375,94.04443359375,94.04443359375,94.04443359375
"6789",-12.125,-52.0625,25.2261352539062,4.502197265625,82.730712890625
"6790",-12.125,-51.9375,78.614501953125,78.614501953125,78.614501953125
"6791",-12.125,-51.8125,149.529663085938,84.291748046875,171.86376953125
"6792",-12.125,-51.1875,132.189208984375,132.189208984375,132.189208984375
"6793",-12.125,-51.0625,133.76953125,133.76953125,133.76953125
"6794",-12.125,-50.8125,2.228515625,2.228515625,2.228515625
"6795",-12.125,-50.6875,18.727783203125,12.79638671875,24.6591796875
"6796",-12.125,-50.5625,14.4290771484375,11.904296875,16.953857421875
"6797",-12.125,-50.4375,7.600341796875,7.037109375,8.16357421875
"6798",-11.875,-55.9375,91.8943684895833,90.56005859375,92.5615234375
"6799",-11.875,-55.8125,85.606689453125,82.96533203125,88.248046875
"6800",-11.875,-55.6875,78.9453125,78.9453125,78.9453125
"6801",-11.875,-51.9375,3.86572265625,3.86572265625,3.86572265625
"6802",-11.875,-51.8125,176.3515625,173.950439453125,178.752685546875
"6803",-11.875,-51.6875,110.699055989583,76.78271484375,177.22119140625
"6804",-11.875,-50.9375,139.292602539062,127.008056640625,151.5771484375
"6805",-11.875,-50.6875,9.537939453125,0.69482421875,20.457275390625
"6806",-11.875,-50.5625,14.03515625,14.03515625,14.03515625
"6807",-11.875,-50.4375,7.4107666015625,5.6533203125,9.168212890625
"6808",-11.625,-51.6875,129.992553710938,78.42626953125,181.558837890625
"6809",-11.625,-51.5625,187.477661132812,185.34814453125,189.607177734375
"6810",-11.625,-50.8125,16.56298828125,16.56298828125,16.56298828125
"6811",-11.625,-50.6875,2.8555908203125,1.29345703125,4.417724609375
"6812",-11.625,-50.5625,6.884033203125,6.884033203125,6.884033203125
"6813",-11.375,-51.6875,79.42724609375,79.42724609375,79.42724609375
"6814",-11.375,-51.5625,125.002197265625,69.655517578125,180.348876953125
"6815",-11.375,-50.6875,13.7862548828125,11.203369140625,16.369140625
"6816",-11.375,-50.5625,9.304443359375,9.304443359375,9.304443359375
"6817",-11.125,-51.5625,74.1912841796875,71.5634765625,76.819091796875
"6818",-11.125,-50.6875,16.146728515625,16.146728515625,16.146728515625
"6819",-11.125,-50.5625,11.30810546875,11.30810546875,11.30810546875
"6820",-10.875,-51.4375,77.496337890625,76.86328125,78.12939453125
"6821",-10.875,-50.6875,0.213623046875,0.213623046875,0.213623046875
"6822",-10.875,-50.5625,166.002197265625,166.002197265625,166.002197265625
"6823",-10.625,-50.5625,3390.05940755208,3362.92651367188,3408.75024414062
"6824",-10.375,-50.5625,3314.25372314453,3296.6396484375,3329.57495117188
"6825",-10.125,-50.5625,3299.25506591797,3295.4189453125,3306.10278320312
"6826",-9.875,-50.9375,3136.64306640625,3136.64306640625,3136.64306640625
"6827",-9.875,-50.8125,3202.88460286458,3139.2958984375,3274.28784179688
"6828",-9.875,-50.6875,3289.86486816406,3287.16796875,3292.56176757812
"6829",-9.875,-50.5625,3289.96826171875,3289.96826171875,3289.96826171875
"6830",-9.625,-50.9375,3118.24894205729,3103.6513671875,3137.18872070312
