"","x","y","numb"
"1",-39.125,-53.1875,1
"2",-39.125,-53.0625,2
"3",-38.875,-53.3125,2
"4",-38.875,-52.9375,2
"5",-38.625,-53.3125,1
"6",-38.625,-53.1875,1
"7",-38.625,-52.9375,1
"8",-38.625,-52.8125,1
"9",-38.375,-53.1875,4
"10",-38.375,-53.0625,1
"11",-38.375,-52.9375,3
"12",-38.375,-52.8125,1
"13",-38.125,-53.1875,2
"14",-38.125,-53.0625,1
"15",-37.875,-53.1875,1
"16",-37.875,-52.8125,6
"17",-37.875,-52.6875,1
"18",-37.875,-52.5625,2
"19",-37.625,-53.1875,1
"20",-37.625,-52.8125,4
"21",-37.625,-52.4375,1
"22",-37.625,-52.3125,2
"23",-37.375,-53.1875,2
"24",-37.375,-53.0625,6
"25",-37.375,-52.9375,10
"26",-37.375,-52.8125,2
"27",-37.125,-53.1875,2
"28",-37.125,-52.9375,2
"29",-36.875,-53.1875,1
"30",-36.875,-52.9375,1
"31",-36.625,-53.1875,3
"32",-36.625,-52.9375,4
"33",-36.375,-53.1875,2
"34",-36.375,-53.0625,2
"35",-36.375,-52.9375,4
"36",-36.375,-52.8125,1
"37",-36.125,-53.3125,2
"38",-36.125,-53.1875,7
"39",-36.125,-53.0625,3
"40",-36.125,-52.9375,1
"41",-36.125,-52.8125,3
"42",-35.875,-53.3125,8
"43",-35.875,-53.1875,12
"44",-35.875,-53.0625,3
"45",-35.875,-52.9375,5
"46",-35.875,-52.8125,2
"47",-35.875,-52.6875,1
"48",-35.625,-58.9375,1
"49",-35.625,-53.4375,7
"50",-35.625,-53.3125,13
"51",-35.625,-53.1875,13
"52",-35.625,-53.0625,3
"53",-35.625,-52.9375,6
"54",-35.625,-52.8125,6
"55",-35.625,-52.6875,1
"56",-35.375,-59.4375,2
"57",-35.375,-59.3125,16
"58",-35.375,-59.1875,6
"59",-35.375,-59.0625,3
"60",-35.375,-58.9375,1
"61",-35.375,-58.8125,2
"62",-35.375,-58.6875,7
"63",-35.375,-53.8125,1
"64",-35.375,-53.6875,2
"65",-35.375,-53.5625,10
"66",-35.375,-53.4375,9
"67",-35.375,-53.3125,4
"68",-35.375,-53.0625,4
"69",-35.375,-52.9375,5
"70",-35.375,-52.8125,3
"71",-35.125,-59.9375,2
"72",-35.125,-59.8125,3
"73",-35.125,-59.6875,11
"74",-35.125,-59.5625,14
"75",-35.125,-59.4375,35
"76",-35.125,-59.3125,76
"77",-35.125,-59.1875,6
"78",-35.125,-59.0625,14
"79",-35.125,-58.9375,18
"80",-35.125,-58.8125,13
"81",-35.125,-58.6875,2
"82",-35.125,-54.0625,1
"83",-35.125,-53.9375,1
"84",-35.125,-53.8125,3
"85",-35.125,-53.6875,12
"86",-35.125,-53.5625,7
"87",-35.125,-53.4375,7
"88",-35.125,-53.3125,7
"89",-35.125,-53.1875,13
"90",-35.125,-53.0625,3
"91",-35.125,-52.9375,3
"92",-34.875,-59.9375,7
"93",-34.875,-59.8125,17
"94",-34.875,-59.6875,17
"95",-34.875,-59.5625,28
"96",-34.875,-59.4375,44
"97",-34.875,-59.3125,69
"98",-34.875,-59.1875,44
"99",-34.875,-59.0625,15
"100",-34.875,-58.9375,6
"101",-34.875,-58.8125,5
"102",-34.875,-58.6875,3
"103",-34.875,-54.3125,1
"104",-34.875,-54.1875,1
"105",-34.875,-54.0625,2
"106",-34.875,-53.9375,9
"107",-34.875,-53.8125,14
"108",-34.875,-53.6875,7
"109",-34.875,-53.5625,4
"110",-34.875,-53.4375,4
"111",-34.875,-53.3125,8
"112",-34.875,-53.1875,12
"113",-34.875,-53.0625,8
"114",-34.875,-52.9375,4
"115",-34.625,-60.6875,6
"116",-34.625,-60.5625,9
"117",-34.625,-60.4375,12
"118",-34.625,-60.3125,1
"119",-34.625,-60.1875,8
"120",-34.625,-60.0625,11
"121",-34.625,-59.9375,15
"122",-34.625,-59.8125,31
"123",-34.625,-59.6875,58
"124",-34.625,-59.5625,53
"125",-34.625,-59.4375,45
"126",-34.625,-59.3125,34
"127",-34.625,-59.1875,18
"128",-34.625,-59.0625,4
"129",-34.625,-58.9375,7
"130",-34.625,-58.8125,5
"131",-34.625,-58.6875,1
"132",-34.625,-54.4375,1
"133",-34.625,-54.3125,1
"134",-34.625,-54.1875,3
"135",-34.625,-54.0625,18
"136",-34.625,-53.9375,13
"137",-34.625,-53.8125,22
"138",-34.625,-53.6875,2
"139",-34.625,-53.5625,1
"140",-34.625,-53.4375,1
"141",-34.625,-53.3125,9
"142",-34.625,-53.1875,5
"143",-34.625,-53.0625,5
"144",-34.625,-51.6875,1
"145",-34.375,-60.9375,3
"146",-34.375,-60.8125,12
"147",-34.375,-60.6875,2
"148",-34.375,-60.5625,1
"149",-34.375,-60.4375,51
"150",-34.375,-60.3125,59
"151",-34.375,-60.1875,60
"152",-34.375,-60.0625,175
"153",-34.375,-59.9375,100
"154",-34.375,-59.8125,85
"155",-34.375,-59.6875,66
"156",-34.375,-59.5625,75
"157",-34.375,-59.4375,104
"158",-34.375,-59.3125,67
"159",-34.375,-59.1875,9
"160",-34.375,-59.0625,13
"161",-34.375,-58.9375,12
"162",-34.375,-58.8125,4
"163",-34.375,-55.5625,1
"164",-34.375,-54.5625,2
"165",-34.375,-54.4375,3
"166",-34.375,-54.3125,4
"167",-34.375,-54.1875,18
"168",-34.375,-54.0625,25
"169",-34.375,-53.9375,3
"170",-34.375,-53.8125,13
"171",-34.375,-53.6875,3
"172",-34.375,-53.5625,1
"173",-34.375,-53.4375,2
"174",-34.375,-53.3125,8
"175",-34.375,-53.1875,4
"176",-34.375,-53.0625,1
"177",-34.375,-52.9375,2
"178",-34.375,-51.8125,1
"179",-34.125,-61.1875,10
"180",-34.125,-60.9375,5
"181",-34.125,-60.8125,12
"182",-34.125,-60.6875,30
"183",-34.125,-60.5625,44
"184",-34.125,-60.4375,411
"185",-34.125,-60.3125,310
"186",-34.125,-60.1875,286
"187",-34.125,-60.0625,787
"188",-34.125,-59.9375,387
"189",-34.125,-59.8125,295
"190",-34.125,-59.6875,292
"191",-34.125,-59.5625,122
"192",-34.125,-59.4375,406
"193",-34.125,-59.3125,157
"194",-34.125,-59.1875,105
"195",-34.125,-59.0625,260
"196",-34.125,-58.9375,67
"197",-34.125,-58.8125,30
"198",-34.125,-58.6875,7
"199",-34.125,-57.9375,9
"200",-34.125,-57.8125,10
"201",-34.125,-55.8125,1
"202",-34.125,-55.4375,1
"203",-34.125,-55.3125,1
"204",-34.125,-55.0625,1
"205",-34.125,-54.6875,3
"206",-34.125,-54.5625,2
"207",-34.125,-54.4375,6
"208",-34.125,-54.3125,17
"209",-34.125,-54.1875,15
"210",-34.125,-54.0625,7
"211",-34.125,-53.9375,6
"212",-34.125,-53.8125,8
"213",-34.125,-53.6875,6
"214",-34.125,-53.5625,8
"215",-34.125,-53.4375,4
"216",-34.125,-53.3125,3
"217",-34.125,-53.1875,2
"218",-34.125,-52.9375,3
"219",-34.125,-52.8125,2
"220",-34.125,-52.6875,1
"221",-34.125,-52.5625,1
"222",-34.125,-52.4375,1
"223",-34.125,-52.0625,1
"224",-34.125,-51.9375,1
"225",-34.125,-51.6875,2
"226",-34.125,-51.4375,8
"227",-34.125,-51.3125,2
"228",-34.125,-51.1875,1
"229",-34.125,-51.0625,1
"230",-33.875,-61.3125,3
"231",-33.875,-61.1875,113
"232",-33.875,-61.0625,94
"233",-33.875,-60.9375,28
"234",-33.875,-60.8125,64
"235",-33.875,-60.6875,141
"236",-33.875,-60.5625,239
"237",-33.875,-60.4375,225
"238",-33.875,-60.3125,317
"239",-33.875,-60.1875,394
"240",-33.875,-60.0625,811
"241",-33.875,-59.9375,625
"242",-33.875,-59.8125,392
"243",-33.875,-59.6875,532
"244",-33.875,-59.5625,303
"245",-33.875,-59.4375,252
"246",-33.875,-59.3125,338
"247",-33.875,-59.1875,278
"248",-33.875,-59.0625,302
"249",-33.875,-58.9375,216
"250",-33.875,-58.8125,130
"251",-33.875,-58.6875,41
"252",-33.875,-58.5625,8
"253",-33.875,-58.0625,9
"254",-33.875,-57.9375,42
"255",-33.875,-57.8125,34
"256",-33.875,-57.6875,32
"257",-33.875,-57.5625,5
"258",-33.875,-56.1875,1
"259",-33.875,-56.0625,1
"260",-33.875,-55.8125,2
"261",-33.875,-55.5625,1
"262",-33.875,-55.1875,4
"263",-33.875,-55.0625,3
"264",-33.875,-54.9375,1
"265",-33.875,-54.8125,2
"266",-33.875,-54.6875,4
"267",-33.875,-54.5625,20
"268",-33.875,-54.4375,33
"269",-33.875,-54.3125,40
"270",-33.875,-54.1875,50
"271",-33.875,-54.0625,23
"272",-33.875,-53.9375,15
"273",-33.875,-53.8125,22
"274",-33.875,-53.6875,8
"275",-33.875,-53.5625,6
"276",-33.875,-53.4375,1
"277",-33.875,-53.3125,5
"278",-33.875,-53.1875,4
"279",-33.875,-52.9375,2
"280",-33.875,-52.8125,2
"281",-33.875,-52.6875,1
"282",-33.875,-52.3125,1
"283",-33.875,-52.1875,1
"284",-33.875,-51.8125,2
"285",-33.875,-51.6875,2
"286",-33.875,-51.5625,3
"287",-33.875,-51.4375,1
"288",-33.875,-50.9375,1
"289",-33.875,-50.8125,2
"290",-33.625,-61.3125,20
"291",-33.625,-61.1875,110
"292",-33.625,-61.0625,386
"293",-33.625,-60.9375,221
"294",-33.625,-60.8125,342
"295",-33.625,-60.6875,478
"296",-33.625,-60.5625,328
"297",-33.625,-60.4375,510
"298",-33.625,-60.3125,491
"299",-33.625,-60.1875,324
"300",-33.625,-60.0625,537
"301",-33.625,-59.9375,699
"302",-33.625,-59.8125,493
"303",-33.625,-59.6875,411
"304",-33.625,-59.5625,436
"305",-33.625,-59.4375,307
"306",-33.625,-59.3125,254
"307",-33.625,-59.1875,448
"308",-33.625,-59.0625,733
"309",-33.625,-58.9375,400
"310",-33.625,-58.8125,385
"311",-33.625,-58.6875,275
"312",-33.625,-58.5625,72
"313",-33.625,-58.4375,112
"314",-33.625,-58.3125,28
"315",-33.625,-58.1875,5
"316",-33.625,-58.0625,161
"317",-33.625,-57.9375,77
"318",-33.625,-57.8125,48
"319",-33.625,-57.6875,50
"320",-33.625,-57.5625,22
"321",-33.625,-57.4375,7
"322",-33.625,-57.3125,2
"323",-33.625,-56.8125,1
"324",-33.625,-56.5625,1
"325",-33.625,-56.3125,2
"326",-33.625,-55.8125,2
"327",-33.625,-55.6875,1
"328",-33.625,-55.4375,1
"329",-33.625,-55.3125,4
"330",-33.625,-55.1875,8
"331",-33.625,-55.0625,8
"332",-33.625,-54.9375,10
"333",-33.625,-54.8125,13
"334",-33.625,-54.6875,62
"335",-33.625,-54.5625,45
"336",-33.625,-54.4375,36
"337",-33.625,-54.3125,65
"338",-33.625,-54.1875,61
"339",-33.625,-54.0625,30
"340",-33.625,-53.9375,16
"341",-33.625,-53.8125,13
"342",-33.625,-53.6875,19
"343",-33.625,-53.5625,11
"344",-33.625,-53.4375,21
"345",-33.625,-53.3125,8
"346",-33.625,-53.1875,1
"347",-33.625,-53.0625,1
"348",-33.625,-52.9375,1
"349",-33.625,-52.8125,3
"350",-33.625,-52.6875,3
"351",-33.625,-52.5625,5
"352",-33.625,-52.4375,1
"353",-33.625,-52.0625,2
"354",-33.625,-51.9375,8
"355",-33.625,-51.8125,2
"356",-33.625,-51.6875,2
"357",-33.625,-51.5625,3
"358",-33.625,-51.4375,12
"359",-33.625,-51.3125,1
"360",-33.625,-50.9375,1
"361",-33.625,-50.8125,2
"362",-33.375,-61.3125,54
"363",-33.375,-61.1875,184
"364",-33.375,-61.0625,304
"365",-33.375,-60.9375,213
"366",-33.375,-60.8125,300
"367",-33.375,-60.6875,383
"368",-33.375,-60.5625,366
"369",-33.375,-60.4375,426
"370",-33.375,-60.3125,566
"371",-33.375,-60.1875,531
"372",-33.375,-60.0625,415
"373",-33.375,-59.9375,448
"374",-33.375,-59.8125,372
"375",-33.375,-59.6875,399
"376",-33.375,-59.5625,358
"377",-33.375,-59.4375,325
"378",-33.375,-59.3125,256
"379",-33.375,-59.1875,513
"380",-33.375,-59.0625,665
"381",-33.375,-58.9375,563
"382",-33.375,-58.8125,288
"383",-33.375,-58.6875,281
"384",-33.375,-58.5625,233
"385",-33.375,-58.4375,153
"386",-33.375,-58.3125,137
"387",-33.375,-58.1875,75
"388",-33.375,-58.0625,110
"389",-33.375,-57.9375,93
"390",-33.375,-57.8125,93
"391",-33.375,-57.6875,111
"392",-33.375,-57.5625,59
"393",-33.375,-57.4375,26
"394",-33.375,-57.3125,14
"395",-33.375,-57.1875,3
"396",-33.375,-57.0625,1
"397",-33.375,-56.8125,1
"398",-33.375,-56.4375,1
"399",-33.375,-56.3125,1
"400",-33.375,-55.8125,3
"401",-33.375,-55.6875,1
"402",-33.375,-55.5625,4
"403",-33.375,-55.4375,11
"404",-33.375,-55.3125,9
"405",-33.375,-55.1875,20
"406",-33.375,-55.0625,23
"407",-33.375,-54.9375,35
"408",-33.375,-54.8125,44
"409",-33.375,-54.6875,54
"410",-33.375,-54.5625,75
"411",-33.375,-54.4375,102
"412",-33.375,-54.3125,57
"413",-33.375,-54.1875,51
"414",-33.375,-54.0625,39
"415",-33.375,-53.9375,27
"416",-33.375,-53.8125,26
"417",-33.375,-53.6875,23
"418",-33.375,-53.5625,29
"419",-33.375,-53.4375,10
"420",-33.375,-53.3125,6
"421",-33.375,-53.1875,2
"422",-33.375,-53.0625,1
"423",-33.375,-52.9375,2
"424",-33.375,-52.8125,4
"425",-33.375,-52.6875,2
"426",-33.375,-52.5625,3
"427",-33.375,-52.4375,5
"428",-33.375,-52.0625,3
"429",-33.375,-51.9375,1
"430",-33.375,-51.8125,9
"431",-33.375,-51.6875,10
"432",-33.375,-51.5625,7
"433",-33.375,-51.4375,5
"434",-33.375,-51.3125,9
"435",-33.375,-51.1875,3
"436",-33.375,-51.0625,6
"437",-33.375,-50.9375,2
"438",-33.375,-50.6875,2
"439",-33.125,-61.6875,4
"440",-33.125,-61.5625,1
"441",-33.125,-61.4375,217
"442",-33.125,-61.3125,135
"443",-33.125,-61.1875,417
"444",-33.125,-61.0625,467
"445",-33.125,-60.9375,280
"446",-33.125,-60.8125,273
"447",-33.125,-60.6875,327
"448",-33.125,-60.5625,474
"449",-33.125,-60.4375,549
"450",-33.125,-60.3125,520
"451",-33.125,-60.1875,500
"452",-33.125,-60.0625,555
"453",-33.125,-59.9375,616
"454",-33.125,-59.8125,597
"455",-33.125,-59.6875,372
"456",-33.125,-59.5625,231
"457",-33.125,-59.4375,265
"458",-33.125,-59.3125,372
"459",-33.125,-59.1875,413
"460",-33.125,-59.0625,558
"461",-33.125,-58.9375,359
"462",-33.125,-58.8125,303
"463",-33.125,-58.6875,232
"464",-33.125,-58.5625,264
"465",-33.125,-58.4375,253
"466",-33.125,-58.3125,188
"467",-33.125,-58.1875,109
"468",-33.125,-58.0625,266
"469",-33.125,-57.9375,70
"470",-33.125,-57.8125,186
"471",-33.125,-57.6875,218
"472",-33.125,-57.5625,145
"473",-33.125,-57.4375,93
"474",-33.125,-57.3125,51
"475",-33.125,-57.1875,25
"476",-33.125,-57.0625,6
"477",-33.125,-56.9375,1
"478",-33.125,-56.8125,4
"479",-33.125,-56.6875,2
"480",-33.125,-56.5625,2
"481",-33.125,-56.4375,7
"482",-33.125,-56.3125,1
"483",-33.125,-56.0625,1
"484",-33.125,-55.9375,2
"485",-33.125,-55.8125,3
"486",-33.125,-55.6875,4
"487",-33.125,-55.5625,33
"488",-33.125,-55.4375,27
"489",-33.125,-55.3125,7
"490",-33.125,-55.1875,20
"491",-33.125,-55.0625,41
"492",-33.125,-54.9375,36
"493",-33.125,-54.8125,57
"494",-33.125,-54.6875,75
"495",-33.125,-54.5625,69
"496",-33.125,-54.4375,91
"497",-33.125,-54.3125,75
"498",-33.125,-54.1875,90
"499",-33.125,-54.0625,44
"500",-33.125,-53.9375,37
"501",-33.125,-53.8125,23
"502",-33.125,-53.6875,27
"503",-33.125,-53.5625,30
"504",-33.125,-53.4375,28
"505",-33.125,-53.3125,21
"506",-33.125,-53.1875,12
"507",-33.125,-53.0625,7
"508",-33.125,-52.9375,3
"509",-33.125,-52.8125,4
"510",-33.125,-52.6875,6
"511",-33.125,-52.5625,3
"512",-33.125,-52.4375,6
"513",-33.125,-52.3125,5
"514",-33.125,-52.1875,6
"515",-33.125,-52.0625,12
"516",-33.125,-51.9375,9
"517",-33.125,-51.8125,12
"518",-33.125,-51.6875,9
"519",-33.125,-51.5625,8
"520",-33.125,-51.4375,7
"521",-33.125,-51.3125,8
"522",-33.125,-51.1875,8
"523",-33.125,-51.0625,7
"524",-33.125,-50.9375,4
"525",-33.125,-50.8125,3
"526",-32.875,-61.6875,29
"527",-32.875,-61.5625,27
"528",-32.875,-61.4375,874
"529",-32.875,-61.3125,585
"530",-32.875,-61.1875,490
"531",-32.875,-61.0625,576
"532",-32.875,-60.9375,345
"533",-32.875,-60.8125,500
"534",-32.875,-60.6875,396
"535",-32.875,-60.5625,308
"536",-32.875,-60.4375,349
"537",-32.875,-60.3125,443
"538",-32.875,-60.1875,490
"539",-32.875,-60.0625,537
"540",-32.875,-59.9375,694
"541",-32.875,-59.8125,665
"542",-32.875,-59.6875,520
"543",-32.875,-59.5625,317
"544",-32.875,-59.4375,409
"545",-32.875,-59.3125,431
"546",-32.875,-59.1875,376
"547",-32.875,-59.0625,362
"548",-32.875,-58.9375,279
"549",-32.875,-58.8125,242
"550",-32.875,-58.6875,182
"551",-32.875,-58.5625,203
"552",-32.875,-58.4375,270
"553",-32.875,-58.3125,234
"554",-32.875,-58.1875,183
"555",-32.875,-58.0625,178
"556",-32.875,-57.9375,160
"557",-32.875,-57.8125,155
"558",-32.875,-57.6875,118
"559",-32.875,-57.5625,140
"560",-32.875,-57.4375,99
"561",-32.875,-57.3125,69
"562",-32.875,-57.1875,53
"563",-32.875,-57.0625,11
"564",-32.875,-56.9375,7
"565",-32.875,-56.8125,4
"566",-32.875,-56.6875,2
"567",-32.875,-56.5625,3
"568",-32.875,-56.4375,7
"569",-32.875,-56.3125,4
"570",-32.875,-56.1875,5
"571",-32.875,-56.0625,3
"572",-32.875,-55.9375,9
"573",-32.875,-55.8125,15
"574",-32.875,-55.6875,14
"575",-32.875,-55.5625,25
"576",-32.875,-55.4375,14
"577",-32.875,-55.3125,13
"578",-32.875,-55.1875,22
"579",-32.875,-55.0625,45
"580",-32.875,-54.9375,53
"581",-32.875,-54.8125,89
"582",-32.875,-54.6875,130
"583",-32.875,-54.5625,111
"584",-32.875,-54.4375,80
"585",-32.875,-54.3125,72
"586",-32.875,-54.1875,74
"587",-32.875,-54.0625,30
"588",-32.875,-53.9375,50
"589",-32.875,-53.8125,37
"590",-32.875,-53.6875,31
"591",-32.875,-53.5625,57
"592",-32.875,-53.4375,36
"593",-32.875,-53.3125,31
"594",-32.875,-53.1875,17
"595",-32.875,-53.0625,32
"596",-32.875,-52.9375,27
"597",-32.875,-52.8125,17
"598",-32.875,-52.6875,9
"599",-32.875,-52.5625,6
"600",-32.875,-52.4375,12
"601",-32.875,-52.3125,6
"602",-32.875,-52.1875,3
"603",-32.875,-52.0625,6
"604",-32.875,-51.9375,3
"605",-32.875,-51.8125,7
"606",-32.875,-51.6875,8
"607",-32.875,-51.5625,6
"608",-32.875,-51.4375,14
"609",-32.875,-51.3125,10
"610",-32.875,-51.1875,11
"611",-32.875,-51.0625,8
"612",-32.875,-50.9375,7
"613",-32.875,-50.8125,1
"614",-32.625,-61.8125,127
"615",-32.625,-61.6875,198
"616",-32.625,-61.5625,36
"617",-32.625,-61.4375,1153
"618",-32.625,-61.3125,562
"619",-32.625,-61.1875,712
"620",-32.625,-61.0625,699
"621",-32.625,-60.9375,535
"622",-32.625,-60.8125,388
"623",-32.625,-60.6875,475
"624",-32.625,-60.5625,469
"625",-32.625,-60.4375,376
"626",-32.625,-60.3125,396
"627",-32.625,-60.1875,328
"628",-32.625,-60.0625,392
"629",-32.625,-59.9375,476
"630",-32.625,-59.8125,7692
"631",-32.625,-59.6875,3028
"632",-32.625,-59.5625,713
"633",-32.625,-59.4375,468
"634",-32.625,-59.3125,338
"635",-32.625,-59.1875,367
"636",-32.625,-59.0625,306
"637",-32.625,-58.9375,352
"638",-32.625,-58.8125,326
"639",-32.625,-58.6875,174
"640",-32.625,-58.5625,165
"641",-32.625,-58.4375,282
"642",-32.625,-58.3125,244
"643",-32.625,-58.1875,193
"644",-32.625,-58.0625,194
"645",-32.625,-57.9375,216
"646",-32.625,-57.8125,273
"647",-32.625,-57.6875,106
"648",-32.625,-57.5625,133
"649",-32.625,-57.4375,97
"650",-32.625,-57.3125,56
"651",-32.625,-57.1875,50
"652",-32.625,-57.0625,34
"653",-32.625,-56.9375,18
"654",-32.625,-56.8125,15
"655",-32.625,-56.6875,8
"656",-32.625,-56.5625,10
"657",-32.625,-56.4375,15
"658",-32.625,-56.3125,10
"659",-32.625,-56.1875,8
"660",-32.625,-56.0625,14
"661",-32.625,-55.9375,23
"662",-32.625,-55.8125,24
"663",-32.625,-55.6875,26
"664",-32.625,-55.5625,17
"665",-32.625,-55.4375,14
"666",-32.625,-55.3125,9
"667",-32.625,-55.1875,19
"668",-32.625,-55.0625,68
"669",-32.625,-54.9375,102
"670",-32.625,-54.8125,149
"671",-32.625,-54.6875,117
"672",-32.625,-54.5625,100
"673",-32.625,-54.4375,180
"674",-32.625,-54.3125,71
"675",-32.625,-54.1875,53
"676",-32.625,-54.0625,89
"677",-32.625,-53.9375,84
"678",-32.625,-53.8125,63
"679",-32.625,-53.6875,44
"680",-32.625,-53.5625,31
"681",-32.625,-53.4375,31
"682",-32.625,-53.3125,42
"683",-32.625,-53.1875,36
"684",-32.625,-53.0625,32
"685",-32.625,-52.9375,26
"686",-32.625,-52.8125,27
"687",-32.625,-52.6875,25
"688",-32.625,-52.5625,18
"689",-32.625,-52.4375,15
"690",-32.625,-52.3125,10
"691",-32.625,-52.1875,8
"692",-32.625,-52.0625,8
"693",-32.625,-51.9375,9
"694",-32.625,-51.8125,11
"695",-32.625,-51.6875,11
"696",-32.625,-51.5625,18
"697",-32.625,-51.4375,21
"698",-32.625,-51.3125,20
"699",-32.625,-51.1875,14
"700",-32.625,-51.0625,9
"701",-32.625,-50.9375,10
"702",-32.625,-50.8125,5
"703",-32.375,-61.8125,88
"704",-32.375,-61.6875,285
"705",-32.375,-61.5625,136
"706",-32.375,-61.4375,682
"707",-32.375,-61.3125,448
"708",-32.375,-61.1875,909
"709",-32.375,-61.0625,1083
"710",-32.375,-60.9375,511
"711",-32.375,-60.8125,265
"712",-32.375,-60.6875,196
"713",-32.375,-60.5625,283
"714",-32.375,-60.4375,437
"715",-32.375,-60.3125,502
"716",-32.375,-60.1875,407
"717",-32.375,-60.0625,337
"718",-32.375,-59.9375,404
"719",-32.375,-59.8125,1113
"720",-32.375,-59.6875,1270
"721",-32.375,-59.5625,754
"722",-32.375,-59.4375,501
"723",-32.375,-59.3125,647
"724",-32.375,-59.1875,466
"725",-32.375,-59.0625,257
"726",-32.375,-58.9375,316
"727",-32.375,-58.8125,296
"728",-32.375,-58.6875,249
"729",-32.375,-58.5625,209
"730",-32.375,-58.4375,280
"731",-32.375,-58.3125,310
"732",-32.375,-58.1875,265
"733",-32.375,-58.0625,237
"734",-32.375,-57.9375,233
"735",-32.375,-57.8125,175
"736",-32.375,-57.6875,138
"737",-32.375,-57.5625,116
"738",-32.375,-57.4375,79
"739",-32.375,-57.3125,33
"740",-32.375,-57.1875,64
"741",-32.375,-57.0625,66
"742",-32.375,-56.9375,41
"743",-32.375,-56.8125,28
"744",-32.375,-56.6875,40
"745",-32.375,-56.5625,22
"746",-32.375,-56.4375,17
"747",-32.375,-56.3125,14
"748",-32.375,-56.1875,18
"749",-32.375,-56.0625,20
"750",-32.375,-55.9375,33
"751",-32.375,-55.8125,24
"752",-32.375,-55.6875,10
"753",-32.375,-55.5625,37
"754",-32.375,-55.4375,8
"755",-32.375,-55.3125,16
"756",-32.375,-55.1875,28
"757",-32.375,-55.0625,74
"758",-32.375,-54.9375,122
"759",-32.375,-54.8125,102
"760",-32.375,-54.6875,315
"761",-32.375,-54.5625,587
"762",-32.375,-54.4375,98
"763",-32.375,-54.3125,172
"764",-32.375,-54.1875,59
"765",-32.375,-54.0625,87
"766",-32.375,-53.9375,40
"767",-32.375,-53.8125,62
"768",-32.375,-53.6875,70
"769",-32.375,-53.5625,65
"770",-32.375,-53.4375,62
"771",-32.375,-53.3125,72
"772",-32.375,-53.1875,59
"773",-32.375,-53.0625,67
"774",-32.375,-52.9375,69
"775",-32.375,-52.8125,39
"776",-32.375,-52.6875,35
"777",-32.375,-52.5625,26
"778",-32.375,-52.4375,27
"779",-32.375,-52.3125,24
"780",-32.375,-52.1875,21
"781",-32.375,-52.0625,22
"782",-32.375,-51.9375,22
"783",-32.375,-51.8125,18
"784",-32.375,-51.6875,22
"785",-32.375,-51.5625,31
"786",-32.375,-51.4375,10
"787",-32.375,-51.3125,21
"788",-32.375,-51.1875,8
"789",-32.375,-51.0625,8
"790",-32.375,-50.9375,3
"791",-32.375,-50.8125,2
"792",-32.125,-62.1875,14
"793",-32.125,-62.0625,364
"794",-32.125,-61.9375,66
"795",-32.125,-61.8125,224
"796",-32.125,-61.6875,228
"797",-32.125,-61.5625,158
"798",-32.125,-61.4375,611
"799",-32.125,-61.3125,329
"800",-32.125,-61.1875,890
"801",-32.125,-61.0625,1090
"802",-32.125,-60.9375,652
"803",-32.125,-60.8125,440
"804",-32.125,-60.6875,179
"805",-32.125,-60.5625,218
"806",-32.125,-60.4375,244
"807",-32.125,-60.3125,420
"808",-32.125,-60.1875,526
"809",-32.125,-60.0625,433
"810",-32.125,-59.9375,361
"811",-32.125,-59.8125,667
"812",-32.125,-59.6875,1856
"813",-32.125,-59.5625,1243
"814",-32.125,-59.4375,560
"815",-32.125,-59.3125,523
"816",-32.125,-59.1875,299
"817",-32.125,-59.0625,305
"818",-32.125,-58.9375,247
"819",-32.125,-58.8125,270
"820",-32.125,-58.6875,275
"821",-32.125,-58.5625,276
"822",-32.125,-58.4375,334
"823",-32.125,-58.3125,266
"824",-32.125,-58.1875,264
"825",-32.125,-58.0625,262
"826",-32.125,-57.9375,195
"827",-32.125,-57.8125,139
"828",-32.125,-57.6875,116
"829",-32.125,-57.5625,98
"830",-32.125,-57.4375,74
"831",-32.125,-57.3125,46
"832",-32.125,-57.1875,55
"833",-32.125,-57.0625,60
"834",-32.125,-56.9375,73
"835",-32.125,-56.8125,45
"836",-32.125,-56.6875,45
"837",-32.125,-56.5625,34
"838",-32.125,-56.4375,31
"839",-32.125,-56.3125,24
"840",-32.125,-56.1875,19
"841",-32.125,-56.0625,25
"842",-32.125,-55.9375,38
"843",-32.125,-55.8125,24
"844",-32.125,-55.6875,37
"845",-32.125,-55.5625,32
"846",-32.125,-55.4375,35
"847",-32.125,-55.3125,44
"848",-32.125,-55.1875,65
"849",-32.125,-55.0625,133
"850",-32.125,-54.9375,143
"851",-32.125,-54.8125,123
"852",-32.125,-54.6875,174
"853",-32.125,-54.5625,40
"854",-32.125,-54.4375,100
"855",-32.125,-54.3125,109
"856",-32.125,-54.1875,53
"857",-32.125,-54.0625,84
"858",-32.125,-53.9375,42
"859",-32.125,-53.8125,72
"860",-32.125,-53.6875,67
"861",-32.125,-53.5625,12
"862",-32.125,-53.4375,61
"863",-32.125,-53.3125,92
"864",-32.125,-53.1875,57
"865",-32.125,-53.0625,75
"866",-32.125,-52.9375,52
"867",-32.125,-52.8125,45
"868",-32.125,-52.6875,41
"869",-32.125,-52.5625,33
"870",-32.125,-52.4375,17
"871",-32.125,-52.3125,22
"872",-32.125,-52.1875,27
"873",-32.125,-52.0625,28
"874",-32.125,-51.9375,47
"875",-32.125,-51.8125,31
"876",-32.125,-51.6875,19
"877",-32.125,-51.5625,14
"878",-32.125,-51.4375,6
"879",-32.125,-51.3125,7
"880",-32.125,-51.1875,5
"881",-32.125,-51.0625,8
"882",-32.125,-50.9375,5
"883",-32.125,-50.8125,4
"884",-31.875,-62.3125,4
"885",-31.875,-62.1875,143
"886",-31.875,-62.0625,414
"887",-31.875,-61.9375,231
"888",-31.875,-61.8125,368
"889",-31.875,-61.6875,354
"890",-31.875,-61.5625,143
"891",-31.875,-61.4375,463
"892",-31.875,-61.3125,469
"893",-31.875,-61.1875,558
"894",-31.875,-61.0625,550
"895",-31.875,-60.9375,418
"896",-31.875,-60.8125,468
"897",-31.875,-60.6875,187
"898",-31.875,-60.5625,240
"899",-31.875,-60.4375,176
"900",-31.875,-60.3125,253
"901",-31.875,-60.1875,356
"902",-31.875,-60.0625,449
"903",-31.875,-59.9375,363
"904",-31.875,-59.8125,570
"905",-31.875,-59.6875,1595
"906",-31.875,-59.5625,519
"907",-31.875,-59.4375,712
"908",-31.875,-59.3125,515
"909",-31.875,-59.1875,216
"910",-31.875,-59.0625,274
"911",-31.875,-58.9375,376
"912",-31.875,-58.8125,370
"913",-31.875,-58.6875,356
"914",-31.875,-58.5625,383
"915",-31.875,-58.4375,339
"916",-31.875,-58.3125,281
"917",-31.875,-58.1875,267
"918",-31.875,-58.0625,244
"919",-31.875,-57.9375,216
"920",-31.875,-57.8125,160
"921",-31.875,-57.6875,127
"922",-31.875,-57.5625,93
"923",-31.875,-57.4375,67
"924",-31.875,-57.3125,39
"925",-31.875,-57.1875,36
"926",-31.875,-57.0625,42
"927",-31.875,-56.9375,48
"928",-31.875,-56.8125,59
"929",-31.875,-56.6875,33
"930",-31.875,-56.5625,31
"931",-31.875,-56.4375,51
"932",-31.875,-56.3125,32
"933",-31.875,-56.1875,29
"934",-31.875,-56.0625,57
"935",-31.875,-55.9375,53
"936",-31.875,-55.8125,68
"937",-31.875,-55.6875,30
"938",-31.875,-55.5625,53
"939",-31.875,-55.4375,74
"940",-31.875,-55.3125,33
"941",-31.875,-55.1875,77
"942",-31.875,-55.0625,142
"943",-31.875,-54.9375,259
"944",-31.875,-54.8125,212
"945",-31.875,-54.6875,261
"946",-31.875,-54.5625,81
"947",-31.875,-54.4375,126
"948",-31.875,-54.3125,120
"949",-31.875,-54.1875,76
"950",-31.875,-54.0625,63
"951",-31.875,-53.9375,42
"952",-31.875,-53.8125,49
"953",-31.875,-53.6875,17
"954",-31.875,-53.5625,41
"955",-31.875,-53.4375,54
"956",-31.875,-53.3125,79
"957",-31.875,-53.1875,44
"958",-31.875,-53.0625,42
"959",-31.875,-52.9375,32
"960",-31.875,-52.8125,24
"961",-31.875,-52.6875,29
"962",-31.875,-52.5625,22
"963",-31.875,-52.4375,30
"964",-31.875,-52.3125,41
"965",-31.875,-52.1875,31
"966",-31.875,-52.0625,37
"967",-31.875,-51.9375,34
"968",-31.875,-51.8125,17
"969",-31.875,-51.6875,23
"970",-31.875,-51.5625,10
"971",-31.875,-51.4375,8
"972",-31.875,-51.3125,8
"973",-31.875,-51.1875,1
"974",-31.875,-51.0625,6
"975",-31.875,-50.9375,6
"976",-31.875,-50.8125,5
"977",-31.625,-62.3125,57
"978",-31.625,-62.1875,231
"979",-31.625,-62.0625,507
"980",-31.625,-61.9375,309
"981",-31.625,-61.8125,317
"982",-31.625,-61.6875,285
"983",-31.625,-61.5625,325
"984",-31.625,-61.4375,519
"985",-31.625,-61.3125,502
"986",-31.625,-61.1875,477
"987",-31.625,-61.0625,285
"988",-31.625,-60.9375,306
"989",-31.625,-60.8125,194
"990",-31.625,-60.6875,232
"991",-31.625,-60.5625,267
"992",-31.625,-60.4375,153
"993",-31.625,-60.3125,325
"994",-31.625,-60.1875,362
"995",-31.625,-60.0625,313
"996",-31.625,-59.9375,421
"997",-31.625,-59.8125,435
"998",-31.625,-59.6875,597
"999",-31.625,-59.5625,488
"1000",-31.625,-59.4375,231
"1001",-31.625,-59.3125,229
"1002",-31.625,-59.1875,254
"1003",-31.625,-59.0625,224
"1004",-31.625,-58.9375,173
"1005",-31.625,-58.8125,206
"1006",-31.625,-58.6875,232
"1007",-31.625,-58.5625,237
"1008",-31.625,-58.4375,248
"1009",-31.625,-58.3125,258
"1010",-31.625,-58.1875,238
"1011",-31.625,-58.0625,223
"1012",-31.625,-57.9375,234
"1013",-31.625,-57.8125,143
"1014",-31.625,-57.6875,169
"1015",-31.625,-57.5625,117
"1016",-31.625,-57.4375,72
"1017",-31.625,-57.3125,40
"1018",-31.625,-57.1875,58
"1019",-31.625,-57.0625,25
"1020",-31.625,-56.9375,16
"1021",-31.625,-56.8125,33
"1022",-31.625,-56.6875,17
"1023",-31.625,-56.5625,26
"1024",-31.625,-56.4375,60
"1025",-31.625,-56.3125,91
"1026",-31.625,-56.1875,83
"1027",-31.625,-56.0625,92
"1028",-31.625,-55.9375,94
"1029",-31.625,-55.8125,118
"1030",-31.625,-55.6875,107
"1031",-31.625,-55.5625,40
"1032",-31.625,-55.4375,46
"1033",-31.625,-55.3125,56
"1034",-31.625,-55.1875,97
"1035",-31.625,-55.0625,142
"1036",-31.625,-54.9375,217
"1037",-31.625,-54.8125,130
"1038",-31.625,-54.6875,220
"1039",-31.625,-54.5625,182
"1040",-31.625,-54.4375,150
"1041",-31.625,-54.3125,94
"1042",-31.625,-54.1875,120
"1043",-31.625,-54.0625,80
"1044",-31.625,-53.9375,35
"1045",-31.625,-53.8125,29
"1046",-31.625,-53.6875,29
"1047",-31.625,-53.5625,23
"1048",-31.625,-53.4375,24
"1049",-31.625,-53.3125,23
"1050",-31.625,-53.1875,21
"1051",-31.625,-53.0625,24
"1052",-31.625,-52.9375,31
"1053",-31.625,-52.8125,8
"1054",-31.625,-52.6875,15
"1055",-31.625,-52.5625,21
"1056",-31.625,-52.4375,22
"1057",-31.625,-52.3125,38
"1058",-31.625,-52.1875,19
"1059",-31.625,-52.0625,20
"1060",-31.625,-51.9375,12
"1061",-31.625,-51.8125,23
"1062",-31.625,-51.6875,11
"1063",-31.625,-51.5625,8
"1064",-31.625,-51.4375,8
"1065",-31.625,-51.3125,9
"1066",-31.625,-51.1875,10
"1067",-31.625,-51.0625,4
"1068",-31.625,-50.9375,7
"1069",-31.625,-50.8125,3
"1070",-31.375,-62.3125,98
"1071",-31.375,-62.1875,296
"1072",-31.375,-62.0625,530
"1073",-31.375,-61.9375,224
"1074",-31.375,-61.8125,245
"1075",-31.375,-61.6875,286
"1076",-31.375,-61.5625,343
"1077",-31.375,-61.4375,277
"1078",-31.375,-61.3125,296
"1079",-31.375,-61.1875,307
"1080",-31.375,-61.0625,191
"1081",-31.375,-60.9375,102
"1082",-31.375,-60.8125,136
"1083",-31.375,-60.6875,238
"1084",-31.375,-60.5625,239
"1085",-31.375,-60.4375,152
"1086",-31.375,-60.3125,125
"1087",-31.375,-60.1875,174
"1088",-31.375,-60.0625,351
"1089",-31.375,-59.9375,245
"1090",-31.375,-59.8125,365
"1091",-31.375,-59.6875,442
"1092",-31.375,-59.5625,610
"1093",-31.375,-59.4375,179
"1094",-31.375,-59.3125,184
"1095",-31.375,-59.1875,214
"1096",-31.375,-59.0625,228
"1097",-31.375,-58.9375,195
"1098",-31.375,-58.8125,158
"1099",-31.375,-58.6875,122
"1100",-31.375,-58.5625,169
"1101",-31.375,-58.4375,266
"1102",-31.375,-58.3125,343
"1103",-31.375,-58.1875,234
"1104",-31.375,-58.0625,188
"1105",-31.375,-57.9375,267
"1106",-31.375,-57.8125,141
"1107",-31.375,-57.6875,156
"1108",-31.375,-57.5625,149
"1109",-31.375,-57.4375,75
"1110",-31.375,-57.3125,81
"1111",-31.375,-57.1875,64
"1112",-31.375,-57.0625,45
"1113",-31.375,-56.9375,60
"1114",-31.375,-56.8125,64
"1115",-31.375,-56.6875,65
"1116",-31.375,-56.5625,108
"1117",-31.375,-56.4375,115
"1118",-31.375,-56.3125,120
"1119",-31.375,-56.1875,109
"1120",-31.375,-56.0625,163
"1121",-31.375,-55.9375,259
"1122",-31.375,-55.8125,151
"1123",-31.375,-55.6875,136
"1124",-31.375,-55.5625,78
"1125",-31.375,-55.4375,83
"1126",-31.375,-55.3125,97
"1127",-31.375,-55.1875,123
"1128",-31.375,-55.0625,137
"1129",-31.375,-54.9375,203
"1130",-31.375,-54.8125,203
"1131",-31.375,-54.6875,138
"1132",-31.375,-54.5625,138
"1133",-31.375,-54.4375,287
"1134",-31.375,-54.3125,198
"1135",-31.375,-54.1875,135
"1136",-31.375,-54.0625,69
"1137",-31.375,-53.9375,50
"1138",-31.375,-53.8125,27
"1139",-31.375,-53.6875,37
"1140",-31.375,-53.5625,23
"1141",-31.375,-53.4375,50
"1142",-31.375,-53.3125,33
"1143",-31.375,-53.1875,31
"1144",-31.375,-53.0625,27
"1145",-31.375,-52.9375,19
"1146",-31.375,-52.8125,23
"1147",-31.375,-52.6875,22
"1148",-31.375,-52.5625,19
"1149",-31.375,-52.4375,13
"1150",-31.375,-52.3125,21
"1151",-31.375,-52.1875,19
"1152",-31.375,-52.0625,21
"1153",-31.375,-51.9375,14
"1154",-31.375,-51.8125,21
"1155",-31.375,-51.6875,7
"1156",-31.375,-51.5625,8
"1157",-31.375,-51.4375,7
"1158",-31.375,-51.3125,8
"1159",-31.375,-51.1875,7
"1160",-31.375,-51.0625,7
"1161",-31.375,-50.9375,5
"1162",-31.125,-62.5625,6
"1163",-31.125,-62.4375,230
"1164",-31.125,-62.3125,109
"1165",-31.125,-62.1875,800
"1166",-31.125,-62.0625,429
"1167",-31.125,-61.9375,319
"1168",-31.125,-61.8125,179
"1169",-31.125,-61.6875,250
"1170",-31.125,-61.5625,264
"1171",-31.125,-61.4375,307
"1172",-31.125,-61.3125,350
"1173",-31.125,-61.1875,328
"1174",-31.125,-61.0625,128
"1175",-31.125,-60.9375,71
"1176",-31.125,-60.8125,137
"1177",-31.125,-60.6875,215
"1178",-31.125,-60.5625,251
"1179",-31.125,-60.4375,140
"1180",-31.125,-60.3125,162
"1181",-31.125,-60.1875,171
"1182",-31.125,-60.0625,440
"1183",-31.125,-59.9375,438
"1184",-31.125,-59.8125,353
"1185",-31.125,-59.6875,370
"1186",-31.125,-59.5625,527
"1187",-31.125,-59.4375,582
"1188",-31.125,-59.3125,1618
"1189",-31.125,-59.1875,164
"1190",-31.125,-59.0625,172
"1191",-31.125,-58.9375,181
"1192",-31.125,-58.8125,163
"1193",-31.125,-58.6875,109
"1194",-31.125,-58.5625,152
"1195",-31.125,-58.4375,194
"1196",-31.125,-58.3125,262
"1197",-31.125,-58.1875,238
"1198",-31.125,-58.0625,214
"1199",-31.125,-57.9375,275
"1200",-31.125,-57.8125,205
"1201",-31.125,-57.6875,141
"1202",-31.125,-57.5625,155
"1203",-31.125,-57.4375,114
"1204",-31.125,-57.3125,116
"1205",-31.125,-57.1875,121
"1206",-31.125,-57.0625,105
"1207",-31.125,-56.9375,88
"1208",-31.125,-56.8125,105
"1209",-31.125,-56.6875,147
"1210",-31.125,-56.5625,155
"1211",-31.125,-56.4375,166
"1212",-31.125,-56.3125,135
"1213",-31.125,-56.1875,141
"1214",-31.125,-56.0625,209
"1215",-31.125,-55.9375,226
"1216",-31.125,-55.8125,217
"1217",-31.125,-55.6875,155
"1218",-31.125,-55.5625,128
"1219",-31.125,-55.4375,164
"1220",-31.125,-55.3125,155
"1221",-31.125,-55.1875,113
"1222",-31.125,-55.0625,263
"1223",-31.125,-54.9375,288
"1224",-31.125,-54.8125,169
"1225",-31.125,-54.6875,196
"1226",-31.125,-54.5625,102
"1227",-31.125,-54.4375,144
"1228",-31.125,-54.3125,228
"1229",-31.125,-54.1875,209
"1230",-31.125,-54.0625,105
"1231",-31.125,-53.9375,92
"1232",-31.125,-53.8125,52
"1233",-31.125,-53.6875,8
"1234",-31.125,-53.5625,54
"1235",-31.125,-53.4375,43
"1236",-31.125,-53.3125,25
"1237",-31.125,-53.1875,24
"1238",-31.125,-53.0625,24
"1239",-31.125,-52.9375,30
"1240",-31.125,-52.8125,17
"1241",-31.125,-52.6875,15
"1242",-31.125,-52.5625,18
"1243",-31.125,-52.4375,17
"1244",-31.125,-52.3125,18
"1245",-31.125,-52.1875,9
"1246",-31.125,-52.0625,14
"1247",-31.125,-51.9375,13
"1248",-31.125,-51.8125,14
"1249",-31.125,-51.6875,21
"1250",-31.125,-51.5625,9
"1251",-31.125,-51.4375,8
"1252",-31.125,-51.3125,8
"1253",-31.125,-51.1875,3
"1254",-31.125,-51.0625,1
"1255",-30.875,-62.5625,13
"1256",-30.875,-62.4375,412
"1257",-30.875,-62.3125,436
"1258",-30.875,-62.1875,1146
"1259",-30.875,-62.0625,278
"1260",-30.875,-61.9375,363
"1261",-30.875,-61.8125,145
"1262",-30.875,-61.6875,163
"1263",-30.875,-61.5625,151
"1264",-30.875,-61.4375,266
"1265",-30.875,-61.3125,408
"1266",-30.875,-61.1875,418
"1267",-30.875,-61.0625,214
"1268",-30.875,-60.9375,105
"1269",-30.875,-60.8125,103
"1270",-30.875,-60.6875,164
"1271",-30.875,-60.5625,252
"1272",-30.875,-60.4375,173
"1273",-30.875,-60.3125,95
"1274",-30.875,-60.1875,147
"1275",-30.875,-60.0625,252
"1276",-30.875,-59.9375,284
"1277",-30.875,-59.8125,438
"1278",-30.875,-59.6875,392
"1279",-30.875,-59.5625,553
"1280",-30.875,-59.4375,3012
"1281",-30.875,-59.3125,1972
"1282",-30.875,-59.1875,582
"1283",-30.875,-59.0625,232
"1284",-30.875,-58.9375,202
"1285",-30.875,-58.8125,204
"1286",-30.875,-58.6875,144
"1287",-30.875,-58.5625,146
"1288",-30.875,-58.4375,202
"1289",-30.875,-58.3125,283
"1290",-30.875,-58.1875,249
"1291",-30.875,-58.0625,288
"1292",-30.875,-57.9375,297
"1293",-30.875,-57.8125,264
"1294",-30.875,-57.6875,177
"1295",-30.875,-57.5625,142
"1296",-30.875,-57.4375,183
"1297",-30.875,-57.3125,128
"1298",-30.875,-57.1875,130
"1299",-30.875,-57.0625,161
"1300",-30.875,-56.9375,130
"1301",-30.875,-56.8125,148
"1302",-30.875,-56.6875,300
"1303",-30.875,-56.5625,238
"1304",-30.875,-56.4375,192
"1305",-30.875,-56.3125,194
"1306",-30.875,-56.1875,176
"1307",-30.875,-56.0625,202
"1308",-30.875,-55.9375,182
"1309",-30.875,-55.8125,157
"1310",-30.875,-55.6875,256
"1311",-30.875,-55.5625,240
"1312",-30.875,-55.4375,201
"1313",-30.875,-55.3125,187
"1314",-30.875,-55.1875,218
"1315",-30.875,-55.0625,305
"1316",-30.875,-54.9375,198
"1317",-30.875,-54.8125,127
"1318",-30.875,-54.6875,90
"1319",-30.875,-54.5625,74
"1320",-30.875,-54.4375,22
"1321",-30.875,-54.3125,83
"1322",-30.875,-54.1875,128
"1323",-30.875,-54.0625,145
"1324",-30.875,-53.9375,108
"1325",-30.875,-53.8125,88
"1326",-30.875,-53.6875,37
"1327",-30.875,-53.5625,37
"1328",-30.875,-53.4375,29
"1329",-30.875,-53.3125,17
"1330",-30.875,-53.1875,26
"1331",-30.875,-53.0625,9
"1332",-30.875,-52.9375,30
"1333",-30.875,-52.8125,26
"1334",-30.875,-52.6875,30
"1335",-30.875,-52.5625,12
"1336",-30.875,-52.4375,11
"1337",-30.875,-52.3125,6
"1338",-30.875,-52.1875,12
"1339",-30.875,-52.0625,17
"1340",-30.875,-51.9375,11
"1341",-30.875,-51.8125,12
"1342",-30.875,-51.6875,3
"1343",-30.875,-51.5625,8
"1344",-30.875,-51.4375,3
"1345",-30.875,-51.3125,3
"1346",-30.875,-51.1875,1
"1347",-30.625,-62.5625,44
"1348",-30.625,-62.4375,454
"1349",-30.625,-62.3125,664
"1350",-30.625,-62.1875,922
"1351",-30.625,-62.0625,628
"1352",-30.625,-61.9375,206
"1353",-30.625,-61.8125,55
"1354",-30.625,-61.6875,69
"1355",-30.625,-61.5625,108
"1356",-30.625,-61.4375,303
"1357",-30.625,-61.3125,398
"1358",-30.625,-61.1875,418
"1359",-30.625,-61.0625,300
"1360",-30.625,-60.9375,178
"1361",-30.625,-60.8125,75
"1362",-30.625,-60.6875,119
"1363",-30.625,-60.5625,213
"1364",-30.625,-60.4375,239
"1365",-30.625,-60.3125,144
"1366",-30.625,-60.1875,159
"1367",-30.625,-60.0625,145
"1368",-30.625,-59.9375,235
"1369",-30.625,-59.8125,311
"1370",-30.625,-59.6875,264
"1371",-30.625,-59.5625,381
"1372",-30.625,-59.4375,473
"1373",-30.625,-59.3125,136
"1374",-30.625,-59.1875,381
"1375",-30.625,-59.0625,335
"1376",-30.625,-58.9375,223
"1377",-30.625,-58.8125,248
"1378",-30.625,-58.6875,207
"1379",-30.625,-58.5625,142
"1380",-30.625,-58.4375,171
"1381",-30.625,-58.3125,249
"1382",-30.625,-58.1875,292
"1383",-30.625,-58.0625,313
"1384",-30.625,-57.9375,274
"1385",-30.625,-57.8125,291
"1386",-30.625,-57.6875,238
"1387",-30.625,-57.5625,205
"1388",-30.625,-57.4375,266
"1389",-30.625,-57.3125,248
"1390",-30.625,-57.1875,179
"1391",-30.625,-57.0625,135
"1392",-30.625,-56.9375,131
"1393",-30.625,-56.8125,228
"1394",-30.625,-56.6875,682
"1395",-30.625,-56.5625,265
"1396",-30.625,-56.4375,216
"1397",-30.625,-56.3125,258
"1398",-30.625,-56.1875,315
"1399",-30.625,-56.0625,285
"1400",-30.625,-55.9375,280
"1401",-30.625,-55.8125,521
"1402",-30.625,-55.6875,392
"1403",-30.625,-55.5625,219
"1404",-30.625,-55.4375,519
"1405",-30.625,-55.3125,390
"1406",-30.625,-55.1875,206
"1407",-30.625,-55.0625,222
"1408",-30.625,-54.9375,153
"1409",-30.625,-54.8125,84
"1410",-30.625,-54.6875,50
"1411",-30.625,-54.5625,81
"1412",-30.625,-54.4375,8
"1413",-30.625,-54.3125,42
"1414",-30.625,-54.1875,90
"1415",-30.625,-54.0625,129
"1416",-30.625,-53.9375,113
"1417",-30.625,-53.8125,77
"1418",-30.625,-53.6875,53
"1419",-30.625,-53.5625,52
"1420",-30.625,-53.4375,45
"1421",-30.625,-53.3125,48
"1422",-30.625,-53.1875,26
"1423",-30.625,-53.0625,26
"1424",-30.625,-52.9375,25
"1425",-30.625,-52.8125,24
"1426",-30.625,-52.6875,20
"1427",-30.625,-52.5625,17
"1428",-30.625,-52.4375,12
"1429",-30.625,-52.3125,12
"1430",-30.625,-52.1875,13
"1431",-30.625,-52.0625,12
"1432",-30.625,-51.9375,12
"1433",-30.625,-51.8125,5
"1434",-30.625,-51.6875,3
"1435",-30.625,-51.5625,4
"1436",-30.625,-51.4375,4
"1437",-30.625,-51.3125,1
"1438",-30.625,-50.9375,2
"1439",-30.375,-62.4375,240
"1440",-30.375,-62.3125,861
"1441",-30.375,-62.1875,1036
"1442",-30.375,-62.0625,609
"1443",-30.375,-61.9375,223
"1444",-30.375,-61.8125,301
"1445",-30.375,-61.6875,198
"1446",-30.375,-61.5625,133
"1447",-30.375,-61.4375,137
"1448",-30.375,-61.3125,271
"1449",-30.375,-61.1875,246
"1450",-30.375,-61.0625,320
"1451",-30.375,-60.9375,255
"1452",-30.375,-60.8125,95
"1453",-30.375,-60.6875,90
"1454",-30.375,-60.5625,178
"1455",-30.375,-60.4375,209
"1456",-30.375,-60.3125,201
"1457",-30.375,-60.1875,152
"1458",-30.375,-60.0625,130
"1459",-30.375,-59.9375,192
"1460",-30.375,-59.8125,171
"1461",-30.375,-59.6875,239
"1462",-30.375,-59.5625,190
"1463",-30.375,-59.4375,117
"1464",-30.375,-59.3125,17
"1465",-30.375,-59.1875,26
"1466",-30.375,-59.0625,78
"1467",-30.375,-58.9375,71
"1468",-30.375,-58.8125,75
"1469",-30.375,-58.6875,223
"1470",-30.375,-58.5625,218
"1471",-30.375,-58.4375,234
"1472",-30.375,-58.3125,246
"1473",-30.375,-58.1875,220
"1474",-30.375,-58.0625,384
"1475",-30.375,-57.9375,389
"1476",-30.375,-57.8125,338
"1477",-30.375,-57.6875,268
"1478",-30.375,-57.5625,190
"1479",-30.375,-57.4375,240
"1480",-30.375,-57.3125,234
"1481",-30.375,-57.1875,170
"1482",-30.375,-57.0625,150
"1483",-30.375,-56.9375,151
"1484",-30.375,-56.8125,226
"1485",-30.375,-56.6875,319
"1486",-30.375,-56.5625,301
"1487",-30.375,-56.4375,198
"1488",-30.375,-56.3125,167
"1489",-30.375,-56.1875,221
"1490",-30.375,-56.0625,329
"1491",-30.375,-55.9375,457
"1492",-30.375,-55.8125,690
"1493",-30.375,-55.6875,628
"1494",-30.375,-55.5625,629
"1495",-30.375,-55.4375,699
"1496",-30.375,-55.3125,395
"1497",-30.375,-55.1875,374
"1498",-30.375,-55.0625,266
"1499",-30.375,-54.9375,172
"1500",-30.375,-54.8125,95
"1501",-30.375,-54.6875,47
"1502",-30.375,-54.5625,10
"1503",-30.375,-54.4375,27
"1504",-30.375,-54.3125,57
"1505",-30.375,-54.1875,53
"1506",-30.375,-54.0625,94
"1507",-30.375,-53.9375,98
"1508",-30.375,-53.8125,100
"1509",-30.375,-53.6875,53
"1510",-30.375,-53.5625,26
"1511",-30.375,-53.4375,34
"1512",-30.375,-53.3125,37
"1513",-30.375,-53.1875,34
"1514",-30.375,-53.0625,52
"1515",-30.375,-52.9375,34
"1516",-30.375,-52.8125,18
"1517",-30.375,-52.6875,14
"1518",-30.375,-52.5625,6
"1519",-30.375,-52.4375,3
"1520",-30.375,-52.3125,4
"1521",-30.375,-52.1875,6
"1522",-30.375,-52.0625,7
"1523",-30.375,-51.9375,13
"1524",-30.375,-51.8125,3
"1525",-30.375,-51.6875,3
"1526",-30.375,-51.5625,9
"1527",-30.375,-50.8125,1
"1528",-30.125,-62.4375,231
"1529",-30.125,-62.3125,522
"1530",-30.125,-62.1875,965
"1531",-30.125,-62.0625,729
"1532",-30.125,-61.9375,430
"1533",-30.125,-61.8125,296
"1534",-30.125,-61.6875,306
"1535",-30.125,-61.5625,313
"1536",-30.125,-61.4375,139
"1537",-30.125,-61.3125,118
"1538",-30.125,-61.1875,175
"1539",-30.125,-61.0625,302
"1540",-30.125,-60.9375,277
"1541",-30.125,-60.8125,173
"1542",-30.125,-60.6875,113
"1543",-30.125,-60.5625,160
"1544",-30.125,-60.4375,215
"1545",-30.125,-60.3125,209
"1546",-30.125,-60.1875,168
"1547",-30.125,-60.0625,204
"1548",-30.125,-59.9375,240
"1549",-30.125,-59.8125,1099
"1550",-30.125,-59.6875,1038
"1551",-30.125,-59.5625,92
"1552",-30.125,-59.4375,54
"1553",-30.125,-59.3125,25
"1554",-30.125,-59.1875,23
"1555",-30.125,-59.0625,22
"1556",-30.125,-58.9375,83
"1557",-30.125,-58.8125,109
"1558",-30.125,-58.6875,290
"1559",-30.125,-58.5625,375
"1560",-30.125,-58.4375,345
"1561",-30.125,-58.3125,247
"1562",-30.125,-58.1875,227
"1563",-30.125,-58.0625,255
"1564",-30.125,-57.9375,302
"1565",-30.125,-57.8125,342
"1566",-30.125,-57.6875,295
"1567",-30.125,-57.5625,249
"1568",-30.125,-57.4375,206
"1569",-30.125,-57.3125,182
"1570",-30.125,-57.1875,165
"1571",-30.125,-57.0625,164
"1572",-30.125,-56.9375,231
"1573",-30.125,-56.8125,234
"1574",-30.125,-56.6875,172
"1575",-30.125,-56.5625,181
"1576",-30.125,-56.4375,187
"1577",-30.125,-56.3125,225
"1578",-30.125,-56.1875,211
"1579",-30.125,-56.0625,219
"1580",-30.125,-55.9375,214
"1581",-30.125,-55.8125,265
"1582",-30.125,-55.6875,266
"1583",-30.125,-55.5625,229
"1584",-30.125,-55.4375,326
"1585",-30.125,-55.3125,378
"1586",-30.125,-55.1875,337
"1587",-30.125,-55.0625,178
"1588",-30.125,-54.9375,211
"1589",-30.125,-54.8125,87
"1590",-30.125,-54.6875,58
"1591",-30.125,-54.5625,17
"1592",-30.125,-54.4375,44
"1593",-30.125,-54.3125,65
"1594",-30.125,-54.1875,96
"1595",-30.125,-54.0625,123
"1596",-30.125,-53.9375,145
"1597",-30.125,-53.8125,83
"1598",-30.125,-53.6875,71
"1599",-30.125,-53.5625,25
"1600",-30.125,-53.4375,30
"1601",-30.125,-53.3125,23
"1602",-30.125,-53.1875,12
"1603",-30.125,-53.0625,25
"1604",-30.125,-52.9375,18
"1605",-30.125,-52.8125,20
"1606",-30.125,-52.6875,8
"1607",-30.125,-52.5625,8
"1608",-30.125,-52.4375,4
"1609",-30.125,-52.3125,6
"1610",-30.125,-52.1875,3
"1611",-30.125,-52.0625,4
"1612",-30.125,-51.9375,6
"1613",-30.125,-51.8125,12
"1614",-30.125,-51.6875,4
"1615",-30.125,-51.5625,5
"1616",-30.125,-51.4375,3
"1617",-30.125,-50.6875,1
"1618",-29.875,-62.6875,5
"1619",-29.875,-62.5625,33
"1620",-29.875,-62.4375,99
"1621",-29.875,-62.3125,388
"1622",-29.875,-62.1875,710
"1623",-29.875,-62.0625,880
"1624",-29.875,-61.9375,651
"1625",-29.875,-61.8125,442
"1626",-29.875,-61.6875,360
"1627",-29.875,-61.5625,201
"1628",-29.875,-61.4375,165
"1629",-29.875,-61.3125,225
"1630",-29.875,-61.1875,115
"1631",-29.875,-61.0625,260
"1632",-29.875,-60.9375,325
"1633",-29.875,-60.8125,182
"1634",-29.875,-60.6875,144
"1635",-29.875,-60.5625,139
"1636",-29.875,-60.4375,190
"1637",-29.875,-60.3125,179
"1638",-29.875,-60.1875,185
"1639",-29.875,-60.0625,209
"1640",-29.875,-59.9375,419
"1641",-29.875,-59.8125,739
"1642",-29.875,-59.6875,93
"1643",-29.875,-59.5625,1
"1644",-29.875,-59.4375,26
"1645",-29.875,-59.3125,13
"1646",-29.875,-59.1875,33
"1647",-29.875,-59.0625,18
"1648",-29.875,-58.9375,134
"1649",-29.875,-58.8125,127
"1650",-29.875,-58.6875,228
"1651",-29.875,-58.5625,331
"1652",-29.875,-58.4375,190
"1653",-29.875,-58.3125,169
"1654",-29.875,-58.1875,267
"1655",-29.875,-58.0625,307
"1656",-29.875,-57.9375,286
"1657",-29.875,-57.8125,328
"1658",-29.875,-57.6875,298
"1659",-29.875,-57.5625,254
"1660",-29.875,-57.4375,241
"1661",-29.875,-57.3125,217
"1662",-29.875,-57.1875,289
"1663",-29.875,-57.0625,224
"1664",-29.875,-56.9375,225
"1665",-29.875,-56.8125,206
"1666",-29.875,-56.6875,154
"1667",-29.875,-56.5625,138
"1668",-29.875,-56.4375,147
"1669",-29.875,-56.3125,194
"1670",-29.875,-56.1875,248
"1671",-29.875,-56.0625,211
"1672",-29.875,-55.9375,196
"1673",-29.875,-55.8125,185
"1674",-29.875,-55.6875,194
"1675",-29.875,-55.5625,295
"1676",-29.875,-55.4375,357
"1677",-29.875,-55.3125,392
"1678",-29.875,-55.1875,199
"1679",-29.875,-55.0625,101
"1680",-29.875,-54.9375,186
"1681",-29.875,-54.8125,123
"1682",-29.875,-54.6875,120
"1683",-29.875,-54.5625,40
"1684",-29.875,-54.4375,82
"1685",-29.875,-54.3125,101
"1686",-29.875,-54.1875,89
"1687",-29.875,-54.0625,147
"1688",-29.875,-53.9375,142
"1689",-29.875,-53.8125,69
"1690",-29.875,-53.6875,34
"1691",-29.875,-53.5625,25
"1692",-29.875,-53.4375,22
"1693",-29.875,-53.3125,25
"1694",-29.875,-53.1875,23
"1695",-29.875,-53.0625,17
"1696",-29.875,-52.9375,24
"1697",-29.875,-52.8125,13
"1698",-29.875,-52.6875,7
"1699",-29.875,-52.5625,7
"1700",-29.875,-52.4375,16
"1701",-29.875,-52.3125,4
"1702",-29.875,-52.1875,3
"1703",-29.875,-52.0625,4
"1704",-29.875,-51.9375,8
"1705",-29.875,-51.8125,18
"1706",-29.875,-51.6875,6
"1707",-29.875,-51.5625,7
"1708",-29.625,-62.8125,144
"1709",-29.625,-62.6875,313
"1710",-29.625,-62.5625,194
"1711",-29.625,-62.4375,147
"1712",-29.625,-62.3125,223
"1713",-29.625,-62.1875,469
"1714",-29.625,-62.0625,908
"1715",-29.625,-61.9375,719
"1716",-29.625,-61.8125,515
"1717",-29.625,-61.6875,439
"1718",-29.625,-61.5625,183
"1719",-29.625,-61.4375,184
"1720",-29.625,-61.3125,291
"1721",-29.625,-61.1875,182
"1722",-29.625,-61.0625,255
"1723",-29.625,-60.9375,296
"1724",-29.625,-60.8125,266
"1725",-29.625,-60.6875,162
"1726",-29.625,-60.5625,151
"1727",-29.625,-60.4375,129
"1728",-29.625,-60.3125,163
"1729",-29.625,-60.1875,187
"1730",-29.625,-60.0625,198
"1731",-29.625,-59.9375,286
"1732",-29.625,-59.8125,275
"1733",-29.625,-59.6875,168
"1734",-29.625,-59.5625,111
"1735",-29.625,-59.4375,53
"1736",-29.625,-59.3125,55
"1737",-29.625,-59.1875,15
"1738",-29.625,-59.0625,9
"1739",-29.625,-58.9375,19
"1740",-29.625,-58.8125,38
"1741",-29.625,-58.6875,72
"1742",-29.625,-58.5625,59
"1743",-29.625,-58.4375,52
"1744",-29.625,-58.3125,88
"1745",-29.625,-58.1875,165
"1746",-29.625,-58.0625,210
"1747",-29.625,-57.9375,232
"1748",-29.625,-57.8125,261
"1749",-29.625,-57.6875,258
"1750",-29.625,-57.5625,240
"1751",-29.625,-57.4375,237
"1752",-29.625,-57.3125,215
"1753",-29.625,-57.1875,225
"1754",-29.625,-57.0625,239
"1755",-29.625,-56.9375,189
"1756",-29.625,-56.8125,142
"1757",-29.625,-56.6875,154
"1758",-29.625,-56.5625,142
"1759",-29.625,-56.4375,139
"1760",-29.625,-56.3125,117
"1761",-29.625,-56.1875,179
"1762",-29.625,-56.0625,169
"1763",-29.625,-55.9375,182
"1764",-29.625,-55.8125,112
"1765",-29.625,-55.6875,102
"1766",-29.625,-55.5625,161
"1767",-29.625,-55.4375,270
"1768",-29.625,-55.3125,195
"1769",-29.625,-55.1875,146
"1770",-29.625,-55.0625,92
"1771",-29.625,-54.9375,122
"1772",-29.625,-54.8125,180
"1773",-29.625,-54.6875,107
"1774",-29.625,-54.5625,40
"1775",-29.625,-54.4375,82
"1776",-29.625,-54.3125,94
"1777",-29.625,-54.1875,74
"1778",-29.625,-54.0625,65
"1779",-29.625,-53.9375,68
"1780",-29.625,-53.8125,35
"1781",-29.625,-53.6875,33
"1782",-29.625,-53.5625,31
"1783",-29.625,-53.4375,8
"1784",-29.625,-53.3125,26
"1785",-29.625,-53.1875,20
"1786",-29.625,-53.0625,11
"1787",-29.625,-52.9375,22
"1788",-29.625,-52.8125,7
"1789",-29.625,-52.6875,7
"1790",-29.625,-52.5625,4
"1791",-29.625,-52.4375,4
"1792",-29.625,-52.3125,4
"1793",-29.625,-52.1875,3
"1794",-29.625,-52.0625,4
"1795",-29.625,-51.9375,4
"1796",-29.625,-51.8125,4
"1797",-29.625,-51.6875,11
"1798",-29.625,-51.5625,2
"1799",-29.625,-51.4375,1
"1800",-29.625,-50.6875,1
"1801",-29.375,-62.9375,1
"1802",-29.375,-62.8125,82
"1803",-29.375,-62.6875,355
"1804",-29.375,-62.5625,454
"1805",-29.375,-62.4375,257
"1806",-29.375,-62.3125,168
"1807",-29.375,-62.1875,354
"1808",-29.375,-62.0625,654
"1809",-29.375,-61.9375,648
"1810",-29.375,-61.8125,438
"1811",-29.375,-61.6875,468
"1812",-29.375,-61.5625,342
"1813",-29.375,-61.4375,235
"1814",-29.375,-61.3125,271
"1815",-29.375,-61.1875,212
"1816",-29.375,-61.0625,238
"1817",-29.375,-60.9375,306
"1818",-29.375,-60.8125,281
"1819",-29.375,-60.6875,211
"1820",-29.375,-60.5625,137
"1821",-29.375,-60.4375,130
"1822",-29.375,-60.3125,157
"1823",-29.375,-60.1875,181
"1824",-29.375,-60.0625,184
"1825",-29.375,-59.9375,218
"1826",-29.375,-59.8125,255
"1827",-29.375,-59.6875,336
"1828",-29.375,-59.5625,209
"1829",-29.375,-59.4375,5
"1830",-29.375,-59.3125,11
"1831",-29.375,-59.1875,18
"1832",-29.375,-59.0625,4
"1833",-29.375,-58.9375,19
"1834",-29.375,-58.8125,50
"1835",-29.375,-58.6875,45
"1836",-29.375,-58.5625,60
"1837",-29.375,-58.4375,66
"1838",-29.375,-58.3125,42
"1839",-29.375,-58.1875,61
"1840",-29.375,-58.0625,95
"1841",-29.375,-57.9375,109
"1842",-29.375,-57.8125,128
"1843",-29.375,-57.6875,150
"1844",-29.375,-57.5625,141
"1845",-29.375,-57.4375,137
"1846",-29.375,-57.3125,160
"1847",-29.375,-57.1875,244
"1848",-29.375,-57.0625,225
"1849",-29.375,-56.9375,205
"1850",-29.375,-56.8125,159
"1851",-29.375,-56.6875,162
"1852",-29.375,-56.5625,150
"1853",-29.375,-56.4375,111
"1854",-29.375,-56.3125,123
"1855",-29.375,-56.1875,155
"1856",-29.375,-56.0625,133
"1857",-29.375,-55.9375,103
"1858",-29.375,-55.8125,85
"1859",-29.375,-55.6875,83
"1860",-29.375,-55.5625,149
"1861",-29.375,-55.4375,119
"1862",-29.375,-55.3125,188
"1863",-29.375,-55.1875,171
"1864",-29.375,-55.0625,169
"1865",-29.375,-54.9375,166
"1866",-29.375,-54.8125,228
"1867",-29.375,-54.6875,234
"1868",-29.375,-54.5625,31
"1869",-29.375,-54.4375,65
"1870",-29.375,-54.3125,101
"1871",-29.375,-54.1875,96
"1872",-29.375,-54.0625,57
"1873",-29.375,-53.9375,28
"1874",-29.375,-53.8125,22
"1875",-29.375,-53.6875,27
"1876",-29.375,-53.5625,9
"1877",-29.375,-53.4375,2
"1878",-29.375,-53.3125,22
"1879",-29.375,-53.1875,18
"1880",-29.375,-53.0625,12
"1881",-29.375,-52.9375,23
"1882",-29.375,-52.8125,8
"1883",-29.375,-52.6875,12
"1884",-29.375,-52.5625,7
"1885",-29.375,-52.4375,1
"1886",-29.375,-52.1875,2
"1887",-29.375,-52.0625,3
"1888",-29.375,-51.9375,2
"1889",-29.375,-51.8125,4
"1890",-29.375,-51.6875,13
"1891",-29.375,-51.5625,5
"1892",-29.375,-51.4375,1
"1893",-29.375,-50.6875,2
"1894",-29.125,-62.9375,1
"1895",-29.125,-62.8125,191
"1896",-29.125,-62.6875,526
"1897",-29.125,-62.5625,381
"1898",-29.125,-62.4375,375
"1899",-29.125,-62.3125,271
"1900",-29.125,-62.1875,279
"1901",-29.125,-62.0625,507
"1902",-29.125,-61.9375,475
"1903",-29.125,-61.8125,556
"1904",-29.125,-61.6875,544
"1905",-29.125,-61.5625,423
"1906",-29.125,-61.4375,325
"1907",-29.125,-61.3125,176
"1908",-29.125,-61.1875,255
"1909",-29.125,-61.0625,221
"1910",-29.125,-60.9375,338
"1911",-29.125,-60.8125,299
"1912",-29.125,-60.6875,209
"1913",-29.125,-60.5625,110
"1914",-29.125,-60.4375,111
"1915",-29.125,-60.3125,155
"1916",-29.125,-60.1875,148
"1917",-29.125,-60.0625,123
"1918",-29.125,-59.9375,151
"1919",-29.125,-59.8125,136
"1920",-29.125,-59.6875,116
"1921",-29.125,-59.5625,132
"1922",-29.125,-59.4375,42
"1923",-29.125,-59.3125,11
"1924",-29.125,-59.1875,21
"1925",-29.125,-59.0625,5
"1926",-29.125,-58.9375,4
"1927",-29.125,-58.8125,7
"1928",-29.125,-58.6875,15
"1929",-29.125,-58.5625,51
"1930",-29.125,-58.4375,17
"1931",-29.125,-58.3125,41
"1932",-29.125,-58.1875,50
"1933",-29.125,-58.0625,80
"1934",-29.125,-57.9375,38
"1935",-29.125,-57.8125,36
"1936",-29.125,-57.6875,67
"1937",-29.125,-57.5625,99
"1938",-29.125,-57.4375,94
"1939",-29.125,-57.3125,98
"1940",-29.125,-57.1875,114
"1941",-29.125,-57.0625,147
"1942",-29.125,-56.9375,144
"1943",-29.125,-56.8125,197
"1944",-29.125,-56.6875,175
"1945",-29.125,-56.5625,114
"1946",-29.125,-56.4375,112
"1947",-29.125,-56.3125,126
"1948",-29.125,-56.1875,143
"1949",-29.125,-56.0625,168
"1950",-29.125,-55.9375,95
"1951",-29.125,-55.8125,154
"1952",-29.125,-55.6875,83
"1953",-29.125,-55.5625,117
"1954",-29.125,-55.4375,107
"1955",-29.125,-55.3125,117
"1956",-29.125,-55.1875,161
"1957",-29.125,-55.0625,351
"1958",-29.125,-54.9375,351
"1959",-29.125,-54.8125,190
"1960",-29.125,-54.6875,143
"1961",-29.125,-54.5625,100
"1962",-29.125,-54.4375,60
"1963",-29.125,-54.3125,133
"1964",-29.125,-54.1875,145
"1965",-29.125,-54.0625,171
"1966",-29.125,-53.9375,20
"1967",-29.125,-53.8125,14
"1968",-29.125,-53.6875,18
"1969",-29.125,-53.5625,20
"1970",-29.125,-53.4375,12
"1971",-29.125,-53.3125,30
"1972",-29.125,-53.1875,27
"1973",-29.125,-53.0625,11
"1974",-29.125,-52.9375,19
"1975",-29.125,-52.8125,19
"1976",-29.125,-52.6875,19
"1977",-29.125,-52.5625,7
"1978",-29.125,-52.1875,2
"1979",-29.125,-52.0625,1
"1980",-29.125,-51.8125,4
"1981",-29.125,-51.6875,1
"1982",-29.125,-51.5625,4
"1983",-29.125,-51.4375,3
"1984",-29.125,-50.6875,1
"1985",-28.875,-62.8125,9
"1986",-28.875,-62.6875,155
"1987",-28.875,-62.5625,376
"1988",-28.875,-62.4375,335
"1989",-28.875,-62.3125,341
"1990",-28.875,-62.1875,272
"1991",-28.875,-62.0625,427
"1992",-28.875,-61.9375,570
"1993",-28.875,-61.8125,554
"1994",-28.875,-61.6875,524
"1995",-28.875,-61.5625,427
"1996",-28.875,-61.4375,408
"1997",-28.875,-61.3125,229
"1998",-28.875,-61.1875,252
"1999",-28.875,-61.0625,247
"2000",-28.875,-60.9375,315
"2001",-28.875,-60.8125,284
"2002",-28.875,-60.6875,136
"2003",-28.875,-60.5625,123
"2004",-28.875,-60.4375,120
"2005",-28.875,-60.3125,155
"2006",-28.875,-60.1875,94
"2007",-28.875,-60.0625,155
"2008",-28.875,-59.9375,129
"2009",-28.875,-59.8125,102
"2010",-28.875,-59.6875,112
"2011",-28.875,-59.5625,110
"2012",-28.875,-59.4375,74
"2013",-28.875,-59.3125,55
"2014",-28.875,-59.1875,36
"2015",-28.875,-59.0625,20
"2016",-28.875,-58.9375,10
"2017",-28.875,-58.8125,12
"2018",-28.875,-58.6875,9
"2019",-28.875,-58.5625,7
"2020",-28.875,-58.4375,19
"2021",-28.875,-58.3125,22
"2022",-28.875,-58.1875,28
"2023",-28.875,-58.0625,18
"2024",-28.875,-57.9375,28
"2025",-28.875,-57.8125,24
"2026",-28.875,-57.6875,37
"2027",-28.875,-57.5625,23
"2028",-28.875,-57.4375,47
"2029",-28.875,-57.3125,84
"2030",-28.875,-57.1875,100
"2031",-28.875,-57.0625,146
"2032",-28.875,-56.9375,120
"2033",-28.875,-56.8125,188
"2034",-28.875,-56.6875,152
"2035",-28.875,-56.5625,92
"2036",-28.875,-56.4375,84
"2037",-28.875,-56.3125,110
"2038",-28.875,-56.1875,111
"2039",-28.875,-56.0625,101
"2040",-28.875,-55.9375,110
"2041",-28.875,-55.8125,128
"2042",-28.875,-55.6875,118
"2043",-28.875,-55.5625,103
"2044",-28.875,-55.4375,116
"2045",-28.875,-55.3125,106
"2046",-28.875,-55.1875,291
"2047",-28.875,-55.0625,216
"2048",-28.875,-54.9375,151
"2049",-28.875,-54.8125,149
"2050",-28.875,-54.6875,151
"2051",-28.875,-54.5625,138
"2052",-28.875,-54.4375,106
"2053",-28.875,-54.3125,147
"2054",-28.875,-54.1875,204
"2055",-28.875,-54.0625,78
"2056",-28.875,-53.9375,17
"2057",-28.875,-53.8125,36
"2058",-28.875,-53.6875,29
"2059",-28.875,-53.5625,20
"2060",-28.875,-53.4375,26
"2061",-28.875,-53.3125,32
"2062",-28.875,-53.1875,20
"2063",-28.875,-53.0625,13
"2064",-28.875,-52.9375,19
"2065",-28.875,-52.8125,16
"2066",-28.875,-52.6875,16
"2067",-28.875,-52.5625,6
"2068",-28.875,-52.4375,3
"2069",-28.875,-52.3125,3
"2070",-28.875,-52.1875,2
"2071",-28.875,-52.0625,2
"2072",-28.875,-51.6875,3
"2073",-28.875,-51.5625,5
"2074",-28.875,-51.4375,5
"2075",-28.875,-51.3125,1
"2076",-28.875,-51.1875,1
"2077",-28.875,-50.9375,1
"2078",-28.875,-50.8125,1
"2079",-28.625,-62.8125,109
"2080",-28.625,-62.6875,387
"2081",-28.625,-62.5625,251
"2082",-28.625,-62.4375,379
"2083",-28.625,-62.3125,365
"2084",-28.625,-62.1875,291
"2085",-28.625,-62.0625,452
"2086",-28.625,-61.9375,396
"2087",-28.625,-61.8125,438
"2088",-28.625,-61.6875,375
"2089",-28.625,-61.5625,574
"2090",-28.625,-61.4375,448
"2091",-28.625,-61.3125,252
"2092",-28.625,-61.1875,274
"2093",-28.625,-61.0625,241
"2094",-28.625,-60.9375,488
"2095",-28.625,-60.8125,440
"2096",-28.625,-60.6875,131
"2097",-28.625,-60.5625,97
"2098",-28.625,-60.4375,157
"2099",-28.625,-60.3125,130
"2100",-28.625,-60.1875,81
"2101",-28.625,-60.0625,92
"2102",-28.625,-59.9375,94
"2103",-28.625,-59.8125,63
"2104",-28.625,-59.6875,87
"2105",-28.625,-59.5625,34
"2106",-28.625,-59.4375,68
"2107",-28.625,-59.3125,31
"2108",-28.625,-59.1875,26
"2109",-28.625,-59.0625,32
"2110",-28.625,-58.9375,13
"2111",-28.625,-58.8125,6
"2112",-28.625,-58.6875,12
"2113",-28.625,-58.4375,20
"2114",-28.625,-58.3125,6
"2115",-28.625,-58.1875,7
"2116",-28.625,-58.0625,13
"2117",-28.625,-57.9375,5
"2118",-28.625,-57.8125,8
"2119",-28.625,-57.6875,7
"2120",-28.625,-57.5625,21
"2121",-28.625,-57.4375,25
"2122",-28.625,-57.3125,69
"2123",-28.625,-57.1875,55
"2124",-28.625,-57.0625,96
"2125",-28.625,-56.9375,162
"2126",-28.625,-56.8125,135
"2127",-28.625,-56.6875,64
"2128",-28.625,-56.5625,50
"2129",-28.625,-56.4375,73
"2130",-28.625,-56.3125,77
"2131",-28.625,-56.1875,81
"2132",-28.625,-56.0625,99
"2133",-28.625,-55.9375,102
"2134",-28.625,-55.8125,82
"2135",-28.625,-55.6875,79
"2136",-28.625,-55.5625,84
"2137",-28.625,-55.4375,84
"2138",-28.625,-55.3125,119
"2139",-28.625,-55.1875,216
"2140",-28.625,-55.0625,205
"2141",-28.625,-54.9375,188
"2142",-28.625,-54.8125,120
"2143",-28.625,-54.6875,122
"2144",-28.625,-54.5625,276
"2145",-28.625,-54.4375,149
"2146",-28.625,-54.3125,107
"2147",-28.625,-54.1875,97
"2148",-28.625,-54.0625,62
"2149",-28.625,-53.9375,46
"2150",-28.625,-53.8125,135
"2151",-28.625,-53.6875,30
"2152",-28.625,-53.5625,27
"2153",-28.625,-53.4375,22
"2154",-28.625,-53.3125,14
"2155",-28.625,-53.1875,25
"2156",-28.625,-53.0625,24
"2157",-28.625,-52.9375,20
"2158",-28.625,-52.8125,17
"2159",-28.625,-52.6875,14
"2160",-28.625,-52.5625,9
"2161",-28.625,-52.4375,5
"2162",-28.625,-52.3125,2
"2163",-28.625,-52.1875,3
"2164",-28.625,-51.9375,1
"2165",-28.625,-51.6875,1
"2166",-28.625,-51.5625,3
"2167",-28.625,-51.3125,2
"2168",-28.625,-51.1875,1
"2169",-28.375,-62.8125,6
"2170",-28.375,-62.6875,226
"2171",-28.375,-62.5625,381
"2172",-28.375,-62.4375,406
"2173",-28.375,-62.3125,359
"2174",-28.375,-62.1875,276
"2175",-28.375,-62.0625,364
"2176",-28.375,-61.9375,308
"2177",-28.375,-61.8125,359
"2178",-28.375,-61.6875,502
"2179",-28.375,-61.5625,508
"2180",-28.375,-61.4375,535
"2181",-28.375,-61.3125,233
"2182",-28.375,-61.1875,269
"2183",-28.375,-61.0625,445
"2184",-28.375,-60.9375,1297
"2185",-28.375,-60.8125,583
"2186",-28.375,-60.6875,130
"2187",-28.375,-60.5625,80
"2188",-28.375,-60.4375,133
"2189",-28.375,-60.3125,87
"2190",-28.375,-60.1875,59
"2191",-28.375,-60.0625,92
"2192",-28.375,-59.9375,29
"2193",-28.375,-59.8125,52
"2194",-28.375,-59.6875,67
"2195",-28.375,-59.5625,56
"2196",-28.375,-59.4375,23
"2197",-28.375,-59.3125,39
"2198",-28.375,-59.1875,22
"2199",-28.375,-59.0625,23
"2200",-28.375,-58.9375,16
"2201",-28.375,-58.8125,11
"2202",-28.375,-58.6875,10
"2203",-28.375,-58.4375,3
"2204",-28.375,-58.3125,2
"2205",-28.375,-58.0625,2
"2206",-28.375,-57.4375,10
"2207",-28.375,-57.3125,11
"2208",-28.375,-57.1875,51
"2209",-28.375,-57.0625,67
"2210",-28.375,-56.9375,82
"2211",-28.375,-56.8125,45
"2212",-28.375,-56.6875,60
"2213",-28.375,-56.5625,59
"2214",-28.375,-56.4375,27
"2215",-28.375,-56.3125,35
"2216",-28.375,-56.1875,90
"2217",-28.375,-56.0625,69
"2218",-28.375,-55.9375,67
"2219",-28.375,-55.8125,41
"2220",-28.375,-55.6875,21
"2221",-28.375,-55.5625,87
"2222",-28.375,-55.4375,162
"2223",-28.375,-55.3125,181
"2224",-28.375,-55.1875,722
"2225",-28.375,-55.0625,217
"2226",-28.375,-54.9375,115
"2227",-28.375,-54.8125,281
"2228",-28.375,-54.6875,458
"2229",-28.375,-54.5625,85
"2230",-28.375,-54.4375,65
"2231",-28.375,-54.3125,88
"2232",-28.375,-54.1875,101
"2233",-28.375,-54.0625,124
"2234",-28.375,-53.9375,73
"2235",-28.375,-53.8125,75
"2236",-28.375,-53.6875,43
"2237",-28.375,-53.5625,23
"2238",-28.375,-53.4375,25
"2239",-28.375,-53.3125,11
"2240",-28.375,-53.1875,11
"2241",-28.375,-53.0625,21
"2242",-28.375,-52.9375,28
"2243",-28.375,-52.8125,20
"2244",-28.375,-52.6875,22
"2245",-28.375,-52.5625,9
"2246",-28.375,-52.4375,4
"2247",-28.375,-52.3125,1
"2248",-28.375,-51.9375,3
"2249",-28.375,-51.8125,15
"2250",-28.375,-51.5625,2
"2251",-28.375,-51.4375,1
"2252",-28.375,-51.3125,1
"2253",-28.375,-51.1875,1
"2254",-28.125,-62.8125,139
"2255",-28.125,-62.6875,424
"2256",-28.125,-62.5625,392
"2257",-28.125,-62.4375,437
"2258",-28.125,-62.3125,391
"2259",-28.125,-62.1875,268
"2260",-28.125,-62.0625,299
"2261",-28.125,-61.9375,423
"2262",-28.125,-61.8125,413
"2263",-28.125,-61.6875,516
"2264",-28.125,-61.5625,503
"2265",-28.125,-61.4375,399
"2266",-28.125,-61.3125,200
"2267",-28.125,-61.1875,274
"2268",-28.125,-61.0625,610
"2269",-28.125,-60.9375,862
"2270",-28.125,-60.8125,966
"2271",-28.125,-60.6875,188
"2272",-28.125,-60.5625,93
"2273",-28.125,-60.4375,114
"2274",-28.125,-60.3125,134
"2275",-28.125,-60.1875,50
"2276",-28.125,-60.0625,33
"2277",-28.125,-59.9375,21
"2278",-28.125,-59.8125,18
"2279",-28.125,-59.6875,47
"2280",-28.125,-59.5625,42
"2281",-28.125,-59.4375,29
"2282",-28.125,-59.3125,26
"2283",-28.125,-59.1875,26
"2284",-28.125,-59.0625,21
"2285",-28.125,-58.9375,8
"2286",-28.125,-58.8125,13
"2287",-28.125,-58.6875,6
"2288",-28.125,-58.5625,8
"2289",-28.125,-58.4375,11
"2290",-28.125,-58.3125,15
"2291",-28.125,-58.1875,9
"2292",-28.125,-58.0625,4
"2293",-28.125,-57.9375,3
"2294",-28.125,-57.8125,4
"2295",-28.125,-57.6875,2
"2296",-28.125,-57.4375,7
"2297",-28.125,-57.3125,21
"2298",-28.125,-57.1875,42
"2299",-28.125,-57.0625,59
"2300",-28.125,-56.9375,64
"2301",-28.125,-56.8125,51
"2302",-28.125,-56.6875,55
"2303",-28.125,-56.5625,18
"2304",-28.125,-56.4375,15
"2305",-28.125,-56.3125,20
"2306",-28.125,-56.1875,38
"2307",-28.125,-56.0625,59
"2308",-28.125,-55.9375,30
"2309",-28.125,-55.8125,12
"2310",-28.125,-55.6875,22
"2311",-28.125,-55.5625,93
"2312",-28.125,-55.4375,341
"2313",-28.125,-55.3125,509
"2314",-28.125,-55.1875,247
"2315",-28.125,-55.0625,107
"2316",-28.125,-54.9375,121
"2317",-28.125,-54.8125,254
"2318",-28.125,-54.6875,101
"2319",-28.125,-54.5625,12
"2320",-28.125,-54.4375,59
"2321",-28.125,-54.3125,87
"2322",-28.125,-54.1875,95
"2323",-28.125,-54.0625,100
"2324",-28.125,-53.9375,90
"2325",-28.125,-53.8125,188
"2326",-28.125,-53.6875,41
"2327",-28.125,-53.5625,23
"2328",-28.125,-53.4375,22
"2329",-28.125,-53.3125,28
"2330",-28.125,-53.1875,22
"2331",-28.125,-53.0625,23
"2332",-28.125,-52.9375,18
"2333",-28.125,-52.8125,19
"2334",-28.125,-52.6875,8
"2335",-28.125,-52.5625,3
"2336",-28.125,-52.4375,8
"2337",-28.125,-52.3125,5
"2338",-28.125,-52.0625,2
"2339",-28.125,-51.9375,2
"2340",-28.125,-51.8125,11
"2341",-28.125,-51.6875,4
"2342",-28.125,-51.5625,2
"2343",-28.125,-51.4375,2
"2344",-28.125,-51.3125,2
"2345",-27.875,-62.8125,7
"2346",-27.875,-62.6875,259
"2347",-27.875,-62.5625,415
"2348",-27.875,-62.4375,366
"2349",-27.875,-62.3125,392
"2350",-27.875,-62.1875,260
"2351",-27.875,-62.0625,266
"2352",-27.875,-61.9375,362
"2353",-27.875,-61.8125,506
"2354",-27.875,-61.6875,553
"2355",-27.875,-61.5625,392
"2356",-27.875,-61.4375,248
"2357",-27.875,-61.3125,229
"2358",-27.875,-61.1875,227
"2359",-27.875,-61.0625,314
"2360",-27.875,-60.9375,612
"2361",-27.875,-60.8125,489
"2362",-27.875,-60.6875,304
"2363",-27.875,-60.5625,102
"2364",-27.875,-60.4375,115
"2365",-27.875,-60.3125,222
"2366",-27.875,-60.1875,44
"2367",-27.875,-60.0625,24
"2368",-27.875,-59.9375,19
"2369",-27.875,-59.8125,21
"2370",-27.875,-59.6875,33
"2371",-27.875,-59.5625,34
"2372",-27.875,-59.4375,23
"2373",-27.875,-59.3125,15
"2374",-27.875,-59.1875,19
"2375",-27.875,-59.0625,6
"2376",-27.875,-58.9375,7
"2377",-27.875,-58.8125,9
"2378",-27.875,-58.6875,9
"2379",-27.875,-58.5625,13
"2380",-27.875,-58.4375,4
"2381",-27.875,-58.3125,3
"2382",-27.875,-58.1875,5
"2383",-27.875,-58.0625,3
"2384",-27.875,-57.9375,9
"2385",-27.875,-57.8125,2
"2386",-27.875,-57.6875,3
"2387",-27.875,-57.4375,1
"2388",-27.875,-57.3125,11
"2389",-27.875,-57.1875,14
"2390",-27.875,-57.0625,30
"2391",-27.875,-56.9375,42
"2392",-27.875,-56.8125,21
"2393",-27.875,-56.6875,10
"2394",-27.875,-56.5625,6
"2395",-27.875,-56.4375,14
"2396",-27.875,-56.1875,3
"2397",-27.875,-56.0625,3
"2398",-27.875,-55.9375,1
"2399",-27.875,-55.6875,9
"2400",-27.875,-55.5625,57
"2401",-27.875,-55.4375,275
"2402",-27.875,-55.3125,266
"2403",-27.875,-55.1875,141
"2404",-27.875,-55.0625,92
"2405",-27.875,-54.9375,133
"2406",-27.875,-54.8125,277
"2407",-27.875,-54.6875,203
"2408",-27.875,-54.5625,22
"2409",-27.875,-54.4375,66
"2410",-27.875,-54.3125,80
"2411",-27.875,-54.1875,104
"2412",-27.875,-54.0625,100
"2413",-27.875,-53.9375,128
"2414",-27.875,-53.8125,79
"2415",-27.875,-53.6875,49
"2416",-27.875,-53.5625,36
"2417",-27.875,-53.4375,40
"2418",-27.875,-53.3125,20
"2419",-27.875,-53.1875,21
"2420",-27.875,-53.0625,22
"2421",-27.875,-52.9375,24
"2422",-27.875,-52.8125,9
"2423",-27.875,-52.6875,3
"2424",-27.875,-52.5625,2
"2425",-27.875,-52.4375,5
"2426",-27.875,-52.3125,3
"2427",-27.875,-52.1875,1
"2428",-27.875,-52.0625,2
"2429",-27.875,-51.9375,4
"2430",-27.875,-51.8125,3
"2431",-27.875,-51.6875,3
"2432",-27.875,-51.5625,1
"2433",-27.875,-51.4375,3
"2434",-27.625,-62.8125,102
"2435",-27.625,-62.6875,367
"2436",-27.625,-62.5625,310
"2437",-27.625,-62.4375,434
"2438",-27.625,-62.3125,425
"2439",-27.625,-62.1875,289
"2440",-27.625,-62.0625,244
"2441",-27.625,-61.9375,285
"2442",-27.625,-61.8125,533
"2443",-27.625,-61.6875,530
"2444",-27.625,-61.5625,306
"2445",-27.625,-61.4375,301
"2446",-27.625,-61.3125,186
"2447",-27.625,-61.1875,228
"2448",-27.625,-61.0625,730
"2449",-27.625,-60.9375,293
"2450",-27.625,-60.8125,187
"2451",-27.625,-60.6875,217
"2452",-27.625,-60.5625,208
"2453",-27.625,-60.4375,149
"2454",-27.625,-60.3125,80
"2455",-27.625,-60.1875,29
"2456",-27.625,-60.0625,54
"2457",-27.625,-59.9375,32
"2458",-27.625,-59.8125,4
"2459",-27.625,-59.6875,18
"2460",-27.625,-59.5625,16
"2461",-27.625,-59.4375,23
"2462",-27.625,-59.3125,19
"2463",-27.625,-59.1875,25
"2464",-27.625,-59.0625,9
"2465",-27.625,-58.9375,8
"2466",-27.625,-58.8125,11
"2467",-27.625,-58.6875,12
"2468",-27.625,-58.5625,6
"2469",-27.625,-58.4375,6
"2470",-27.625,-58.3125,10
"2471",-27.625,-58.1875,1
"2472",-27.625,-58.0625,4
"2473",-27.625,-57.9375,3
"2474",-27.625,-57.8125,1
"2475",-27.625,-57.3125,5
"2476",-27.625,-57.1875,3
"2477",-27.625,-57.0625,12
"2478",-27.625,-56.9375,15
"2479",-27.625,-56.8125,13
"2480",-27.625,-56.6875,12
"2481",-27.625,-56.5625,14
"2482",-27.625,-56.4375,13
"2483",-27.625,-56.1875,1
"2484",-27.625,-56.0625,2
"2485",-27.625,-55.8125,3
"2486",-27.625,-55.6875,24
"2487",-27.625,-55.5625,47
"2488",-27.625,-55.4375,259
"2489",-27.625,-55.3125,146
"2490",-27.625,-55.1875,131
"2491",-27.625,-55.0625,117
"2492",-27.625,-54.9375,611
"2493",-27.625,-54.8125,476
"2494",-27.625,-54.6875,18
"2495",-27.625,-54.5625,36
"2496",-27.625,-54.4375,62
"2497",-27.625,-54.3125,72
"2498",-27.625,-54.1875,126
"2499",-27.625,-54.0625,127
"2500",-27.625,-53.9375,125
"2501",-27.625,-53.8125,243
"2502",-27.625,-53.6875,57
"2503",-27.625,-53.5625,51
"2504",-27.625,-53.4375,35
"2505",-27.625,-53.3125,19
"2506",-27.625,-53.1875,17
"2507",-27.625,-53.0625,23
"2508",-27.625,-52.9375,8
"2509",-27.625,-52.8125,5
"2510",-27.625,-52.6875,7
"2511",-27.625,-52.5625,2
"2512",-27.625,-52.4375,4
"2513",-27.625,-52.1875,2
"2514",-27.625,-52.0625,2
"2515",-27.625,-51.9375,4
"2516",-27.625,-51.6875,2
"2517",-27.625,-51.5625,3
"2518",-27.375,-62.8125,4
"2519",-27.375,-62.6875,279
"2520",-27.375,-62.5625,570
"2521",-27.375,-62.4375,467
"2522",-27.375,-62.3125,437
"2523",-27.375,-62.1875,346
"2524",-27.375,-62.0625,303
"2525",-27.375,-61.9375,249
"2526",-27.375,-61.8125,441
"2527",-27.375,-61.6875,522
"2528",-27.375,-61.5625,268
"2529",-27.375,-61.4375,284
"2530",-27.375,-61.3125,195
"2531",-27.375,-61.1875,885
"2532",-27.375,-61.0625,243
"2533",-27.375,-60.9375,235
"2534",-27.375,-60.8125,296
"2535",-27.375,-60.6875,194
"2536",-27.375,-60.5625,362
"2537",-27.375,-60.4375,174
"2538",-27.375,-60.3125,182
"2539",-27.375,-60.1875,92
"2540",-27.375,-60.0625,5
"2541",-27.375,-59.9375,4
"2542",-27.375,-59.8125,9
"2543",-27.375,-59.6875,8
"2544",-27.375,-59.5625,5
"2545",-27.375,-59.3125,1
"2546",-27.375,-59.1875,10
"2547",-27.375,-59.0625,12
"2548",-27.375,-58.9375,10
"2549",-27.375,-58.8125,8
"2550",-27.375,-58.6875,11
"2551",-27.375,-58.5625,6
"2552",-27.375,-58.4375,9
"2553",-27.375,-58.3125,1
"2554",-27.375,-57.8125,2
"2555",-27.375,-57.4375,4
"2556",-27.375,-57.3125,5
"2557",-27.375,-57.1875,6
"2558",-27.375,-57.0625,10
"2559",-27.375,-56.9375,9
"2560",-27.375,-56.8125,6
"2561",-27.375,-56.6875,4
"2562",-27.375,-56.5625,3
"2563",-27.375,-56.4375,4
"2564",-27.375,-56.3125,5
"2565",-27.375,-56.1875,11
"2566",-27.375,-56.0625,6
"2567",-27.375,-55.9375,13
"2568",-27.375,-55.8125,17
"2569",-27.375,-55.6875,9
"2570",-27.375,-55.5625,37
"2571",-27.375,-55.4375,206
"2572",-27.375,-55.3125,139
"2573",-27.375,-55.1875,148
"2574",-27.375,-55.0625,451
"2575",-27.375,-54.9375,296
"2576",-27.375,-54.8125,56
"2577",-27.375,-54.6875,58
"2578",-27.375,-54.5625,94
"2579",-27.375,-54.4375,77
"2580",-27.375,-54.3125,41
"2581",-27.375,-54.1875,94
"2582",-27.375,-54.0625,112
"2583",-27.375,-53.9375,79
"2584",-27.375,-53.8125,124
"2585",-27.375,-53.6875,66
"2586",-27.375,-53.5625,66
"2587",-27.375,-53.4375,34
"2588",-27.375,-53.3125,18
"2589",-27.375,-53.1875,21
"2590",-27.375,-53.0625,30
"2591",-27.375,-52.9375,16
"2592",-27.375,-52.8125,6
"2593",-27.375,-52.6875,4
"2594",-27.375,-52.5625,7
"2595",-27.375,-52.4375,3
"2596",-27.375,-52.3125,1
"2597",-27.375,-52.0625,1
"2598",-27.375,-51.9375,1
"2599",-27.375,-51.8125,1
"2600",-27.375,-51.4375,1
"2601",-27.125,-62.8125,189
"2602",-27.125,-62.6875,580
"2603",-27.125,-62.5625,520
"2604",-27.125,-62.4375,582
"2605",-27.125,-62.3125,407
"2606",-27.125,-62.1875,392
"2607",-27.125,-62.0625,253
"2608",-27.125,-61.9375,228
"2609",-27.125,-61.8125,407
"2610",-27.125,-61.6875,524
"2611",-27.125,-61.5625,312
"2612",-27.125,-61.4375,250
"2613",-27.125,-61.3125,214
"2614",-27.125,-61.1875,529
"2615",-27.125,-61.0625,74
"2616",-27.125,-60.9375,51
"2617",-27.125,-60.8125,129
"2618",-27.125,-60.6875,185
"2619",-27.125,-60.5625,124
"2620",-27.125,-60.4375,89
"2621",-27.125,-60.3125,80
"2622",-27.125,-60.1875,40
"2623",-27.125,-60.0625,19
"2624",-27.125,-59.9375,26
"2625",-27.125,-59.8125,16
"2626",-27.125,-59.6875,2
"2627",-27.125,-59.4375,14
"2628",-27.125,-59.3125,7
"2629",-27.125,-59.1875,2
"2630",-27.125,-59.0625,4
"2631",-27.125,-58.9375,5
"2632",-27.125,-58.8125,5
"2633",-27.125,-58.6875,6
"2634",-27.125,-58.5625,6
"2635",-27.125,-58.4375,18
"2636",-27.125,-58.3125,10
"2637",-27.125,-58.1875,7
"2638",-27.125,-58.0625,1
"2639",-27.125,-57.8125,2
"2640",-27.125,-57.6875,4
"2641",-27.125,-57.5625,1
"2642",-27.125,-57.4375,4
"2643",-27.125,-57.3125,7
"2644",-27.125,-57.1875,5
"2645",-27.125,-57.0625,15
"2646",-27.125,-56.9375,2
"2647",-27.125,-56.4375,6
"2648",-27.125,-56.3125,13
"2649",-27.125,-56.1875,7
"2650",-27.125,-56.0625,14
"2651",-27.125,-55.9375,5
"2652",-27.125,-55.8125,9
"2653",-27.125,-55.6875,33
"2654",-27.125,-55.5625,88
"2655",-27.125,-55.4375,166
"2656",-27.125,-55.3125,245
"2657",-27.125,-55.1875,187
"2658",-27.125,-55.0625,164
"2659",-27.125,-54.9375,114
"2660",-27.125,-54.8125,28
"2661",-27.125,-54.6875,13
"2662",-27.125,-54.5625,41
"2663",-27.125,-54.4375,56
"2664",-27.125,-54.3125,33
"2665",-27.125,-54.1875,77
"2666",-27.125,-54.0625,89
"2667",-27.125,-53.9375,126
"2668",-27.125,-53.8125,243
"2669",-27.125,-53.6875,109
"2670",-27.125,-53.5625,83
"2671",-27.125,-53.4375,60
"2672",-27.125,-53.3125,33
"2673",-27.125,-53.1875,40
"2674",-27.125,-53.0625,36
"2675",-27.125,-52.9375,23
"2676",-27.125,-52.8125,19
"2677",-27.125,-52.6875,10
"2678",-27.125,-52.5625,10
"2679",-27.125,-52.4375,2
"2680",-27.125,-52.3125,3
"2681",-27.125,-52.1875,1
"2682",-27.125,-52.0625,2
"2683",-27.125,-51.5625,1
"2684",-27.125,-51.4375,3
"2685",-26.875,-62.9375,22
"2686",-26.875,-62.8125,285
"2687",-26.875,-62.6875,623
"2688",-26.875,-62.5625,697
"2689",-26.875,-62.4375,544
"2690",-26.875,-62.3125,365
"2691",-26.875,-62.1875,386
"2692",-26.875,-62.0625,311
"2693",-26.875,-61.9375,235
"2694",-26.875,-61.8125,330
"2695",-26.875,-61.6875,503
"2696",-26.875,-61.5625,344
"2697",-26.875,-61.4375,191
"2698",-26.875,-61.3125,255
"2699",-26.875,-61.1875,395
"2700",-26.875,-61.0625,65
"2701",-26.875,-60.9375,25
"2702",-26.875,-60.8125,57
"2703",-26.875,-60.6875,100
"2704",-26.875,-60.5625,127
"2705",-26.875,-60.4375,101
"2706",-26.875,-60.3125,72
"2707",-26.875,-60.1875,38
"2708",-26.875,-60.0625,16
"2709",-26.875,-59.9375,5
"2710",-26.875,-59.8125,7
"2711",-26.875,-59.6875,10
"2712",-26.875,-59.5625,11
"2713",-26.875,-59.4375,7
"2714",-26.875,-58.8125,1
"2715",-26.875,-58.4375,4
"2716",-26.875,-58.3125,6
"2717",-26.875,-58.1875,7
"2718",-26.875,-58.0625,5
"2719",-26.875,-57.9375,2
"2720",-26.875,-57.5625,1
"2721",-26.875,-57.4375,1
"2722",-26.875,-57.3125,1
"2723",-26.875,-57.1875,9
"2724",-26.875,-57.0625,6
"2725",-26.875,-56.9375,3
"2726",-26.875,-56.6875,2
"2727",-26.875,-56.5625,6
"2728",-26.875,-56.4375,12
"2729",-26.875,-56.3125,9
"2730",-26.875,-56.1875,21
"2731",-26.875,-56.0625,15
"2732",-26.875,-55.9375,4
"2733",-26.875,-55.8125,30
"2734",-26.875,-55.6875,82
"2735",-26.875,-55.5625,138
"2736",-26.875,-55.4375,104
"2737",-26.875,-55.3125,143
"2738",-26.875,-55.1875,125
"2739",-26.875,-55.0625,127
"2740",-26.875,-54.9375,124
"2741",-26.875,-54.8125,148
"2742",-26.875,-54.6875,26
"2743",-26.875,-54.5625,49
"2744",-26.875,-54.4375,37
"2745",-26.875,-54.3125,45
"2746",-26.875,-54.1875,65
"2747",-26.875,-54.0625,104
"2748",-26.875,-53.9375,146
"2749",-26.875,-53.8125,145
"2750",-26.875,-53.6875,145
"2751",-26.875,-53.5625,74
"2752",-26.875,-53.4375,57
"2753",-26.875,-53.3125,63
"2754",-26.875,-53.1875,45
"2755",-26.875,-53.0625,36
"2756",-26.875,-52.9375,21
"2757",-26.875,-52.8125,21
"2758",-26.875,-52.6875,14
"2759",-26.875,-52.5625,7
"2760",-26.875,-52.4375,7
"2761",-26.875,-52.3125,7
"2762",-26.875,-52.1875,3
"2763",-26.875,-51.5625,1
"2764",-26.875,-51.4375,2
"2765",-26.625,-63.3125,3
"2766",-26.625,-63.1875,47
"2767",-26.625,-63.0625,163
"2768",-26.625,-62.9375,281
"2769",-26.625,-62.8125,764
"2770",-26.625,-62.6875,917
"2771",-26.625,-62.5625,583
"2772",-26.625,-62.4375,587
"2773",-26.625,-62.3125,475
"2774",-26.625,-62.1875,288
"2775",-26.625,-62.0625,488
"2776",-26.625,-61.9375,311
"2777",-26.625,-61.8125,352
"2778",-26.625,-61.6875,453
"2779",-26.625,-61.5625,336
"2780",-26.625,-61.4375,209
"2781",-26.625,-61.3125,208
"2782",-26.625,-61.1875,284
"2783",-26.625,-61.0625,141
"2784",-26.625,-60.9375,118
"2785",-26.625,-60.8125,149
"2786",-26.625,-60.6875,154
"2787",-26.625,-60.5625,151
"2788",-26.625,-60.4375,139
"2789",-26.625,-60.3125,105
"2790",-26.625,-60.1875,57
"2791",-26.625,-60.0625,35
"2792",-26.625,-59.9375,30
"2793",-26.625,-59.8125,19
"2794",-26.625,-59.6875,26
"2795",-26.625,-59.5625,6
"2796",-26.625,-59.3125,4
"2797",-26.625,-58.4375,20
"2798",-26.625,-58.3125,9
"2799",-26.625,-58.1875,8
"2800",-26.625,-58.0625,11
"2801",-26.625,-57.9375,3
"2802",-26.625,-57.8125,6
"2803",-26.625,-57.6875,4
"2804",-26.625,-57.5625,8
"2805",-26.625,-57.4375,11
"2806",-26.625,-57.3125,1
"2807",-26.625,-57.1875,4
"2808",-26.625,-57.0625,1
"2809",-26.625,-56.9375,2
"2810",-26.625,-56.8125,4
"2811",-26.625,-56.6875,6
"2812",-26.625,-56.5625,8
"2813",-26.625,-56.4375,18
"2814",-26.625,-56.3125,8
"2815",-26.625,-56.1875,18
"2816",-26.625,-56.0625,34
"2817",-26.625,-55.9375,83
"2818",-26.625,-55.8125,147
"2819",-26.625,-55.6875,102
"2820",-26.625,-55.5625,80
"2821",-26.625,-55.4375,97
"2822",-26.625,-55.3125,120
"2823",-26.625,-55.1875,133
"2824",-26.625,-55.0625,124
"2825",-26.625,-54.9375,106
"2826",-26.625,-54.8125,11
"2827",-26.625,-54.6875,20
"2828",-26.625,-54.5625,40
"2829",-26.625,-54.4375,40
"2830",-26.625,-54.3125,43
"2831",-26.625,-54.1875,65
"2832",-26.625,-54.0625,81
"2833",-26.625,-53.9375,162
"2834",-26.625,-53.8125,242
"2835",-26.625,-53.6875,126
"2836",-26.625,-53.5625,101
"2837",-26.625,-53.4375,80
"2838",-26.625,-53.3125,65
"2839",-26.625,-53.1875,54
"2840",-26.625,-53.0625,57
"2841",-26.625,-52.9375,49
"2842",-26.625,-52.8125,44
"2843",-26.625,-52.6875,21
"2844",-26.625,-52.5625,13
"2845",-26.625,-52.4375,6
"2846",-26.625,-52.3125,2
"2847",-26.625,-52.1875,1
"2848",-26.625,-52.0625,1
"2849",-26.625,-51.3125,1
"2850",-26.625,-51.0625,1
"2851",-26.625,-50.8125,1
"2852",-26.625,-50.5625,1
"2853",-26.625,-50.3125,2
"2854",-26.375,-63.4375,1
"2855",-26.375,-63.3125,21
"2856",-26.375,-63.1875,210
"2857",-26.375,-63.0625,367
"2858",-26.375,-62.9375,530
"2859",-26.375,-62.8125,1313
"2860",-26.375,-62.6875,1140
"2861",-26.375,-62.5625,534
"2862",-26.375,-62.4375,538
"2863",-26.375,-62.3125,468
"2864",-26.375,-62.1875,362
"2865",-26.375,-62.0625,530
"2866",-26.375,-61.9375,320
"2867",-26.375,-61.8125,337
"2868",-26.375,-61.6875,468
"2869",-26.375,-61.5625,354
"2870",-26.375,-61.4375,193
"2871",-26.375,-61.3125,134
"2872",-26.375,-61.1875,345
"2873",-26.375,-61.0625,206
"2874",-26.375,-60.9375,354
"2875",-26.375,-60.8125,290
"2876",-26.375,-60.6875,234
"2877",-26.375,-60.5625,99
"2878",-26.375,-60.4375,77
"2879",-26.375,-60.3125,174
"2880",-26.375,-60.1875,150
"2881",-26.375,-60.0625,94
"2882",-26.375,-59.9375,87
"2883",-26.375,-59.8125,37
"2884",-26.375,-59.6875,2
"2885",-26.375,-59.5625,2
"2886",-26.375,-59.4375,2
"2887",-26.375,-59.3125,4
"2888",-26.375,-59.1875,3
"2889",-26.375,-59.0625,5
"2890",-26.375,-58.9375,7
"2891",-26.375,-58.4375,4
"2892",-26.375,-58.3125,5
"2893",-26.375,-58.1875,4
"2894",-26.375,-58.0625,2
"2895",-26.375,-57.9375,2
"2896",-26.375,-57.8125,6
"2897",-26.375,-57.6875,13
"2898",-26.375,-57.5625,11
"2899",-26.375,-57.4375,19
"2900",-26.375,-57.3125,15
"2901",-26.375,-57.1875,13
"2902",-26.375,-57.0625,7
"2903",-26.375,-56.9375,9
"2904",-26.375,-56.8125,8
"2905",-26.375,-56.6875,14
"2906",-26.375,-56.5625,37
"2907",-26.375,-56.4375,34
"2908",-26.375,-56.3125,25
"2909",-26.375,-56.1875,28
"2910",-26.375,-56.0625,56
"2911",-26.375,-55.9375,110
"2912",-26.375,-55.8125,90
"2913",-26.375,-55.6875,91
"2914",-26.375,-55.5625,87
"2915",-26.375,-55.4375,96
"2916",-26.375,-55.3125,95
"2917",-26.375,-55.1875,118
"2918",-26.375,-55.0625,95
"2919",-26.375,-54.9375,23
"2920",-26.375,-54.8125,3
"2921",-26.375,-54.6875,14
"2922",-26.375,-54.5625,30
"2923",-26.375,-54.4375,73
"2924",-26.375,-54.3125,62
"2925",-26.375,-54.1875,96
"2926",-26.375,-54.0625,127
"2927",-26.375,-53.9375,164
"2928",-26.375,-53.8125,161
"2929",-26.375,-53.6875,132
"2930",-26.375,-53.5625,76
"2931",-26.375,-53.4375,93
"2932",-26.375,-53.3125,79
"2933",-26.375,-53.1875,51
"2934",-26.375,-53.0625,57
"2935",-26.375,-52.9375,66
"2936",-26.375,-52.8125,40
"2937",-26.375,-52.6875,34
"2938",-26.375,-52.5625,24
"2939",-26.375,-52.4375,9
"2940",-26.375,-52.3125,3
"2941",-26.375,-52.1875,2
"2942",-26.375,-51.5625,1
"2943",-26.375,-50.1875,1
"2944",-26.375,-50.0625,1
"2945",-26.125,-63.5625,4
"2946",-26.125,-63.4375,42
"2947",-26.125,-63.3125,135
"2948",-26.125,-63.1875,311
"2949",-26.125,-63.0625,456
"2950",-26.125,-62.9375,652
"2951",-26.125,-62.8125,1629
"2952",-26.125,-62.6875,1446
"2953",-26.125,-62.5625,698
"2954",-26.125,-62.4375,521
"2955",-26.125,-62.3125,431
"2956",-26.125,-62.1875,350
"2957",-26.125,-62.0625,390
"2958",-26.125,-61.9375,299
"2959",-26.125,-61.8125,319
"2960",-26.125,-61.6875,388
"2961",-26.125,-61.5625,417
"2962",-26.125,-61.4375,211
"2963",-26.125,-61.3125,179
"2964",-26.125,-61.1875,400
"2965",-26.125,-61.0625,408
"2966",-26.125,-60.9375,280
"2967",-26.125,-60.8125,140
"2968",-26.125,-60.6875,159
"2969",-26.125,-60.5625,30
"2970",-26.125,-60.4375,37
"2971",-26.125,-60.3125,212
"2972",-26.125,-60.1875,124
"2973",-26.125,-60.0625,61
"2974",-26.125,-59.9375,31
"2975",-26.125,-59.6875,2
"2976",-26.125,-59.4375,1
"2977",-26.125,-59.3125,1
"2978",-26.125,-59.1875,3
"2979",-26.125,-59.0625,10
"2980",-26.125,-58.9375,12
"2981",-26.125,-58.8125,10
"2982",-26.125,-58.6875,5
"2983",-26.125,-58.1875,14
"2984",-26.125,-58.0625,14
"2985",-26.125,-57.9375,11
"2986",-26.125,-57.8125,16
"2987",-26.125,-57.6875,27
"2988",-26.125,-57.5625,15
"2989",-26.125,-57.4375,13
"2990",-26.125,-57.3125,18
"2991",-26.125,-57.1875,8
"2992",-26.125,-57.0625,9
"2993",-26.125,-56.9375,16
"2994",-26.125,-56.8125,17
"2995",-26.125,-56.6875,30
"2996",-26.125,-56.5625,52
"2997",-26.125,-56.4375,75
"2998",-26.125,-56.3125,85
"2999",-26.125,-56.1875,111
"3000",-26.125,-56.0625,212
"3001",-26.125,-55.9375,108
"3002",-26.125,-55.8125,107
"3003",-26.125,-55.6875,87
"3004",-26.125,-55.5625,77
"3005",-26.125,-55.4375,61
"3006",-26.125,-55.3125,65
"3007",-26.125,-55.1875,49
"3008",-26.125,-55.0625,46
"3009",-26.125,-54.9375,15
"3010",-26.125,-54.8125,9
"3011",-26.125,-54.6875,22
"3012",-26.125,-54.5625,60
"3013",-26.125,-54.4375,59
"3014",-26.125,-54.3125,82
"3015",-26.125,-54.1875,95
"3016",-26.125,-54.0625,137
"3017",-26.125,-53.9375,151
"3018",-26.125,-53.8125,232
"3019",-26.125,-53.6875,138
"3020",-26.125,-53.5625,113
"3021",-26.125,-53.4375,133
"3022",-26.125,-53.3125,108
"3023",-26.125,-53.1875,86
"3024",-26.125,-53.0625,69
"3025",-26.125,-52.9375,79
"3026",-26.125,-52.8125,79
"3027",-26.125,-52.6875,41
"3028",-26.125,-52.5625,40
"3029",-26.125,-52.4375,23
"3030",-26.125,-52.3125,5
"3031",-26.125,-52.1875,1
"3032",-26.125,-51.6875,1
"3033",-26.125,-50.9375,1
"3034",-26.125,-50.8125,1
"3035",-25.875,-63.8125,6
"3036",-25.875,-63.6875,23
"3037",-25.875,-63.5625,39
"3038",-25.875,-63.4375,108
"3039",-25.875,-63.3125,316
"3040",-25.875,-63.1875,285
"3041",-25.875,-63.0625,446
"3042",-25.875,-62.9375,570
"3043",-25.875,-62.8125,1447
"3044",-25.875,-62.6875,1912
"3045",-25.875,-62.5625,836
"3046",-25.875,-62.4375,542
"3047",-25.875,-62.3125,505
"3048",-25.875,-62.1875,321
"3049",-25.875,-62.0625,391
"3050",-25.875,-61.9375,284
"3051",-25.875,-61.8125,312
"3052",-25.875,-61.6875,399
"3053",-25.875,-61.5625,460
"3054",-25.875,-61.4375,280
"3055",-25.875,-61.3125,196
"3056",-25.875,-61.1875,292
"3057",-25.875,-61.0625,409
"3058",-25.875,-60.9375,117
"3059",-25.875,-60.8125,55
"3060",-25.875,-60.6875,16
"3061",-25.875,-60.5625,73
"3062",-25.875,-60.4375,62
"3063",-25.875,-60.3125,126
"3064",-25.875,-60.1875,34
"3065",-25.875,-60.0625,46
"3066",-25.875,-59.9375,34
"3067",-25.875,-59.8125,20
"3068",-25.875,-59.0625,15
"3069",-25.875,-58.9375,4
"3070",-25.875,-58.8125,4
"3071",-25.875,-58.6875,10
"3072",-25.875,-58.5625,5
"3073",-25.875,-58.1875,8
"3074",-25.875,-58.0625,18
"3075",-25.875,-57.9375,18
"3076",-25.875,-57.8125,20
"3077",-25.875,-57.6875,29
"3078",-25.875,-57.5625,4
"3079",-25.875,-57.4375,17
"3080",-25.875,-57.3125,17
"3081",-25.875,-57.1875,10
"3082",-25.875,-57.0625,7
"3083",-25.875,-56.9375,13
"3084",-25.875,-56.8125,11
"3085",-25.875,-56.6875,50
"3086",-25.875,-56.5625,71
"3087",-25.875,-56.4375,67
"3088",-25.875,-56.3125,77
"3089",-25.875,-56.1875,106
"3090",-25.875,-56.0625,148
"3091",-25.875,-55.9375,102
"3092",-25.875,-55.8125,85
"3093",-25.875,-55.6875,92
"3094",-25.875,-55.5625,123
"3095",-25.875,-55.4375,108
"3096",-25.875,-55.3125,83
"3097",-25.875,-55.1875,32
"3098",-25.875,-55.0625,12
"3099",-25.875,-54.9375,10
"3100",-25.875,-54.8125,13
"3101",-25.875,-54.6875,26
"3102",-25.875,-54.5625,47
"3103",-25.875,-54.4375,45
"3104",-25.875,-54.3125,80
"3105",-25.875,-54.1875,100
"3106",-25.875,-54.0625,137
"3107",-25.875,-53.9375,167
"3108",-25.875,-53.8125,201
"3109",-25.875,-53.6875,180
"3110",-25.875,-53.5625,180
"3111",-25.875,-53.4375,166
"3112",-25.875,-53.3125,129
"3113",-25.875,-53.1875,76
"3114",-25.875,-53.0625,83
"3115",-25.875,-52.9375,84
"3116",-25.875,-52.8125,79
"3117",-25.875,-52.6875,52
"3118",-25.875,-52.5625,22
"3119",-25.875,-52.4375,29
"3120",-25.875,-52.3125,7
"3121",-25.875,-52.1875,2
"3122",-25.875,-52.0625,1
"3123",-25.875,-51.9375,2
"3124",-25.875,-51.8125,1
"3125",-25.875,-51.6875,2
"3126",-25.875,-51.0625,2
"3127",-25.875,-50.6875,3
"3128",-25.625,-63.9375,12
"3129",-25.625,-63.8125,49
"3130",-25.625,-63.6875,58
"3131",-25.625,-63.5625,91
"3132",-25.625,-63.4375,142
"3133",-25.625,-63.3125,242
"3134",-25.625,-63.1875,227
"3135",-25.625,-63.0625,249
"3136",-25.625,-62.9375,469
"3137",-25.625,-62.8125,1128
"3138",-25.625,-62.6875,2206
"3139",-25.625,-62.5625,919
"3140",-25.625,-62.4375,558
"3141",-25.625,-62.3125,548
"3142",-25.625,-62.1875,313
"3143",-25.625,-62.0625,414
"3144",-25.625,-61.9375,342
"3145",-25.625,-61.8125,258
"3146",-25.625,-61.6875,301
"3147",-25.625,-61.5625,458
"3148",-25.625,-61.4375,418
"3149",-25.625,-61.3125,265
"3150",-25.625,-61.1875,361
"3151",-25.625,-61.0625,288
"3152",-25.625,-60.9375,101
"3153",-25.625,-60.8125,66
"3154",-25.625,-60.6875,4
"3155",-25.625,-60.5625,27
"3156",-25.625,-60.4375,34
"3157",-25.625,-60.3125,43
"3158",-25.625,-60.1875,103
"3159",-25.625,-60.0625,54
"3160",-25.625,-59.9375,51
"3161",-25.625,-59.8125,44
"3162",-25.625,-59.6875,20
"3163",-25.625,-59.5625,1
"3164",-25.625,-58.9375,18
"3165",-25.625,-58.8125,3
"3166",-25.625,-58.5625,1
"3167",-25.625,-58.4375,16
"3168",-25.625,-58.3125,5
"3169",-25.625,-58.1875,7
"3170",-25.625,-58.0625,13
"3171",-25.625,-57.9375,35
"3172",-25.625,-57.8125,18
"3173",-25.625,-57.6875,12
"3174",-25.625,-57.5625,19
"3175",-25.625,-57.4375,19
"3176",-25.625,-57.3125,15
"3177",-25.625,-57.1875,18
"3178",-25.625,-57.0625,24
"3179",-25.625,-56.9375,32
"3180",-25.625,-56.8125,32
"3181",-25.625,-56.6875,88
"3182",-25.625,-56.5625,82
"3183",-25.625,-56.4375,120
"3184",-25.625,-56.3125,82
"3185",-25.625,-56.1875,58
"3186",-25.625,-56.0625,68
"3187",-25.625,-55.9375,49
"3188",-25.625,-55.8125,74
"3189",-25.625,-55.6875,92
"3190",-25.625,-55.5625,106
"3191",-25.625,-55.4375,104
"3192",-25.625,-55.3125,21
"3193",-25.625,-55.1875,21
"3194",-25.625,-55.0625,18
"3195",-25.625,-54.9375,38
"3196",-25.625,-54.8125,38
"3197",-25.625,-54.6875,53
"3198",-25.625,-54.5625,108
"3199",-25.625,-54.4375,117
"3200",-25.625,-54.3125,86
"3201",-25.625,-54.1875,125
"3202",-25.625,-54.0625,153
"3203",-25.625,-53.9375,176
"3204",-25.625,-53.8125,293
"3205",-25.625,-53.6875,188
"3206",-25.625,-53.5625,208
"3207",-25.625,-53.4375,155
"3208",-25.625,-53.3125,112
"3209",-25.625,-53.1875,100
"3210",-25.625,-53.0625,104
"3211",-25.625,-52.9375,122
"3212",-25.625,-52.8125,73
"3213",-25.625,-52.6875,48
"3214",-25.625,-52.5625,30
"3215",-25.625,-52.4375,27
"3216",-25.625,-52.3125,6
"3217",-25.625,-52.1875,2
"3218",-25.625,-52.0625,1
"3219",-25.625,-51.8125,2
"3220",-25.625,-51.1875,3
"3221",-25.625,-51.0625,3
"3222",-25.625,-50.6875,1
"3223",-25.375,-64.0625,9
"3224",-25.375,-63.9375,16
"3225",-25.375,-63.8125,32
"3226",-25.375,-63.6875,32
"3227",-25.375,-63.5625,62
"3228",-25.375,-63.4375,129
"3229",-25.375,-63.3125,186
"3230",-25.375,-63.1875,130
"3231",-25.375,-63.0625,279
"3232",-25.375,-62.9375,580
"3233",-25.375,-62.8125,943
"3234",-25.375,-62.6875,2207
"3235",-25.375,-62.5625,952
"3236",-25.375,-62.4375,506
"3237",-25.375,-62.3125,546
"3238",-25.375,-62.1875,371
"3239",-25.375,-62.0625,470
"3240",-25.375,-61.9375,442
"3241",-25.375,-61.8125,351
"3242",-25.375,-61.6875,367
"3243",-25.375,-61.5625,463
"3244",-25.375,-61.4375,414
"3245",-25.375,-61.3125,337
"3246",-25.375,-61.1875,225
"3247",-25.375,-61.0625,141
"3248",-25.375,-60.9375,83
"3249",-25.375,-60.8125,37
"3250",-25.375,-60.6875,4
"3251",-25.375,-60.5625,2
"3252",-25.375,-60.4375,30
"3253",-25.375,-60.3125,19
"3254",-25.375,-60.1875,62
"3255",-25.375,-60.0625,83
"3256",-25.375,-59.9375,74
"3257",-25.375,-59.8125,37
"3258",-25.375,-59.6875,38
"3259",-25.375,-59.5625,23
"3260",-25.375,-59.4375,29
"3261",-25.375,-59.3125,8
"3262",-25.375,-58.9375,9
"3263",-25.375,-58.4375,22
"3264",-25.375,-58.3125,21
"3265",-25.375,-58.1875,42
"3266",-25.375,-58.0625,19
"3267",-25.375,-57.9375,21
"3268",-25.375,-57.8125,16
"3269",-25.375,-57.6875,17
"3270",-25.375,-57.5625,4
"3271",-25.375,-57.4375,20
"3272",-25.375,-57.3125,34
"3273",-25.375,-57.1875,35
"3274",-25.375,-57.0625,51
"3275",-25.375,-56.9375,46
"3276",-25.375,-56.8125,59
"3277",-25.375,-56.6875,134
"3278",-25.375,-56.5625,92
"3279",-25.375,-56.4375,48
"3280",-25.375,-56.3125,28
"3281",-25.375,-56.1875,75
"3282",-25.375,-56.0625,72
"3283",-25.375,-55.9375,51
"3284",-25.375,-55.8125,61
"3285",-25.375,-55.6875,103
"3286",-25.375,-55.5625,54
"3287",-25.375,-55.4375,14
"3288",-25.375,-55.3125,20
"3289",-25.375,-55.1875,18
"3290",-25.375,-55.0625,22
"3291",-25.375,-54.9375,32
"3292",-25.375,-54.8125,46
"3293",-25.375,-54.6875,42
"3294",-25.375,-54.5625,90
"3295",-25.375,-54.4375,123
"3296",-25.375,-54.3125,86
"3297",-25.375,-54.1875,94
"3298",-25.375,-54.0625,138
"3299",-25.375,-53.9375,241
"3300",-25.375,-53.8125,253
"3301",-25.375,-53.6875,208
"3302",-25.375,-53.5625,210
"3303",-25.375,-53.4375,174
"3304",-25.375,-53.3125,149
"3305",-25.375,-53.1875,149
"3306",-25.375,-53.0625,130
"3307",-25.375,-52.9375,108
"3308",-25.375,-52.8125,70
"3309",-25.375,-52.6875,34
"3310",-25.375,-52.5625,28
"3311",-25.375,-52.4375,22
"3312",-25.375,-52.3125,19
"3313",-25.375,-52.1875,10
"3314",-25.375,-52.0625,5
"3315",-25.375,-51.9375,4
"3316",-25.375,-51.8125,3
"3317",-25.375,-51.6875,7
"3318",-25.375,-51.5625,4
"3319",-25.375,-51.4375,6
"3320",-25.375,-51.3125,6
"3321",-25.375,-51.1875,3
"3322",-25.375,-51.0625,2
"3323",-25.375,-50.9375,5
"3324",-25.375,-50.6875,3
"3325",-25.375,-50.5625,3
"3326",-25.375,-50.4375,1
"3327",-25.375,-50.3125,4
"3328",-25.375,-50.1875,1
"3329",-25.125,-64.0625,13
"3330",-25.125,-63.9375,28
"3331",-25.125,-63.8125,2
"3332",-25.125,-63.6875,38
"3333",-25.125,-63.5625,53
"3334",-25.125,-63.4375,104
"3335",-25.125,-63.3125,133
"3336",-25.125,-63.1875,53
"3337",-25.125,-63.0625,234
"3338",-25.125,-62.9375,545
"3339",-25.125,-62.8125,1277
"3340",-25.125,-62.6875,2421
"3341",-25.125,-62.5625,1015
"3342",-25.125,-62.4375,516
"3343",-25.125,-62.3125,473
"3344",-25.125,-62.1875,503
"3345",-25.125,-62.0625,417
"3346",-25.125,-61.9375,422
"3347",-25.125,-61.8125,325
"3348",-25.125,-61.6875,376
"3349",-25.125,-61.5625,330
"3350",-25.125,-61.4375,477
"3351",-25.125,-61.3125,389
"3352",-25.125,-61.1875,219
"3353",-25.125,-61.0625,74
"3354",-25.125,-60.9375,111
"3355",-25.125,-60.8125,25
"3356",-25.125,-60.6875,2
"3357",-25.125,-60.5625,3
"3358",-25.125,-60.4375,4
"3359",-25.125,-60.3125,4
"3360",-25.125,-60.1875,13
"3361",-25.125,-60.0625,17
"3362",-25.125,-59.9375,40
"3363",-25.125,-59.8125,52
"3364",-25.125,-59.6875,58
"3365",-25.125,-59.5625,31
"3366",-25.125,-59.4375,23
"3367",-25.125,-59.3125,20
"3368",-25.125,-59.1875,15
"3369",-25.125,-58.9375,3
"3370",-25.125,-58.8125,3
"3371",-25.125,-58.3125,17
"3372",-25.125,-58.1875,25
"3373",-25.125,-58.0625,15
"3374",-25.125,-57.9375,27
"3375",-25.125,-57.8125,22
"3376",-25.125,-57.6875,15
"3377",-25.125,-57.5625,6
"3378",-25.125,-57.4375,36
"3379",-25.125,-57.3125,47
"3380",-25.125,-57.1875,54
"3381",-25.125,-57.0625,56
"3382",-25.125,-56.9375,69
"3383",-25.125,-56.8125,85
"3384",-25.125,-56.6875,129
"3385",-25.125,-56.5625,41
"3386",-25.125,-56.4375,45
"3387",-25.125,-56.3125,40
"3388",-25.125,-56.1875,61
"3389",-25.125,-56.0625,84
"3390",-25.125,-55.9375,138
"3391",-25.125,-55.8125,79
"3392",-25.125,-55.6875,33
"3393",-25.125,-55.5625,11
"3394",-25.125,-55.4375,10
"3395",-25.125,-55.3125,19
"3396",-25.125,-55.1875,16
"3397",-25.125,-55.0625,19
"3398",-25.125,-54.9375,39
"3399",-25.125,-54.8125,42
"3400",-25.125,-54.6875,59
"3401",-25.125,-54.5625,66
"3402",-25.125,-54.4375,83
"3403",-25.125,-54.3125,116
"3404",-25.125,-54.1875,146
"3405",-25.125,-54.0625,179
"3406",-25.125,-53.9375,220
"3407",-25.125,-53.8125,340
"3408",-25.125,-53.6875,199
"3409",-25.125,-53.5625,197
"3410",-25.125,-53.4375,176
"3411",-25.125,-53.3125,118
"3412",-25.125,-53.1875,99
"3413",-25.125,-53.0625,110
"3414",-25.125,-52.9375,55
"3415",-25.125,-52.8125,62
"3416",-25.125,-52.6875,40
"3417",-25.125,-52.5625,54
"3418",-25.125,-52.4375,51
"3419",-25.125,-52.3125,25
"3420",-25.125,-52.1875,23
"3421",-25.125,-52.0625,13
"3422",-25.125,-51.9375,1
"3423",-25.125,-51.8125,8
"3424",-25.125,-51.6875,3
"3425",-25.125,-51.5625,8
"3426",-25.125,-51.4375,7
"3427",-25.125,-51.3125,6
"3428",-25.125,-51.1875,6
"3429",-25.125,-51.0625,4
"3430",-25.125,-50.9375,4
"3431",-25.125,-50.8125,5
"3432",-25.125,-50.6875,5
"3433",-25.125,-50.5625,1
"3434",-25.125,-50.4375,3
"3435",-25.125,-50.3125,4
"3436",-25.125,-50.1875,5
"3437",-25.125,-50.0625,3
"3438",-24.875,-64.1875,5
"3439",-24.875,-64.0625,11
"3440",-24.875,-63.9375,13
"3441",-24.875,-63.6875,18
"3442",-24.875,-63.5625,44
"3443",-24.875,-63.4375,108
"3444",-24.875,-63.3125,110
"3445",-24.875,-63.1875,68
"3446",-24.875,-63.0625,202
"3447",-24.875,-62.9375,484
"3448",-24.875,-62.8125,1277
"3449",-24.875,-62.6875,2326
"3450",-24.875,-62.5625,1004
"3451",-24.875,-62.4375,537
"3452",-24.875,-62.3125,377
"3453",-24.875,-62.1875,537
"3454",-24.875,-62.0625,461
"3455",-24.875,-61.9375,312
"3456",-24.875,-61.8125,349
"3457",-24.875,-61.6875,297
"3458",-24.875,-61.5625,294
"3459",-24.875,-61.4375,462
"3460",-24.875,-61.3125,386
"3461",-24.875,-61.1875,223
"3462",-24.875,-61.0625,84
"3463",-24.875,-60.9375,198
"3464",-24.875,-60.8125,16
"3465",-24.875,-60.6875,6
"3466",-24.875,-60.5625,8
"3467",-24.875,-60.4375,12
"3468",-24.875,-60.3125,16
"3469",-24.875,-60.1875,13
"3470",-24.875,-60.0625,2
"3471",-24.875,-59.9375,5
"3472",-24.875,-59.8125,18
"3473",-24.875,-59.6875,26
"3474",-24.875,-59.5625,48
"3475",-24.875,-59.4375,46
"3476",-24.875,-59.3125,32
"3477",-24.875,-59.1875,27
"3478",-24.875,-59.0625,19
"3479",-24.875,-58.9375,7
"3480",-24.875,-58.8125,2
"3481",-24.875,-58.6875,5
"3482",-24.875,-58.5625,9
"3483",-24.875,-58.4375,9
"3484",-24.875,-58.3125,17
"3485",-24.875,-58.1875,18
"3486",-24.875,-58.0625,19
"3487",-24.875,-57.9375,15
"3488",-24.875,-57.8125,17
"3489",-24.875,-57.6875,27
"3490",-24.875,-57.5625,33
"3491",-24.875,-57.4375,69
"3492",-24.875,-57.3125,77
"3493",-24.875,-57.1875,57
"3494",-24.875,-57.0625,52
"3495",-24.875,-56.9375,74
"3496",-24.875,-56.8125,88
"3497",-24.875,-56.6875,78
"3498",-24.875,-56.5625,40
"3499",-24.875,-56.4375,39
"3500",-24.875,-56.3125,39
"3501",-24.875,-56.1875,81
"3502",-24.875,-56.0625,141
"3503",-24.875,-55.9375,146
"3504",-24.875,-55.8125,25
"3505",-24.875,-55.6875,7
"3506",-24.875,-55.5625,10
"3507",-24.875,-55.4375,6
"3508",-24.875,-55.3125,27
"3509",-24.875,-55.1875,14
"3510",-24.875,-55.0625,26
"3511",-24.875,-54.9375,31
"3512",-24.875,-54.8125,74
"3513",-24.875,-54.6875,66
"3514",-24.875,-54.5625,89
"3515",-24.875,-54.4375,99
"3516",-24.875,-54.3125,102
"3517",-24.875,-54.1875,109
"3518",-24.875,-54.0625,135
"3519",-24.875,-53.9375,204
"3520",-24.875,-53.8125,188
"3521",-24.875,-53.6875,145
"3522",-24.875,-53.5625,139
"3523",-24.875,-53.4375,186
"3524",-24.875,-53.3125,104
"3525",-24.875,-53.1875,128
"3526",-24.875,-53.0625,48
"3527",-24.875,-52.9375,68
"3528",-24.875,-52.8125,63
"3529",-24.875,-52.6875,46
"3530",-24.875,-52.5625,38
"3531",-24.875,-52.4375,41
"3532",-24.875,-52.3125,25
"3533",-24.875,-52.1875,21
"3534",-24.875,-52.0625,36
"3535",-24.875,-51.9375,13
"3536",-24.875,-51.8125,4
"3537",-24.875,-51.6875,11
"3538",-24.875,-51.5625,5
"3539",-24.875,-51.4375,4
"3540",-24.875,-51.3125,4
"3541",-24.875,-51.1875,4
"3542",-24.875,-51.0625,1
"3543",-24.875,-50.9375,10
"3544",-24.875,-50.8125,7
"3545",-24.875,-50.6875,12
"3546",-24.875,-50.5625,17
"3547",-24.875,-50.4375,2
"3548",-24.875,-50.3125,3
"3549",-24.875,-50.1875,1
"3550",-24.875,-50.0625,8
"3551",-24.625,-64.1875,2
"3552",-24.625,-63.6875,20
"3553",-24.625,-63.5625,48
"3554",-24.625,-63.4375,69
"3555",-24.625,-63.3125,121
"3556",-24.625,-63.1875,67
"3557",-24.625,-63.0625,215
"3558",-24.625,-62.9375,538
"3559",-24.625,-62.8125,1885
"3560",-24.625,-62.6875,2139
"3561",-24.625,-62.5625,1248
"3562",-24.625,-62.4375,1021
"3563",-24.625,-62.3125,564
"3564",-24.625,-62.1875,515
"3565",-24.625,-62.0625,368
"3566",-24.625,-61.9375,264
"3567",-24.625,-61.8125,297
"3568",-24.625,-61.6875,304
"3569",-24.625,-61.5625,197
"3570",-24.625,-61.4375,229
"3571",-24.625,-61.3125,310
"3572",-24.625,-61.1875,211
"3573",-24.625,-61.0625,85
"3574",-24.625,-60.9375,59
"3575",-24.625,-60.8125,29
"3576",-24.625,-60.6875,23
"3577",-24.625,-60.5625,10
"3578",-24.625,-60.4375,2
"3579",-24.625,-60.3125,8
"3580",-24.625,-60.1875,16
"3581",-24.625,-60.0625,21
"3582",-24.625,-59.9375,16
"3583",-24.625,-59.8125,24
"3584",-24.625,-59.6875,29
"3585",-24.625,-59.5625,9
"3586",-24.625,-59.4375,18
"3587",-24.625,-59.3125,10
"3588",-24.625,-59.1875,26
"3589",-24.625,-59.0625,30
"3590",-24.625,-58.9375,30
"3591",-24.625,-58.8125,7
"3592",-24.625,-58.6875,16
"3593",-24.625,-58.5625,10
"3594",-24.625,-58.4375,6
"3595",-24.625,-58.3125,12
"3596",-24.625,-58.1875,14
"3597",-24.625,-58.0625,17
"3598",-24.625,-57.9375,24
"3599",-24.625,-57.8125,44
"3600",-24.625,-57.6875,60
"3601",-24.625,-57.5625,77
"3602",-24.625,-57.4375,72
"3603",-24.625,-57.3125,69
"3604",-24.625,-57.1875,60
"3605",-24.625,-57.0625,65
"3606",-24.625,-56.9375,96
"3607",-24.625,-56.8125,70
"3608",-24.625,-56.6875,64
"3609",-24.625,-56.5625,85
"3610",-24.625,-56.4375,48
"3611",-24.625,-56.3125,98
"3612",-24.625,-56.1875,135
"3613",-24.625,-56.0625,59
"3614",-24.625,-55.9375,12
"3615",-24.625,-55.8125,4
"3616",-24.625,-55.6875,23
"3617",-24.625,-55.5625,30
"3618",-24.625,-55.4375,20
"3619",-24.625,-55.3125,23
"3620",-24.625,-55.1875,16
"3621",-24.625,-55.0625,27
"3622",-24.625,-54.9375,38
"3623",-24.625,-54.8125,55
"3624",-24.625,-54.6875,69
"3625",-24.625,-54.5625,89
"3626",-24.625,-54.4375,93
"3627",-24.625,-54.3125,86
"3628",-24.625,-54.1875,132
"3629",-24.625,-54.0625,228
"3630",-24.625,-53.9375,138
"3631",-24.625,-53.8125,144
"3632",-24.625,-53.6875,142
"3633",-24.625,-53.5625,161
"3634",-24.625,-53.4375,176
"3635",-24.625,-53.3125,78
"3636",-24.625,-53.1875,89
"3637",-24.625,-53.0625,20
"3638",-24.625,-52.9375,36
"3639",-24.625,-52.8125,32
"3640",-24.625,-52.6875,39
"3641",-24.625,-52.5625,38
"3642",-24.625,-52.4375,53
"3643",-24.625,-52.3125,41
"3644",-24.625,-52.1875,30
"3645",-24.625,-52.0625,35
"3646",-24.625,-51.9375,37
"3647",-24.625,-51.8125,28
"3648",-24.625,-51.6875,14
"3649",-24.625,-51.5625,14
"3650",-24.625,-51.4375,9
"3651",-24.625,-51.3125,6
"3652",-24.625,-51.1875,12
"3653",-24.625,-51.0625,35
"3654",-24.625,-50.9375,34
"3655",-24.625,-50.8125,23
"3656",-24.625,-50.6875,15
"3657",-24.625,-50.5625,22
"3658",-24.625,-50.4375,8
"3659",-24.625,-50.3125,4
"3660",-24.625,-50.1875,2
"3661",-24.625,-50.0625,1
"3662",-24.375,-63.6875,1
"3663",-24.375,-63.5625,20
"3664",-24.375,-63.4375,61
"3665",-24.375,-63.3125,97
"3666",-24.375,-63.1875,107
"3667",-24.375,-63.0625,322
"3668",-24.375,-62.9375,486
"3669",-24.375,-62.8125,1838
"3670",-24.375,-62.6875,1951
"3671",-24.375,-62.5625,973
"3672",-24.375,-62.4375,1129
"3673",-24.375,-62.3125,665
"3674",-24.375,-62.1875,491
"3675",-24.375,-62.0625,431
"3676",-24.375,-61.9375,273
"3677",-24.375,-61.8125,257
"3678",-24.375,-61.6875,320
"3679",-24.375,-61.5625,287
"3680",-24.375,-61.4375,359
"3681",-24.375,-61.3125,371
"3682",-24.375,-61.1875,356
"3683",-24.375,-61.0625,160
"3684",-24.375,-60.9375,88
"3685",-24.375,-60.8125,136
"3686",-24.375,-60.6875,14
"3687",-24.375,-60.5625,17
"3688",-24.375,-60.4375,5
"3689",-24.375,-60.3125,6
"3690",-24.375,-60.1875,6
"3691",-24.375,-60.0625,7
"3692",-24.375,-59.9375,11
"3693",-24.375,-59.8125,11
"3694",-24.375,-59.6875,5
"3695",-24.375,-59.5625,4
"3696",-24.375,-59.4375,10
"3697",-24.375,-59.3125,11
"3698",-24.375,-59.1875,20
"3699",-24.375,-59.0625,18
"3700",-24.375,-58.9375,26
"3701",-24.375,-58.8125,33
"3702",-24.375,-58.6875,44
"3703",-24.375,-58.5625,38
"3704",-24.375,-58.4375,11
"3705",-24.375,-58.3125,13
"3706",-24.375,-58.1875,65
"3707",-24.375,-58.0625,64
"3708",-24.375,-57.9375,115
"3709",-24.375,-57.8125,164
"3710",-24.375,-57.6875,119
"3711",-24.375,-57.5625,84
"3712",-24.375,-57.4375,70
"3713",-24.375,-57.3125,58
"3714",-24.375,-57.1875,66
"3715",-24.375,-57.0625,62
"3716",-24.375,-56.9375,58
"3717",-24.375,-56.8125,62
"3718",-24.375,-56.6875,68
"3719",-24.375,-56.5625,82
"3720",-24.375,-56.4375,230
"3721",-24.375,-56.3125,138
"3722",-24.375,-56.1875,8
"3723",-24.375,-56.0625,12
"3724",-24.375,-55.9375,22
"3725",-24.375,-55.8125,8
"3726",-24.375,-55.6875,13
"3727",-24.375,-55.5625,22
"3728",-24.375,-55.4375,26
"3729",-24.375,-55.3125,21
"3730",-24.375,-55.1875,15
"3731",-24.375,-55.0625,21
"3732",-24.375,-54.9375,29
"3733",-24.375,-54.8125,38
"3734",-24.375,-54.6875,43
"3735",-24.375,-54.5625,51
"3736",-24.375,-54.4375,68
"3737",-24.375,-54.3125,102
"3738",-24.375,-54.1875,127
"3739",-24.375,-54.0625,157
"3740",-24.375,-53.9375,131
"3741",-24.375,-53.8125,153
"3742",-24.375,-53.6875,112
"3743",-24.375,-53.5625,118
"3744",-24.375,-53.4375,84
"3745",-24.375,-53.3125,46
"3746",-24.375,-53.1875,44
"3747",-24.375,-53.0625,55
"3748",-24.375,-52.9375,27
"3749",-24.375,-52.8125,49
"3750",-24.375,-52.6875,37
"3751",-24.375,-52.5625,49
"3752",-24.375,-52.4375,61
"3753",-24.375,-52.3125,65
"3754",-24.375,-52.1875,54
"3755",-24.375,-52.0625,36
"3756",-24.375,-51.9375,38
"3757",-24.375,-51.8125,27
"3758",-24.375,-51.6875,20
"3759",-24.375,-51.5625,14
"3760",-24.375,-51.4375,9
"3761",-24.375,-51.3125,14
"3762",-24.375,-51.1875,18
"3763",-24.375,-51.0625,18
"3764",-24.375,-50.9375,13
"3765",-24.375,-50.8125,18
"3766",-24.375,-50.6875,16
"3767",-24.375,-50.5625,5
"3768",-24.375,-50.4375,3
"3769",-24.375,-50.3125,8
"3770",-24.375,-50.1875,2
"3771",-24.125,-63.5625,12
"3772",-24.125,-63.4375,37
"3773",-24.125,-63.3125,92
"3774",-24.125,-63.1875,150
"3775",-24.125,-63.0625,242
"3776",-24.125,-62.9375,470
"3777",-24.125,-62.8125,1636
"3778",-24.125,-62.6875,1728
"3779",-24.125,-62.5625,872
"3780",-24.125,-62.4375,1164
"3781",-24.125,-62.3125,688
"3782",-24.125,-62.1875,508
"3783",-24.125,-62.0625,486
"3784",-24.125,-61.9375,395
"3785",-24.125,-61.8125,290
"3786",-24.125,-61.6875,288
"3787",-24.125,-61.5625,347
"3788",-24.125,-61.4375,485
"3789",-24.125,-61.3125,592
"3790",-24.125,-61.1875,484
"3791",-24.125,-61.0625,297
"3792",-24.125,-60.9375,468
"3793",-24.125,-60.8125,127
"3794",-24.125,-60.6875,33
"3795",-24.125,-60.5625,32
"3796",-24.125,-60.4375,5
"3797",-24.125,-60.3125,6
"3798",-24.125,-60.1875,6
"3799",-24.125,-60.0625,2
"3800",-24.125,-59.9375,6
"3801",-24.125,-59.8125,2
"3802",-24.125,-59.6875,2
"3803",-24.125,-59.5625,4
"3804",-24.125,-59.4375,11
"3805",-24.125,-59.3125,1
"3806",-24.125,-59.1875,1
"3807",-24.125,-59.0625,4
"3808",-24.125,-58.9375,8
"3809",-24.125,-58.8125,24
"3810",-24.125,-58.6875,13
"3811",-24.125,-58.5625,23
"3812",-24.125,-58.4375,44
"3813",-24.125,-58.3125,134
"3814",-24.125,-58.1875,222
"3815",-24.125,-58.0625,225
"3816",-24.125,-57.9375,268
"3817",-24.125,-57.8125,114
"3818",-24.125,-57.6875,84
"3819",-24.125,-57.5625,74
"3820",-24.125,-57.4375,66
"3821",-24.125,-57.3125,73
"3822",-24.125,-57.1875,181
"3823",-24.125,-57.0625,114
"3824",-24.125,-56.9375,331
"3825",-24.125,-56.8125,247
"3826",-24.125,-56.6875,383
"3827",-24.125,-56.5625,362
"3828",-24.125,-56.4375,49
"3829",-24.125,-56.3125,29
"3830",-24.125,-56.1875,18
"3831",-24.125,-56.0625,21
"3832",-24.125,-55.9375,25
"3833",-24.125,-55.8125,18
"3834",-24.125,-55.6875,33
"3835",-24.125,-55.5625,40
"3836",-24.125,-55.4375,29
"3837",-24.125,-55.3125,26
"3838",-24.125,-55.1875,16
"3839",-24.125,-55.0625,16
"3840",-24.125,-54.9375,13
"3841",-24.125,-54.8125,32
"3842",-24.125,-54.6875,42
"3843",-24.125,-54.5625,52
"3844",-24.125,-54.4375,80
"3845",-24.125,-54.3125,122
"3846",-24.125,-54.1875,164
"3847",-24.125,-54.0625,233
"3848",-24.125,-53.9375,150
"3849",-24.125,-53.8125,113
"3850",-24.125,-53.6875,122
"3851",-24.125,-53.5625,93
"3852",-24.125,-53.4375,63
"3853",-24.125,-53.3125,69
"3854",-24.125,-53.1875,49
"3855",-24.125,-53.0625,32
"3856",-24.125,-52.9375,24
"3857",-24.125,-52.8125,25
"3858",-24.125,-52.6875,30
"3859",-24.125,-52.5625,40
"3860",-24.125,-52.4375,50
"3861",-24.125,-52.3125,51
"3862",-24.125,-52.1875,56
"3863",-24.125,-52.0625,38
"3864",-24.125,-51.9375,43
"3865",-24.125,-51.8125,28
"3866",-24.125,-51.6875,12
"3867",-24.125,-51.5625,12
"3868",-24.125,-51.4375,21
"3869",-24.125,-51.3125,21
"3870",-24.125,-51.1875,17
"3871",-24.125,-51.0625,10
"3872",-24.125,-50.9375,12
"3873",-24.125,-50.8125,10
"3874",-24.125,-50.6875,8
"3875",-24.125,-50.5625,3
"3876",-24.125,-50.4375,4
"3877",-24.125,-50.3125,5
"3878",-23.875,-63.5625,4
"3879",-23.875,-63.4375,14
"3880",-23.875,-63.3125,64
"3881",-23.875,-63.1875,148
"3882",-23.875,-63.0625,300
"3883",-23.875,-62.9375,501
"3884",-23.875,-62.8125,1403
"3885",-23.875,-62.6875,1670
"3886",-23.875,-62.5625,867
"3887",-23.875,-62.4375,954
"3888",-23.875,-62.3125,847
"3889",-23.875,-62.1875,598
"3890",-23.875,-62.0625,515
"3891",-23.875,-61.9375,533
"3892",-23.875,-61.8125,366
"3893",-23.875,-61.6875,337
"3894",-23.875,-61.5625,333
"3895",-23.875,-61.4375,385
"3896",-23.875,-61.3125,474
"3897",-23.875,-61.1875,598
"3898",-23.875,-61.0625,438
"3899",-23.875,-60.9375,226
"3900",-23.875,-60.8125,93
"3901",-23.875,-60.6875,50
"3902",-23.875,-60.5625,34
"3903",-23.875,-60.4375,2
"3904",-23.875,-60.3125,1
"3905",-23.875,-60.1875,2
"3906",-23.875,-60.0625,1
"3907",-23.875,-59.9375,4
"3908",-23.875,-59.8125,4
"3909",-23.875,-59.6875,5
"3910",-23.875,-59.5625,6
"3911",-23.875,-59.4375,8
"3912",-23.875,-59.3125,2
"3913",-23.875,-59.1875,8
"3914",-23.875,-59.0625,8
"3915",-23.875,-58.9375,19
"3916",-23.875,-58.8125,39
"3917",-23.875,-58.6875,4
"3918",-23.875,-58.5625,7
"3919",-23.875,-58.4375,30
"3920",-23.875,-58.3125,49
"3921",-23.875,-58.1875,128
"3922",-23.875,-58.0625,73
"3923",-23.875,-57.9375,75
"3924",-23.875,-57.8125,284
"3925",-23.875,-57.6875,296
"3926",-23.875,-57.5625,152
"3927",-23.875,-57.4375,159
"3928",-23.875,-57.3125,1001
"3929",-23.875,-57.1875,463
"3930",-23.875,-57.0625,264
"3931",-23.875,-56.9375,320
"3932",-23.875,-56.8125,167
"3933",-23.875,-56.6875,22
"3934",-23.875,-56.5625,20
"3935",-23.875,-56.4375,24
"3936",-23.875,-56.3125,28
"3937",-23.875,-56.1875,40
"3938",-23.875,-56.0625,35
"3939",-23.875,-55.9375,36
"3940",-23.875,-55.8125,35
"3941",-23.875,-55.6875,25
"3942",-23.875,-55.5625,41
"3943",-23.875,-55.4375,42
"3944",-23.875,-55.3125,40
"3945",-23.875,-55.1875,22
"3946",-23.875,-55.0625,7
"3947",-23.875,-54.9375,27
"3948",-23.875,-54.8125,59
"3949",-23.875,-54.6875,40
"3950",-23.875,-54.5625,62
"3951",-23.875,-54.4375,76
"3952",-23.875,-54.3125,140
"3953",-23.875,-54.1875,235
"3954",-23.875,-54.0625,156
"3955",-23.875,-53.9375,131
"3956",-23.875,-53.8125,80
"3957",-23.875,-53.6875,75
"3958",-23.875,-53.5625,40
"3959",-23.875,-53.4375,28
"3960",-23.875,-53.3125,45
"3961",-23.875,-53.1875,45
"3962",-23.875,-53.0625,30
"3963",-23.875,-52.9375,12
"3964",-23.875,-52.8125,23
"3965",-23.875,-52.6875,33
"3966",-23.875,-52.5625,45
"3967",-23.875,-52.4375,46
"3968",-23.875,-52.3125,51
"3969",-23.875,-52.1875,76
"3970",-23.875,-52.0625,55
"3971",-23.875,-51.9375,47
"3972",-23.875,-51.8125,27
"3973",-23.875,-51.6875,25
"3974",-23.875,-51.5625,13
"3975",-23.875,-51.4375,16
"3976",-23.875,-51.3125,5
"3977",-23.875,-51.1875,6
"3978",-23.875,-51.0625,5
"3979",-23.875,-50.9375,14
"3980",-23.875,-50.8125,8
"3981",-23.875,-50.6875,1
"3982",-23.875,-50.5625,2
"3983",-23.875,-50.4375,6
"3984",-23.875,-50.3125,1
"3985",-23.875,-50.1875,1
"3986",-23.625,-63.4375,8
"3987",-23.625,-63.3125,59
"3988",-23.625,-63.1875,119
"3989",-23.625,-63.0625,314
"3990",-23.625,-62.9375,488
"3991",-23.625,-62.8125,1248
"3992",-23.625,-62.6875,1374
"3993",-23.625,-62.5625,979
"3994",-23.625,-62.4375,872
"3995",-23.625,-62.3125,1088
"3996",-23.625,-62.1875,1072
"3997",-23.625,-62.0625,726
"3998",-23.625,-61.9375,574
"3999",-23.625,-61.8125,464
"4000",-23.625,-61.6875,427
"4001",-23.625,-61.5625,402
"4002",-23.625,-61.4375,408
"4003",-23.625,-61.3125,466
"4004",-23.625,-61.1875,462
"4005",-23.625,-61.0625,283
"4006",-23.625,-60.9375,200
"4007",-23.625,-60.8125,64
"4008",-23.625,-60.6875,44
"4009",-23.625,-60.5625,23
"4010",-23.625,-60.4375,5
"4011",-23.625,-60.3125,1
"4012",-23.625,-60.1875,1
"4013",-23.625,-60.0625,1
"4014",-23.625,-59.9375,5
"4015",-23.625,-59.8125,1
"4016",-23.625,-59.6875,3
"4017",-23.625,-59.5625,2
"4018",-23.625,-59.4375,3
"4019",-23.625,-59.3125,7
"4020",-23.625,-59.1875,36
"4021",-23.625,-59.0625,36
"4022",-23.625,-58.9375,6
"4023",-23.625,-58.8125,42
"4024",-23.625,-58.6875,45
"4025",-23.625,-58.5625,19
"4026",-23.625,-58.4375,20
"4027",-23.625,-58.3125,68
"4028",-23.625,-58.1875,81
"4029",-23.625,-58.0625,39
"4030",-23.625,-57.9375,118
"4031",-23.625,-57.8125,171
"4032",-23.625,-57.6875,44
"4033",-23.625,-57.5625,551
"4034",-23.625,-57.4375,142
"4035",-23.625,-57.3125,42
"4036",-23.625,-57.1875,7
"4037",-23.625,-57.0625,1
"4038",-23.625,-56.9375,17
"4039",-23.625,-56.8125,26
"4040",-23.625,-56.6875,36
"4041",-23.625,-56.5625,49
"4042",-23.625,-56.4375,11
"4043",-23.625,-56.3125,37
"4044",-23.625,-56.1875,34
"4045",-23.625,-56.0625,43
"4046",-23.625,-55.9375,37
"4047",-23.625,-55.8125,17
"4048",-23.625,-55.6875,17
"4049",-23.625,-55.5625,19
"4050",-23.625,-55.4375,38
"4051",-23.625,-55.3125,54
"4052",-23.625,-55.1875,27
"4053",-23.625,-55.0625,35
"4054",-23.625,-54.9375,51
"4055",-23.625,-54.8125,102
"4056",-23.625,-54.6875,118
"4057",-23.625,-54.5625,109
"4058",-23.625,-54.4375,133
"4059",-23.625,-54.3125,191
"4060",-23.625,-54.1875,225
"4061",-23.625,-54.0625,247
"4062",-23.625,-53.9375,100
"4063",-23.625,-53.8125,86
"4064",-23.625,-53.6875,60
"4065",-23.625,-53.5625,45
"4066",-23.625,-53.4375,24
"4067",-23.625,-53.3125,44
"4068",-23.625,-53.1875,40
"4069",-23.625,-53.0625,26
"4070",-23.625,-52.9375,17
"4071",-23.625,-52.8125,21
"4072",-23.625,-52.6875,49
"4073",-23.625,-52.5625,49
"4074",-23.625,-52.4375,53
"4075",-23.625,-52.3125,57
"4076",-23.625,-52.1875,53
"4077",-23.625,-52.0625,34
"4078",-23.625,-51.9375,36
"4079",-23.625,-51.8125,17
"4080",-23.625,-51.6875,9
"4081",-23.625,-51.5625,4
"4082",-23.625,-51.4375,16
"4083",-23.625,-51.3125,8
"4084",-23.625,-51.1875,1
"4085",-23.625,-51.0625,5
"4086",-23.625,-50.9375,7
"4087",-23.625,-50.8125,9
"4088",-23.625,-50.6875,5
"4089",-23.625,-50.5625,4
"4090",-23.625,-50.3125,3
"4091",-23.625,-50.1875,1
"4092",-23.625,-50.0625,1
"4093",-23.375,-63.3125,39
"4094",-23.375,-63.1875,129
"4095",-23.375,-63.0625,302
"4096",-23.375,-62.9375,490
"4097",-23.375,-62.8125,980
"4098",-23.375,-62.6875,1100
"4099",-23.375,-62.5625,1047
"4100",-23.375,-62.4375,870
"4101",-23.375,-62.3125,997
"4102",-23.375,-62.1875,940
"4103",-23.375,-62.0625,938
"4104",-23.375,-61.9375,655
"4105",-23.375,-61.8125,559
"4106",-23.375,-61.6875,532
"4107",-23.375,-61.5625,470
"4108",-23.375,-61.4375,432
"4109",-23.375,-61.3125,518
"4110",-23.375,-61.1875,399
"4111",-23.375,-61.0625,235
"4112",-23.375,-60.9375,193
"4113",-23.375,-60.8125,72
"4114",-23.375,-60.6875,42
"4115",-23.375,-60.5625,25
"4116",-23.375,-60.4375,4
"4117",-23.375,-60.0625,4
"4118",-23.375,-59.6875,2
"4119",-23.375,-59.5625,2
"4120",-23.375,-59.4375,5
"4121",-23.375,-59.3125,3
"4122",-23.375,-59.1875,20
"4123",-23.375,-59.0625,19
"4124",-23.375,-58.9375,19
"4125",-23.375,-58.8125,9
"4126",-23.375,-58.6875,6
"4127",-23.375,-58.5625,27
"4128",-23.375,-58.4375,8
"4129",-23.375,-58.3125,29
"4130",-23.375,-58.1875,16
"4131",-23.375,-58.0625,21
"4132",-23.375,-57.9375,34
"4133",-23.375,-57.8125,24
"4134",-23.375,-57.6875,44
"4135",-23.375,-57.5625,36
"4136",-23.375,-57.4375,18
"4137",-23.375,-57.3125,9
"4138",-23.375,-57.1875,6
"4139",-23.375,-57.0625,26
"4140",-23.375,-56.9375,40
"4141",-23.375,-56.8125,41
"4142",-23.375,-56.6875,80
"4143",-23.375,-56.5625,28
"4144",-23.375,-56.4375,29
"4145",-23.375,-56.3125,25
"4146",-23.375,-56.1875,24
"4147",-23.375,-56.0625,39
"4148",-23.375,-55.9375,27
"4149",-23.375,-55.8125,39
"4150",-23.375,-55.6875,31
"4151",-23.375,-55.5625,23
"4152",-23.375,-55.4375,28
"4153",-23.375,-55.3125,62
"4154",-23.375,-55.1875,58
"4155",-23.375,-55.0625,35
"4156",-23.375,-54.9375,65
"4157",-23.375,-54.8125,103
"4158",-23.375,-54.6875,125
"4159",-23.375,-54.5625,131
"4160",-23.375,-54.4375,170
"4161",-23.375,-54.3125,194
"4162",-23.375,-54.1875,221
"4163",-23.375,-54.0625,152
"4164",-23.375,-53.9375,80
"4165",-23.375,-53.8125,66
"4166",-23.375,-53.6875,90
"4167",-23.375,-53.5625,72
"4168",-23.375,-53.4375,25
"4169",-23.375,-53.3125,37
"4170",-23.375,-53.1875,41
"4171",-23.375,-53.0625,25
"4172",-23.375,-52.9375,19
"4173",-23.375,-52.8125,32
"4174",-23.375,-52.6875,35
"4175",-23.375,-52.5625,50
"4176",-23.375,-52.4375,44
"4177",-23.375,-52.3125,47
"4178",-23.375,-52.1875,27
"4179",-23.375,-52.0625,35
"4180",-23.375,-51.9375,22
"4181",-23.375,-51.8125,9
"4182",-23.375,-51.6875,5
"4183",-23.375,-51.5625,7
"4184",-23.375,-51.4375,15
"4185",-23.375,-51.3125,2
"4186",-23.375,-51.1875,1
"4187",-23.375,-51.0625,10
"4188",-23.375,-50.9375,4
"4189",-23.375,-50.6875,2
"4190",-23.375,-50.4375,1
"4191",-23.375,-50.1875,1
"4192",-23.375,-50.0625,5
"4193",-23.125,-63.3125,26
"4194",-23.125,-63.1875,107
"4195",-23.125,-63.0625,234
"4196",-23.125,-62.9375,334
"4197",-23.125,-62.8125,502
"4198",-23.125,-62.6875,741
"4199",-23.125,-62.5625,1017
"4200",-23.125,-62.4375,1152
"4201",-23.125,-62.3125,1142
"4202",-23.125,-62.1875,1027
"4203",-23.125,-62.0625,1556
"4204",-23.125,-61.9375,890
"4205",-23.125,-61.8125,575
"4206",-23.125,-61.6875,521
"4207",-23.125,-61.5625,485
"4208",-23.125,-61.4375,575
"4209",-23.125,-61.3125,509
"4210",-23.125,-61.1875,428
"4211",-23.125,-61.0625,277
"4212",-23.125,-60.9375,216
"4213",-23.125,-60.8125,91
"4214",-23.125,-60.6875,15
"4215",-23.125,-60.5625,8
"4216",-23.125,-60.4375,15
"4217",-23.125,-60.3125,7
"4218",-23.125,-60.0625,1
"4219",-23.125,-59.8125,1
"4220",-23.125,-59.6875,1
"4221",-23.125,-59.5625,2
"4222",-23.125,-59.4375,3
"4223",-23.125,-59.3125,20
"4224",-23.125,-59.1875,24
"4225",-23.125,-59.0625,13
"4226",-23.125,-58.9375,53
"4227",-23.125,-58.8125,28
"4228",-23.125,-58.6875,28
"4229",-23.125,-58.5625,41
"4230",-23.125,-58.4375,41
"4231",-23.125,-58.3125,51
"4232",-23.125,-58.1875,35
"4233",-23.125,-58.0625,22
"4234",-23.125,-57.9375,35
"4235",-23.125,-57.8125,42
"4236",-23.125,-57.6875,57
"4237",-23.125,-57.5625,49
"4238",-23.125,-57.4375,72
"4239",-23.125,-57.3125,45
"4240",-23.125,-57.1875,43
"4241",-23.125,-57.0625,36
"4242",-23.125,-56.9375,43
"4243",-23.125,-56.8125,66
"4244",-23.125,-56.6875,39
"4245",-23.125,-56.5625,21
"4246",-23.125,-56.4375,20
"4247",-23.125,-56.3125,27
"4248",-23.125,-56.1875,17
"4249",-23.125,-56.0625,17
"4250",-23.125,-55.9375,32
"4251",-23.125,-55.8125,37
"4252",-23.125,-55.6875,48
"4253",-23.125,-55.5625,47
"4254",-23.125,-55.4375,48
"4255",-23.125,-55.3125,67
"4256",-23.125,-55.1875,82
"4257",-23.125,-55.0625,114
"4258",-23.125,-54.9375,120
"4259",-23.125,-54.8125,134
"4260",-23.125,-54.6875,149
"4261",-23.125,-54.5625,162
"4262",-23.125,-54.4375,279
"4263",-23.125,-54.3125,199
"4264",-23.125,-54.1875,127
"4265",-23.125,-54.0625,86
"4266",-23.125,-53.9375,73
"4267",-23.125,-53.8125,41
"4268",-23.125,-53.6875,81
"4269",-23.125,-53.5625,83
"4270",-23.125,-53.4375,39
"4271",-23.125,-53.3125,75
"4272",-23.125,-53.1875,63
"4273",-23.125,-53.0625,51
"4274",-23.125,-52.9375,46
"4275",-23.125,-52.8125,30
"4276",-23.125,-52.6875,17
"4277",-23.125,-52.5625,45
"4278",-23.125,-52.4375,37
"4279",-23.125,-52.3125,42
"4280",-23.125,-52.1875,25
"4281",-23.125,-52.0625,12
"4282",-23.125,-51.9375,9
"4283",-23.125,-51.8125,4
"4284",-23.125,-51.6875,9
"4285",-23.125,-51.5625,5
"4286",-23.125,-51.4375,10
"4287",-23.125,-51.1875,1
"4288",-23.125,-50.9375,3
"4289",-23.125,-50.8125,1
"4290",-23.125,-50.6875,4
"4291",-23.125,-50.5625,2
"4292",-23.125,-50.4375,1
"4293",-23.125,-50.3125,2
"4294",-23.125,-50.1875,2
"4295",-22.875,-63.4375,2
"4296",-22.875,-63.3125,31
"4297",-22.875,-63.1875,91
"4298",-22.875,-63.0625,177
"4299",-22.875,-62.9375,242
"4300",-22.875,-62.8125,384
"4301",-22.875,-62.6875,354
"4302",-22.875,-62.5625,466
"4303",-22.875,-62.4375,650
"4304",-22.875,-62.3125,974
"4305",-22.875,-62.1875,1183
"4306",-22.875,-62.0625,1259
"4307",-22.875,-61.9375,1068
"4308",-22.875,-61.8125,692
"4309",-22.875,-61.6875,725
"4310",-22.875,-61.5625,659
"4311",-22.875,-61.4375,645
"4312",-22.875,-61.3125,543
"4313",-22.875,-61.1875,353
"4314",-22.875,-61.0625,321
"4315",-22.875,-60.9375,304
"4316",-22.875,-60.8125,227
"4317",-22.875,-60.6875,58
"4318",-22.875,-60.5625,2
"4319",-22.875,-60.4375,3
"4320",-22.875,-60.3125,5
"4321",-22.875,-60.0625,1
"4322",-22.875,-59.8125,1
"4323",-22.875,-59.6875,2
"4324",-22.875,-59.5625,3
"4325",-22.875,-59.4375,11
"4326",-22.875,-59.3125,22
"4327",-22.875,-59.1875,52
"4328",-22.875,-59.0625,32
"4329",-22.875,-58.9375,14
"4330",-22.875,-58.8125,22
"4331",-22.875,-58.6875,21
"4332",-22.875,-58.5625,23
"4333",-22.875,-58.4375,31
"4334",-22.875,-58.3125,18
"4335",-22.875,-58.1875,18
"4336",-22.875,-58.0625,23
"4337",-22.875,-57.9375,22
"4338",-22.875,-57.8125,17
"4339",-22.875,-57.6875,19
"4340",-22.875,-57.5625,35
"4341",-22.875,-57.4375,77
"4342",-22.875,-57.3125,69
"4343",-22.875,-57.1875,68
"4344",-22.875,-57.0625,31
"4345",-22.875,-56.9375,38
"4346",-22.875,-56.8125,34
"4347",-22.875,-56.6875,25
"4348",-22.875,-56.5625,21
"4349",-22.875,-56.4375,19
"4350",-22.875,-56.3125,16
"4351",-22.875,-56.1875,28
"4352",-22.875,-56.0625,26
"4353",-22.875,-55.9375,33
"4354",-22.875,-55.8125,59
"4355",-22.875,-55.6875,45
"4356",-22.875,-55.5625,61
"4357",-22.875,-55.4375,64
"4358",-22.875,-55.3125,63
"4359",-22.875,-55.1875,85
"4360",-22.875,-55.0625,133
"4361",-22.875,-54.9375,175
"4362",-22.875,-54.8125,187
"4363",-22.875,-54.6875,173
"4364",-22.875,-54.5625,186
"4365",-22.875,-54.4375,223
"4366",-22.875,-54.3125,147
"4367",-22.875,-54.1875,96
"4368",-22.875,-54.0625,98
"4369",-22.875,-53.9375,84
"4370",-22.875,-53.8125,82
"4371",-22.875,-53.6875,94
"4372",-22.875,-53.5625,100
"4373",-22.875,-53.4375,64
"4374",-22.875,-53.3125,86
"4375",-22.875,-53.1875,81
"4376",-22.875,-53.0625,83
"4377",-22.875,-52.9375,56
"4378",-22.875,-52.8125,38
"4379",-22.875,-52.6875,35
"4380",-22.875,-52.5625,29
"4381",-22.875,-52.4375,17
"4382",-22.875,-52.3125,19
"4383",-22.875,-52.1875,8
"4384",-22.875,-52.0625,4
"4385",-22.875,-51.9375,3
"4386",-22.875,-51.8125,3
"4387",-22.875,-51.6875,4
"4388",-22.875,-51.5625,14
"4389",-22.875,-51.4375,11
"4390",-22.875,-51.3125,2
"4391",-22.875,-51.1875,2
"4392",-22.875,-51.0625,1
"4393",-22.875,-50.9375,2
"4394",-22.875,-50.8125,3
"4395",-22.875,-50.6875,1
"4396",-22.625,-63.4375,2
"4397",-22.625,-63.3125,32
"4398",-22.625,-63.1875,52
"4399",-22.625,-63.0625,115
"4400",-22.625,-62.9375,189
"4401",-22.625,-62.8125,318
"4402",-22.625,-62.6875,262
"4403",-22.625,-62.5625,274
"4404",-22.625,-62.4375,417
"4405",-22.625,-62.3125,743
"4406",-22.625,-62.1875,1032
"4407",-22.625,-62.0625,1396
"4408",-22.625,-61.9375,1088
"4409",-22.625,-61.8125,802
"4410",-22.625,-61.6875,610
"4411",-22.625,-61.5625,698
"4412",-22.625,-61.4375,695
"4413",-22.625,-61.3125,652
"4414",-22.625,-61.1875,389
"4415",-22.625,-61.0625,267
"4416",-22.625,-60.9375,833
"4417",-22.625,-60.8125,371
"4418",-22.625,-60.6875,244
"4419",-22.625,-60.5625,7
"4420",-22.625,-60.4375,6
"4421",-22.625,-60.3125,7
"4422",-22.625,-60.1875,1
"4423",-22.625,-59.6875,3
"4424",-22.625,-59.5625,4
"4425",-22.625,-59.4375,23
"4426",-22.625,-59.3125,27
"4427",-22.625,-59.1875,33
"4428",-22.625,-59.0625,37
"4429",-22.625,-58.9375,39
"4430",-22.625,-58.8125,23
"4431",-22.625,-58.6875,28
"4432",-22.625,-58.5625,14
"4433",-22.625,-58.4375,11
"4434",-22.625,-58.3125,18
"4435",-22.625,-58.1875,20
"4436",-22.625,-58.0625,28
"4437",-22.625,-57.9375,33
"4438",-22.625,-57.8125,31
"4439",-22.625,-57.6875,29
"4440",-22.625,-57.5625,51
"4441",-22.625,-57.4375,67
"4442",-22.625,-57.3125,49
"4443",-22.625,-57.1875,30
"4444",-22.625,-57.0625,26
"4445",-22.625,-56.9375,49
"4446",-22.625,-56.8125,32
"4447",-22.625,-56.6875,58
"4448",-22.625,-56.5625,38
"4449",-22.625,-56.4375,22
"4450",-22.625,-56.3125,22
"4451",-22.625,-56.1875,28
"4452",-22.625,-56.0625,50
"4453",-22.625,-55.9375,53
"4454",-22.625,-55.8125,60
"4455",-22.625,-55.6875,77
"4456",-22.625,-55.5625,77
"4457",-22.625,-55.4375,58
"4458",-22.625,-55.3125,80
"4459",-22.625,-55.1875,120
"4460",-22.625,-55.0625,154
"4461",-22.625,-54.9375,145
"4462",-22.625,-54.8125,257
"4463",-22.625,-54.6875,173
"4464",-22.625,-54.5625,187
"4465",-22.625,-54.4375,199
"4466",-22.625,-54.3125,184
"4467",-22.625,-54.1875,136
"4468",-22.625,-54.0625,120
"4469",-22.625,-53.9375,119
"4470",-22.625,-53.8125,163
"4471",-22.625,-53.6875,134
"4472",-22.625,-53.5625,112
"4473",-22.625,-53.4375,108
"4474",-22.625,-53.3125,108
"4475",-22.625,-53.1875,80
"4476",-22.625,-53.0625,90
"4477",-22.625,-52.9375,59
"4478",-22.625,-52.8125,42
"4479",-22.625,-52.6875,39
"4480",-22.625,-52.5625,30
"4481",-22.625,-52.4375,17
"4482",-22.625,-52.3125,10
"4483",-22.625,-52.1875,10
"4484",-22.625,-52.0625,4
"4485",-22.625,-51.9375,5
"4486",-22.625,-51.8125,4
"4487",-22.625,-51.6875,3
"4488",-22.625,-51.5625,7
"4489",-22.625,-51.4375,2
"4490",-22.625,-51.3125,6
"4491",-22.625,-51.1875,2
"4492",-22.625,-51.0625,6
"4493",-22.625,-50.9375,4
"4494",-22.625,-50.8125,1
"4495",-22.375,-63.4375,3
"4496",-22.375,-63.3125,27
"4497",-22.375,-63.1875,46
"4498",-22.375,-63.0625,92
"4499",-22.375,-62.9375,130
"4500",-22.375,-62.8125,207
"4501",-22.375,-62.6875,301
"4502",-22.375,-62.5625,329
"4503",-22.375,-62.4375,390
"4504",-22.375,-62.3125,753
"4505",-22.375,-62.1875,1337
"4506",-22.375,-62.0625,1190
"4507",-22.375,-61.9375,1086
"4508",-22.375,-61.8125,900
"4509",-22.375,-61.6875,740
"4510",-22.375,-61.5625,564
"4511",-22.375,-61.4375,654
"4512",-22.375,-61.3125,652
"4513",-22.375,-61.1875,323
"4514",-22.375,-61.0625,265
"4515",-22.375,-60.9375,797
"4516",-22.375,-60.8125,220
"4517",-22.375,-60.6875,146
"4518",-22.375,-60.5625,16
"4519",-22.375,-60.4375,5
"4520",-22.375,-60.3125,6
"4521",-22.375,-60.1875,2
"4522",-22.375,-59.8125,1
"4523",-22.375,-59.6875,1
"4524",-22.375,-59.5625,7
"4525",-22.375,-59.4375,36
"4526",-22.375,-59.3125,57
"4527",-22.375,-59.1875,34
"4528",-22.375,-59.0625,43
"4529",-22.375,-58.9375,68
"4530",-22.375,-58.8125,39
"4531",-22.375,-58.6875,10
"4532",-22.375,-58.5625,8
"4533",-22.375,-58.4375,14
"4534",-22.375,-58.3125,14
"4535",-22.375,-58.1875,18
"4536",-22.375,-58.0625,22
"4537",-22.375,-57.9375,21
"4538",-22.375,-57.8125,15
"4539",-22.375,-57.6875,16
"4540",-22.375,-57.5625,33
"4541",-22.375,-57.4375,88
"4542",-22.375,-57.3125,82
"4543",-22.375,-57.1875,53
"4544",-22.375,-57.0625,54
"4545",-22.375,-56.9375,28
"4546",-22.375,-56.8125,30
"4547",-22.375,-56.6875,52
"4548",-22.375,-56.5625,43
"4549",-22.375,-56.4375,33
"4550",-22.375,-56.3125,27
"4551",-22.375,-56.1875,23
"4552",-22.375,-56.0625,28
"4553",-22.375,-55.9375,59
"4554",-22.375,-55.8125,73
"4555",-22.375,-55.6875,77
"4556",-22.375,-55.5625,70
"4557",-22.375,-55.4375,91
"4558",-22.375,-55.3125,109
"4559",-22.375,-55.1875,124
"4560",-22.375,-55.0625,90
"4561",-22.375,-54.9375,100
"4562",-22.375,-54.8125,140
"4563",-22.375,-54.6875,210
"4564",-22.375,-54.5625,163
"4565",-22.375,-54.4375,180
"4566",-22.375,-54.3125,174
"4567",-22.375,-54.1875,148
"4568",-22.375,-54.0625,130
"4569",-22.375,-53.9375,136
"4570",-22.375,-53.8125,141
"4571",-22.375,-53.6875,147
"4572",-22.375,-53.5625,104
"4573",-22.375,-53.4375,107
"4574",-22.375,-53.3125,123
"4575",-22.375,-53.1875,101
"4576",-22.375,-53.0625,95
"4577",-22.375,-52.9375,99
"4578",-22.375,-52.8125,67
"4579",-22.375,-52.6875,52
"4580",-22.375,-52.5625,42
"4581",-22.375,-52.4375,20
"4582",-22.375,-52.3125,14
"4583",-22.375,-52.1875,10
"4584",-22.375,-52.0625,7
"4585",-22.375,-51.9375,1
"4586",-22.375,-51.8125,1
"4587",-22.375,-51.6875,2
"4588",-22.375,-51.5625,6
"4589",-22.375,-51.4375,1
"4590",-22.375,-51.3125,2
"4591",-22.375,-51.1875,3
"4592",-22.375,-51.0625,2
"4593",-22.375,-50.9375,11
"4594",-22.375,-50.8125,4
"4595",-22.375,-50.6875,1
"4596",-22.125,-63.4375,6
"4597",-22.125,-63.3125,25
"4598",-22.125,-63.1875,30
"4599",-22.125,-63.0625,63
"4600",-22.125,-62.9375,112
"4601",-22.125,-62.8125,175
"4602",-22.125,-62.6875,180
"4603",-22.125,-62.5625,259
"4604",-22.125,-62.4375,307
"4605",-22.125,-62.3125,780
"4606",-22.125,-62.1875,1121
"4607",-22.125,-62.0625,1206
"4608",-22.125,-61.9375,1008
"4609",-22.125,-61.8125,1034
"4610",-22.125,-61.6875,891
"4611",-22.125,-61.5625,654
"4612",-22.125,-61.4375,637
"4613",-22.125,-61.3125,446
"4614",-22.125,-61.1875,216
"4615",-22.125,-61.0625,469
"4616",-22.125,-60.9375,789
"4617",-22.125,-60.8125,176
"4618",-22.125,-60.6875,56
"4619",-22.125,-60.5625,13
"4620",-22.125,-60.4375,1
"4621",-22.125,-60.3125,3
"4622",-22.125,-60.1875,4
"4623",-22.125,-60.0625,2
"4624",-22.125,-59.8125,1
"4625",-22.125,-59.6875,4
"4626",-22.125,-59.5625,9
"4627",-22.125,-59.4375,48
"4628",-22.125,-59.3125,38
"4629",-22.125,-59.1875,46
"4630",-22.125,-59.0625,42
"4631",-22.125,-58.9375,56
"4632",-22.125,-58.8125,24
"4633",-22.125,-58.6875,28
"4634",-22.125,-58.5625,6
"4635",-22.125,-58.4375,2
"4636",-22.125,-58.3125,17
"4637",-22.125,-58.1875,14
"4638",-22.125,-58.0625,19
"4639",-22.125,-57.9375,14
"4640",-22.125,-57.8125,23
"4641",-22.125,-57.6875,31
"4642",-22.125,-57.5625,26
"4643",-22.125,-57.4375,77
"4644",-22.125,-57.3125,111
"4645",-22.125,-57.1875,106
"4646",-22.125,-57.0625,38
"4647",-22.125,-56.9375,27
"4648",-22.125,-56.8125,23
"4649",-22.125,-56.6875,36
"4650",-22.125,-56.5625,48
"4651",-22.125,-56.4375,47
"4652",-22.125,-56.3125,64
"4653",-22.125,-56.1875,30
"4654",-22.125,-56.0625,61
"4655",-22.125,-55.9375,78
"4656",-22.125,-55.8125,99
"4657",-22.125,-55.6875,100
"4658",-22.125,-55.5625,125
"4659",-22.125,-55.4375,112
"4660",-22.125,-55.3125,116
"4661",-22.125,-55.1875,135
"4662",-22.125,-55.0625,278
"4663",-22.125,-54.9375,117
"4664",-22.125,-54.8125,197
"4665",-22.125,-54.6875,157
"4666",-22.125,-54.5625,182
"4667",-22.125,-54.4375,194
"4668",-22.125,-54.3125,157
"4669",-22.125,-54.1875,154
"4670",-22.125,-54.0625,138
"4671",-22.125,-53.9375,154
"4672",-22.125,-53.8125,175
"4673",-22.125,-53.6875,162
"4674",-22.125,-53.5625,127
"4675",-22.125,-53.4375,95
"4676",-22.125,-53.3125,111
"4677",-22.125,-53.1875,107
"4678",-22.125,-53.0625,127
"4679",-22.125,-52.9375,94
"4680",-22.125,-52.8125,81
"4681",-22.125,-52.6875,58
"4682",-22.125,-52.5625,36
"4683",-22.125,-52.4375,30
"4684",-22.125,-52.3125,19
"4685",-22.125,-52.1875,8
"4686",-22.125,-52.0625,2
"4687",-22.125,-51.8125,2
"4688",-22.125,-51.6875,1
"4689",-22.125,-51.5625,5
"4690",-22.125,-51.3125,2
"4691",-22.125,-50.9375,2
"4692",-22.125,-50.8125,5
"4693",-22.125,-50.5625,1
"4694",-22.125,-50.4375,1
"4695",-21.875,-63.5625,2
"4696",-21.875,-63.4375,10
"4697",-21.875,-63.3125,22
"4698",-21.875,-63.1875,35
"4699",-21.875,-63.0625,52
"4700",-21.875,-62.9375,67
"4701",-21.875,-62.8125,135
"4702",-21.875,-62.6875,183
"4703",-21.875,-62.5625,137
"4704",-21.875,-62.4375,226
"4705",-21.875,-62.3125,583
"4706",-21.875,-62.1875,792
"4707",-21.875,-62.0625,1078
"4708",-21.875,-61.9375,980
"4709",-21.875,-61.8125,870
"4710",-21.875,-61.6875,924
"4711",-21.875,-61.5625,419
"4712",-21.875,-61.4375,412
"4713",-21.875,-61.3125,515
"4714",-21.875,-61.1875,575
"4715",-21.875,-61.0625,684
"4716",-21.875,-60.9375,1022
"4717",-21.875,-60.8125,158
"4718",-21.875,-60.6875,76
"4719",-21.875,-60.5625,34
"4720",-21.875,-60.4375,3
"4721",-21.875,-60.1875,2
"4722",-21.875,-60.0625,4
"4723",-21.875,-59.9375,2
"4724",-21.875,-59.8125,1
"4725",-21.875,-59.6875,5
"4726",-21.875,-59.5625,32
"4727",-21.875,-59.4375,69
"4728",-21.875,-59.3125,90
"4729",-21.875,-59.1875,58
"4730",-21.875,-59.0625,67
"4731",-21.875,-58.9375,74
"4732",-21.875,-58.8125,41
"4733",-21.875,-58.6875,35
"4734",-21.875,-58.5625,29
"4735",-21.875,-58.4375,10
"4736",-21.875,-58.3125,9
"4737",-21.875,-58.1875,19
"4738",-21.875,-58.0625,18
"4739",-21.875,-57.9375,16
"4740",-21.875,-57.8125,24
"4741",-21.875,-57.6875,28
"4742",-21.875,-57.5625,62
"4743",-21.875,-57.4375,59
"4744",-21.875,-57.3125,85
"4745",-21.875,-57.1875,85
"4746",-21.875,-57.0625,52
"4747",-21.875,-56.9375,33
"4748",-21.875,-56.8125,24
"4749",-21.875,-56.6875,33
"4750",-21.875,-56.5625,34
"4751",-21.875,-56.4375,47
"4752",-21.875,-56.3125,51
"4753",-21.875,-56.1875,59
"4754",-21.875,-56.0625,63
"4755",-21.875,-55.9375,91
"4756",-21.875,-55.8125,90
"4757",-21.875,-55.6875,82
"4758",-21.875,-55.5625,94
"4759",-21.875,-55.4375,121
"4760",-21.875,-55.3125,172
"4761",-21.875,-55.1875,152
"4762",-21.875,-55.0625,192
"4763",-21.875,-54.9375,162
"4764",-21.875,-54.8125,167
"4765",-21.875,-54.6875,210
"4766",-21.875,-54.5625,198
"4767",-21.875,-54.4375,200
"4768",-21.875,-54.3125,146
"4769",-21.875,-54.1875,164
"4770",-21.875,-54.0625,136
"4771",-21.875,-53.9375,152
"4772",-21.875,-53.8125,180
"4773",-21.875,-53.6875,144
"4774",-21.875,-53.5625,157
"4775",-21.875,-53.4375,169
"4776",-21.875,-53.3125,147
"4777",-21.875,-53.1875,132
"4778",-21.875,-53.0625,125
"4779",-21.875,-52.9375,102
"4780",-21.875,-52.8125,91
"4781",-21.875,-52.6875,83
"4782",-21.875,-52.5625,51
"4783",-21.875,-52.4375,43
"4784",-21.875,-52.3125,16
"4785",-21.875,-52.1875,3
"4786",-21.875,-52.0625,1
"4787",-21.875,-51.9375,4
"4788",-21.875,-51.8125,9
"4789",-21.875,-51.5625,7
"4790",-21.875,-51.4375,1
"4791",-21.875,-51.3125,1
"4792",-21.875,-50.8125,5
"4793",-21.875,-50.3125,1
"4794",-21.875,-50.0625,4
"4795",-21.625,-63.8125,2
"4796",-21.625,-63.6875,11
"4797",-21.625,-63.5625,4
"4798",-21.625,-63.4375,4
"4799",-21.625,-63.3125,12
"4800",-21.625,-63.1875,32
"4801",-21.625,-63.0625,39
"4802",-21.625,-62.9375,33
"4803",-21.625,-62.8125,68
"4804",-21.625,-62.6875,86
"4805",-21.625,-62.5625,105
"4806",-21.625,-62.4375,237
"4807",-21.625,-62.3125,336
"4808",-21.625,-62.1875,942
"4809",-21.625,-62.0625,865
"4810",-21.625,-61.9375,744
"4811",-21.625,-61.8125,851
"4812",-21.625,-61.6875,756
"4813",-21.625,-61.5625,331
"4814",-21.625,-61.4375,417
"4815",-21.625,-61.3125,629
"4816",-21.625,-61.1875,683
"4817",-21.625,-61.0625,1006
"4818",-21.625,-60.9375,994
"4819",-21.625,-60.8125,38
"4820",-21.625,-60.6875,58
"4821",-21.625,-60.5625,41
"4822",-21.625,-60.4375,8
"4823",-21.625,-60.3125,10
"4824",-21.625,-60.1875,9
"4825",-21.625,-60.0625,5
"4826",-21.625,-59.9375,3
"4827",-21.625,-59.8125,4
"4828",-21.625,-59.6875,14
"4829",-21.625,-59.5625,59
"4830",-21.625,-59.4375,119
"4831",-21.625,-59.3125,111
"4832",-21.625,-59.1875,119
"4833",-21.625,-59.0625,69
"4834",-21.625,-58.9375,75
"4835",-21.625,-58.8125,55
"4836",-21.625,-58.6875,43
"4837",-21.625,-58.5625,34
"4838",-21.625,-58.4375,27
"4839",-21.625,-58.3125,24
"4840",-21.625,-58.1875,10
"4841",-21.625,-58.0625,13
"4842",-21.625,-57.9375,24
"4843",-21.625,-57.8125,24
"4844",-21.625,-57.6875,23
"4845",-21.625,-57.5625,77
"4846",-21.625,-57.4375,95
"4847",-21.625,-57.3125,93
"4848",-21.625,-57.1875,59
"4849",-21.625,-57.0625,64
"4850",-21.625,-56.9375,42
"4851",-21.625,-56.8125,38
"4852",-21.625,-56.6875,30
"4853",-21.625,-56.5625,41
"4854",-21.625,-56.4375,41
"4855",-21.625,-56.3125,48
"4856",-21.625,-56.1875,60
"4857",-21.625,-56.0625,67
"4858",-21.625,-55.9375,83
"4859",-21.625,-55.8125,92
"4860",-21.625,-55.6875,82
"4861",-21.625,-55.5625,69
"4862",-21.625,-55.4375,188
"4863",-21.625,-55.3125,131
"4864",-21.625,-55.1875,144
"4865",-21.625,-55.0625,301
"4866",-21.625,-54.9375,192
"4867",-21.625,-54.8125,167
"4868",-21.625,-54.6875,193
"4869",-21.625,-54.5625,194
"4870",-21.625,-54.4375,168
"4871",-21.625,-54.3125,203
"4872",-21.625,-54.1875,179
"4873",-21.625,-54.0625,182
"4874",-21.625,-53.9375,139
"4875",-21.625,-53.8125,123
"4876",-21.625,-53.6875,120
"4877",-21.625,-53.5625,145
"4878",-21.625,-53.4375,141
"4879",-21.625,-53.3125,152
"4880",-21.625,-53.1875,144
"4881",-21.625,-53.0625,131
"4882",-21.625,-52.9375,109
"4883",-21.625,-52.8125,88
"4884",-21.625,-52.6875,63
"4885",-21.625,-52.5625,55
"4886",-21.625,-52.4375,29
"4887",-21.625,-52.3125,16
"4888",-21.625,-52.1875,2
"4889",-21.625,-52.0625,3
"4890",-21.625,-51.8125,4
"4891",-21.625,-51.6875,2
"4892",-21.625,-51.5625,8
"4893",-21.625,-51.4375,6
"4894",-21.625,-51.3125,4
"4895",-21.625,-51.1875,4
"4896",-21.625,-51.0625,3
"4897",-21.625,-50.9375,3
"4898",-21.625,-50.8125,4
"4899",-21.625,-50.6875,3
"4900",-21.375,-63.5625,4
"4901",-21.375,-63.4375,2
"4902",-21.375,-63.3125,3
"4903",-21.375,-63.1875,19
"4904",-21.375,-63.0625,17
"4905",-21.375,-62.9375,9
"4906",-21.375,-62.8125,19
"4907",-21.375,-62.6875,53
"4908",-21.375,-62.5625,84
"4909",-21.375,-62.4375,197
"4910",-21.375,-62.3125,419
"4911",-21.375,-62.1875,941
"4912",-21.375,-62.0625,625
"4913",-21.375,-61.9375,666
"4914",-21.375,-61.8125,388
"4915",-21.375,-61.6875,672
"4916",-21.375,-61.5625,474
"4917",-21.375,-61.4375,280
"4918",-21.375,-61.3125,272
"4919",-21.375,-61.1875,460
"4920",-21.375,-61.0625,602
"4921",-21.375,-60.9375,661
"4922",-21.375,-60.8125,89
"4923",-21.375,-60.6875,26
"4924",-21.375,-60.4375,9
"4925",-21.375,-60.3125,8
"4926",-21.375,-60.1875,2
"4927",-21.375,-60.0625,2
"4928",-21.375,-59.9375,6
"4929",-21.375,-59.8125,22
"4930",-21.375,-59.6875,39
"4931",-21.375,-59.5625,98
"4932",-21.375,-59.4375,83
"4933",-21.375,-59.3125,98
"4934",-21.375,-59.1875,164
"4935",-21.375,-59.0625,152
"4936",-21.375,-58.9375,123
"4937",-21.375,-58.8125,69
"4938",-21.375,-58.6875,61
"4939",-21.375,-58.5625,22
"4940",-21.375,-58.4375,22
"4941",-21.375,-58.3125,16
"4942",-21.375,-58.1875,36
"4943",-21.375,-58.0625,27
"4944",-21.375,-57.9375,24
"4945",-21.375,-57.8125,48
"4946",-21.375,-57.6875,44
"4947",-21.375,-57.5625,94
"4948",-21.375,-57.4375,141
"4949",-21.375,-57.3125,108
"4950",-21.375,-57.1875,67
"4951",-21.375,-57.0625,49
"4952",-21.375,-56.9375,75
"4953",-21.375,-56.8125,50
"4954",-21.375,-56.6875,31
"4955",-21.375,-56.5625,59
"4956",-21.375,-56.4375,55
"4957",-21.375,-56.3125,58
"4958",-21.375,-56.1875,66
"4959",-21.375,-56.0625,101
"4960",-21.375,-55.9375,88
"4961",-21.375,-55.8125,134
"4962",-21.375,-55.6875,95
"4963",-21.375,-55.5625,90
"4964",-21.375,-55.4375,148
"4965",-21.375,-55.3125,166
"4966",-21.375,-55.1875,164
"4967",-21.375,-55.0625,297
"4968",-21.375,-54.9375,280
"4969",-21.375,-54.8125,254
"4970",-21.375,-54.6875,192
"4971",-21.375,-54.5625,155
"4972",-21.375,-54.4375,173
"4973",-21.375,-54.3125,153
"4974",-21.375,-54.1875,148
"4975",-21.375,-54.0625,162
"4976",-21.375,-53.9375,120
"4977",-21.375,-53.8125,123
"4978",-21.375,-53.6875,141
"4979",-21.375,-53.5625,131
"4980",-21.375,-53.4375,113
"4981",-21.375,-53.3125,115
"4982",-21.375,-53.1875,135
"4983",-21.375,-53.0625,134
"4984",-21.375,-52.9375,147
"4985",-21.375,-52.8125,86
"4986",-21.375,-52.6875,74
"4987",-21.375,-52.5625,61
"4988",-21.375,-52.4375,25
"4989",-21.375,-52.3125,12
"4990",-21.375,-52.1875,2
"4991",-21.375,-52.0625,2
"4992",-21.375,-51.9375,3
"4993",-21.375,-51.8125,5
"4994",-21.375,-51.6875,5
"4995",-21.375,-51.5625,5
"4996",-21.375,-51.4375,7
"4997",-21.375,-51.3125,4
"4998",-21.375,-51.1875,3
"4999",-21.375,-51.0625,2
"5000",-21.375,-50.9375,2
"5001",-21.375,-50.8125,4
"5002",-21.375,-50.6875,2
"5003",-21.125,-63.5625,5
"5004",-21.125,-63.1875,9
"5005",-21.125,-63.0625,7
"5006",-21.125,-62.9375,11
"5007",-21.125,-62.8125,8
"5008",-21.125,-62.6875,27
"5009",-21.125,-62.5625,74
"5010",-21.125,-62.4375,193
"5011",-21.125,-62.3125,395
"5012",-21.125,-62.1875,747
"5013",-21.125,-62.0625,649
"5014",-21.125,-61.9375,554
"5015",-21.125,-61.8125,249
"5016",-21.125,-61.6875,449
"5017",-21.125,-61.5625,479
"5018",-21.125,-61.4375,587
"5019",-21.125,-61.3125,353
"5020",-21.125,-61.1875,458
"5021",-21.125,-61.0625,753
"5022",-21.125,-60.9375,471
"5023",-21.125,-60.8125,161
"5024",-21.125,-60.6875,105
"5025",-21.125,-60.5625,6
"5026",-21.125,-60.3125,7
"5027",-21.125,-60.1875,5
"5028",-21.125,-60.0625,7
"5029",-21.125,-59.9375,5
"5030",-21.125,-59.8125,38
"5031",-21.125,-59.6875,14
"5032",-21.125,-59.5625,92
"5033",-21.125,-59.4375,115
"5034",-21.125,-59.3125,139
"5035",-21.125,-59.1875,188
"5036",-21.125,-59.0625,162
"5037",-21.125,-58.9375,136
"5038",-21.125,-58.8125,127
"5039",-21.125,-58.6875,46
"5040",-21.125,-58.5625,20
"5041",-21.125,-58.4375,36
"5042",-21.125,-58.3125,34
"5043",-21.125,-58.1875,42
"5044",-21.125,-58.0625,38
"5045",-21.125,-57.9375,30
"5046",-21.125,-57.8125,44
"5047",-21.125,-57.6875,96
"5048",-21.125,-57.5625,184
"5049",-21.125,-57.4375,209
"5050",-21.125,-57.3125,193
"5051",-21.125,-57.1875,109
"5052",-21.125,-57.0625,70
"5053",-21.125,-56.9375,54
"5054",-21.125,-56.8125,83
"5055",-21.125,-56.6875,107
"5056",-21.125,-56.5625,104
"5057",-21.125,-56.4375,100
"5058",-21.125,-56.3125,100
"5059",-21.125,-56.1875,151
"5060",-21.125,-56.0625,213
"5061",-21.125,-55.9375,121
"5062",-21.125,-55.8125,294
"5063",-21.125,-55.6875,191
"5064",-21.125,-55.5625,133
"5065",-21.125,-55.4375,151
"5066",-21.125,-55.3125,213
"5067",-21.125,-55.1875,293
"5068",-21.125,-55.0625,299
"5069",-21.125,-54.9375,289
"5070",-21.125,-54.8125,259
"5071",-21.125,-54.6875,258
"5072",-21.125,-54.5625,194
"5073",-21.125,-54.4375,140
"5074",-21.125,-54.3125,132
"5075",-21.125,-54.1875,111
"5076",-21.125,-54.0625,148
"5077",-21.125,-53.9375,152
"5078",-21.125,-53.8125,109
"5079",-21.125,-53.6875,120
"5080",-21.125,-53.5625,136
"5081",-21.125,-53.4375,131
"5082",-21.125,-53.3125,126
"5083",-21.125,-53.1875,137
"5084",-21.125,-53.0625,125
"5085",-21.125,-52.9375,98
"5086",-21.125,-52.8125,81
"5087",-21.125,-52.6875,68
"5088",-21.125,-52.5625,49
"5089",-21.125,-52.4375,42
"5090",-21.125,-52.3125,21
"5091",-21.125,-52.1875,11
"5092",-21.125,-51.8125,1
"5093",-21.125,-51.6875,2
"5094",-21.125,-51.5625,3
"5095",-21.125,-51.4375,7
"5096",-21.125,-51.3125,2
"5097",-21.125,-51.1875,2
"5098",-21.125,-51.0625,2
"5099",-21.125,-50.9375,1
"5100",-21.125,-50.8125,1
"5101",-21.125,-50.6875,2
"5102",-21.125,-50.5625,6
"5103",-21.125,-50.4375,2
"5104",-21.125,-50.3125,2
"5105",-21.125,-50.1875,2
"5106",-21.125,-50.0625,2
"5107",-20.875,-63.3125,7
"5108",-20.875,-63.1875,3
"5109",-20.875,-62.8125,8
"5110",-20.875,-62.6875,31
"5111",-20.875,-62.5625,88
"5112",-20.875,-62.4375,168
"5113",-20.875,-62.3125,304
"5114",-20.875,-62.1875,564
"5115",-20.875,-62.0625,545
"5116",-20.875,-61.9375,509
"5117",-20.875,-61.8125,276
"5118",-20.875,-61.6875,269
"5119",-20.875,-61.5625,568
"5120",-20.875,-61.4375,696
"5121",-20.875,-61.3125,667
"5122",-20.875,-61.1875,347
"5123",-20.875,-61.0625,466
"5124",-20.875,-60.9375,684
"5125",-20.875,-60.8125,111
"5126",-20.875,-60.6875,133
"5127",-20.875,-60.5625,96
"5128",-20.875,-60.4375,14
"5129",-20.875,-60.3125,15
"5130",-20.875,-60.1875,2
"5131",-20.875,-60.0625,5
"5132",-20.875,-59.9375,1
"5133",-20.875,-59.8125,15
"5134",-20.875,-59.6875,27
"5135",-20.875,-59.5625,132
"5136",-20.875,-59.4375,141
"5137",-20.875,-59.3125,159
"5138",-20.875,-59.1875,136
"5139",-20.875,-59.0625,205
"5140",-20.875,-58.9375,145
"5141",-20.875,-58.8125,137
"5142",-20.875,-58.6875,95
"5143",-20.875,-58.5625,65
"5144",-20.875,-58.4375,41
"5145",-20.875,-58.3125,21
"5146",-20.875,-58.1875,27
"5147",-20.875,-58.0625,45
"5148",-20.875,-57.9375,36
"5149",-20.875,-57.8125,93
"5150",-20.875,-57.6875,218
"5151",-20.875,-57.5625,260
"5152",-20.875,-57.4375,296
"5153",-20.875,-57.3125,351
"5154",-20.875,-57.1875,273
"5155",-20.875,-57.0625,220
"5156",-20.875,-56.9375,172
"5157",-20.875,-56.8125,193
"5158",-20.875,-56.6875,150
"5159",-20.875,-56.5625,112
"5160",-20.875,-56.4375,83
"5161",-20.875,-56.3125,175
"5162",-20.875,-56.1875,214
"5163",-20.875,-56.0625,203
"5164",-20.875,-55.9375,177
"5165",-20.875,-55.8125,184
"5166",-20.875,-55.6875,157
"5167",-20.875,-55.5625,199
"5168",-20.875,-55.4375,234
"5169",-20.875,-55.3125,344
"5170",-20.875,-55.1875,332
"5171",-20.875,-55.0625,288
"5172",-20.875,-54.9375,275
"5173",-20.875,-54.8125,229
"5174",-20.875,-54.6875,234
"5175",-20.875,-54.5625,198
"5176",-20.875,-54.4375,163
"5177",-20.875,-54.3125,126
"5178",-20.875,-54.1875,104
"5179",-20.875,-54.0625,134
"5180",-20.875,-53.9375,137
"5181",-20.875,-53.8125,130
"5182",-20.875,-53.6875,112
"5183",-20.875,-53.5625,107
"5184",-20.875,-53.4375,127
"5185",-20.875,-53.3125,113
"5186",-20.875,-53.1875,106
"5187",-20.875,-53.0625,110
"5188",-20.875,-52.9375,80
"5189",-20.875,-52.8125,82
"5190",-20.875,-52.6875,90
"5191",-20.875,-52.5625,47
"5192",-20.875,-52.4375,49
"5193",-20.875,-52.3125,33
"5194",-20.875,-52.1875,20
"5195",-20.875,-52.0625,11
"5196",-20.875,-51.9375,3
"5197",-20.875,-51.8125,1
"5198",-20.875,-51.6875,1
"5199",-20.875,-51.4375,6
"5200",-20.875,-51.3125,6
"5201",-20.875,-51.1875,9
"5202",-20.875,-51.0625,9
"5203",-20.875,-50.9375,9
"5204",-20.875,-50.8125,13
"5205",-20.875,-50.6875,10
"5206",-20.875,-50.5625,4
"5207",-20.875,-50.4375,5
"5208",-20.875,-50.3125,1
"5209",-20.625,-63.3125,6
"5210",-20.625,-62.8125,10
"5211",-20.625,-62.6875,12
"5212",-20.625,-62.5625,73
"5213",-20.625,-62.4375,134
"5214",-20.625,-62.3125,206
"5215",-20.625,-62.1875,485
"5216",-20.625,-62.0625,393
"5217",-20.625,-61.9375,412
"5218",-20.625,-61.8125,278
"5219",-20.625,-61.6875,246
"5220",-20.625,-61.5625,545
"5221",-20.625,-61.4375,972
"5222",-20.625,-61.3125,747
"5223",-20.625,-61.1875,488
"5224",-20.625,-61.0625,420
"5225",-20.625,-60.9375,491
"5226",-20.625,-60.8125,325
"5227",-20.625,-60.6875,292
"5228",-20.625,-60.5625,255
"5229",-20.625,-60.4375,297
"5230",-20.625,-60.3125,40
"5231",-20.625,-60.1875,9
"5232",-20.625,-60.0625,6
"5233",-20.625,-59.9375,33
"5234",-20.625,-59.8125,9
"5235",-20.625,-59.6875,51
"5236",-20.625,-59.5625,143
"5237",-20.625,-59.4375,172
"5238",-20.625,-59.3125,190
"5239",-20.625,-59.1875,250
"5240",-20.625,-59.0625,216
"5241",-20.625,-58.9375,148
"5242",-20.625,-58.8125,104
"5243",-20.625,-58.6875,79
"5244",-20.625,-58.5625,43
"5245",-20.625,-58.4375,20
"5246",-20.625,-58.3125,13
"5247",-20.625,-58.1875,27
"5248",-20.625,-58.0625,22
"5249",-20.625,-57.9375,81
"5250",-20.625,-57.8125,225
"5251",-20.625,-57.6875,233
"5252",-20.625,-57.5625,249
"5253",-20.625,-57.4375,273
"5254",-20.625,-57.3125,294
"5255",-20.625,-57.1875,335
"5256",-20.625,-57.0625,642
"5257",-20.625,-56.9375,415
"5258",-20.625,-56.8125,358
"5259",-20.625,-56.6875,157
"5260",-20.625,-56.5625,138
"5261",-20.625,-56.4375,255
"5262",-20.625,-56.3125,210
"5263",-20.625,-56.1875,297
"5264",-20.625,-56.0625,366
"5265",-20.625,-55.9375,147
"5266",-20.625,-55.8125,180
"5267",-20.625,-55.6875,203
"5268",-20.625,-55.5625,209
"5269",-20.625,-55.4375,428
"5270",-20.625,-55.3125,384
"5271",-20.625,-55.1875,404
"5272",-20.625,-55.0625,302
"5273",-20.625,-54.9375,211
"5274",-20.625,-54.8125,277
"5275",-20.625,-54.6875,221
"5276",-20.625,-54.5625,187
"5277",-20.625,-54.4375,140
"5278",-20.625,-54.3125,128
"5279",-20.625,-54.1875,173
"5280",-20.625,-54.0625,160
"5281",-20.625,-53.9375,120
"5282",-20.625,-53.8125,114
"5283",-20.625,-53.6875,98
"5284",-20.625,-53.5625,101
"5285",-20.625,-53.4375,73
"5286",-20.625,-53.3125,71
"5287",-20.625,-53.1875,74
"5288",-20.625,-53.0625,81
"5289",-20.625,-52.9375,85
"5290",-20.625,-52.8125,110
"5291",-20.625,-52.6875,81
"5292",-20.625,-52.5625,78
"5293",-20.625,-52.4375,56
"5294",-20.625,-52.3125,53
"5295",-20.625,-52.1875,57
"5296",-20.625,-52.0625,41
"5297",-20.625,-51.9375,20
"5298",-20.625,-51.8125,12
"5299",-20.625,-51.6875,6
"5300",-20.625,-51.5625,6
"5301",-20.625,-51.4375,14
"5302",-20.625,-51.3125,10
"5303",-20.625,-51.1875,3
"5304",-20.625,-51.0625,11
"5305",-20.625,-50.9375,7
"5306",-20.625,-50.8125,10
"5307",-20.625,-50.6875,4
"5308",-20.625,-50.5625,3
"5309",-20.625,-50.4375,3
"5310",-20.625,-50.3125,9
"5311",-20.625,-50.1875,2
"5312",-20.625,-50.0625,7
"5313",-20.375,-63.5625,5
"5314",-20.375,-63.4375,9
"5315",-20.375,-63.3125,2
"5316",-20.375,-62.8125,2
"5317",-20.375,-62.6875,25
"5318",-20.375,-62.5625,52
"5319",-20.375,-62.4375,96
"5320",-20.375,-62.3125,99
"5321",-20.375,-62.1875,328
"5322",-20.375,-62.0625,297
"5323",-20.375,-61.9375,465
"5324",-20.375,-61.8125,341
"5325",-20.375,-61.6875,261
"5326",-20.375,-61.5625,527
"5327",-20.375,-61.4375,746
"5328",-20.375,-61.3125,762
"5329",-20.375,-61.1875,592
"5330",-20.375,-61.0625,477
"5331",-20.375,-60.9375,993
"5332",-20.375,-60.8125,991
"5333",-20.375,-60.6875,495
"5334",-20.375,-60.5625,368
"5335",-20.375,-60.4375,305
"5336",-20.375,-60.3125,253
"5337",-20.375,-60.1875,100
"5338",-20.375,-60.0625,52
"5339",-20.375,-59.9375,50
"5340",-20.375,-59.8125,36
"5341",-20.375,-59.6875,149
"5342",-20.375,-59.5625,166
"5343",-20.375,-59.4375,219
"5344",-20.375,-59.3125,191
"5345",-20.375,-59.1875,251
"5346",-20.375,-59.0625,251
"5347",-20.375,-58.9375,183
"5348",-20.375,-58.8125,131
"5349",-20.375,-58.6875,75
"5350",-20.375,-58.5625,51
"5351",-20.375,-58.4375,24
"5352",-20.375,-58.3125,20
"5353",-20.375,-58.1875,31
"5354",-20.375,-58.0625,56
"5355",-20.375,-57.9375,146
"5356",-20.375,-57.8125,190
"5357",-20.375,-57.6875,238
"5358",-20.375,-57.5625,263
"5359",-20.375,-57.4375,379
"5360",-20.375,-57.3125,387
"5361",-20.375,-57.1875,438
"5362",-20.375,-57.0625,543
"5363",-20.375,-56.9375,334
"5364",-20.375,-56.8125,325
"5365",-20.375,-56.6875,215
"5366",-20.375,-56.5625,250
"5367",-20.375,-56.4375,318
"5368",-20.375,-56.3125,299
"5369",-20.375,-56.1875,327
"5370",-20.375,-56.0625,212
"5371",-20.375,-55.9375,220
"5372",-20.375,-55.8125,216
"5373",-20.375,-55.6875,211
"5374",-20.375,-55.5625,160
"5375",-20.375,-55.4375,161
"5376",-20.375,-55.3125,73
"5377",-20.375,-55.1875,163
"5378",-20.375,-55.0625,223
"5379",-20.375,-54.9375,199
"5380",-20.375,-54.8125,267
"5381",-20.375,-54.6875,248
"5382",-20.375,-54.5625,189
"5383",-20.375,-54.4375,143
"5384",-20.375,-54.3125,135
"5385",-20.375,-54.1875,169
"5386",-20.375,-54.0625,150
"5387",-20.375,-53.9375,97
"5388",-20.375,-53.8125,66
"5389",-20.375,-53.6875,65
"5390",-20.375,-53.5625,57
"5391",-20.375,-53.4375,61
"5392",-20.375,-53.3125,54
"5393",-20.375,-53.1875,59
"5394",-20.375,-53.0625,72
"5395",-20.375,-52.9375,74
"5396",-20.375,-52.8125,85
"5397",-20.375,-52.6875,81
"5398",-20.375,-52.5625,63
"5399",-20.375,-52.4375,83
"5400",-20.375,-52.3125,74
"5401",-20.375,-52.1875,85
"5402",-20.375,-52.0625,47
"5403",-20.375,-51.9375,59
"5404",-20.375,-51.8125,35
"5405",-20.375,-51.6875,21
"5406",-20.375,-51.5625,11
"5407",-20.375,-51.4375,15
"5408",-20.375,-51.3125,7
"5409",-20.375,-51.1875,12
"5410",-20.375,-51.0625,8
"5411",-20.375,-50.9375,9
"5412",-20.375,-50.8125,5
"5413",-20.375,-50.6875,8
"5414",-20.375,-50.5625,9
"5415",-20.375,-50.4375,9
"5416",-20.375,-50.3125,7
"5417",-20.375,-50.1875,5
"5418",-20.375,-50.0625,1
"5419",-20.125,-63.6875,1
"5420",-20.125,-63.5625,3
"5421",-20.125,-62.8125,10
"5422",-20.125,-62.6875,9
"5423",-20.125,-62.5625,50
"5424",-20.125,-62.4375,33
"5425",-20.125,-62.3125,72
"5426",-20.125,-62.1875,211
"5427",-20.125,-62.0625,223
"5428",-20.125,-61.9375,226
"5429",-20.125,-61.8125,367
"5430",-20.125,-61.6875,336
"5431",-20.125,-61.5625,544
"5432",-20.125,-61.4375,591
"5433",-20.125,-61.3125,910
"5434",-20.125,-61.1875,1016
"5435",-20.125,-61.0625,672
"5436",-20.125,-60.9375,900
"5437",-20.125,-60.8125,1008
"5438",-20.125,-60.6875,573
"5439",-20.125,-60.5625,210
"5440",-20.125,-60.4375,403
"5441",-20.125,-60.3125,391
"5442",-20.125,-60.1875,414
"5443",-20.125,-60.0625,277
"5444",-20.125,-59.9375,100
"5445",-20.125,-59.8125,193
"5446",-20.125,-59.6875,234
"5447",-20.125,-59.5625,193
"5448",-20.125,-59.4375,413
"5449",-20.125,-59.3125,229
"5450",-20.125,-59.1875,348
"5451",-20.125,-59.0625,512
"5452",-20.125,-58.9375,292
"5453",-20.125,-58.8125,381
"5454",-20.125,-58.6875,142
"5455",-20.125,-58.5625,59
"5456",-20.125,-58.4375,138
"5457",-20.125,-58.3125,69
"5458",-20.125,-58.1875,117
"5459",-20.125,-58.0625,272
"5460",-20.125,-57.9375,159
"5461",-20.125,-57.8125,295
"5462",-20.125,-57.6875,400
"5463",-20.125,-57.5625,358
"5464",-20.125,-57.4375,555
"5465",-20.125,-57.3125,415
"5466",-20.125,-57.1875,433
"5467",-20.125,-57.0625,538
"5468",-20.125,-56.9375,258
"5469",-20.125,-56.8125,294
"5470",-20.125,-56.6875,262
"5471",-20.125,-56.5625,292
"5472",-20.125,-56.4375,336
"5473",-20.125,-56.3125,291
"5474",-20.125,-56.1875,298
"5475",-20.125,-56.0625,262
"5476",-20.125,-55.9375,223
"5477",-20.125,-55.8125,156
"5478",-20.125,-55.6875,130
"5479",-20.125,-55.5625,138
"5480",-20.125,-55.4375,171
"5481",-20.125,-55.3125,279
"5482",-20.125,-55.1875,234
"5483",-20.125,-55.0625,278
"5484",-20.125,-54.9375,252
"5485",-20.125,-54.8125,264
"5486",-20.125,-54.6875,218
"5487",-20.125,-54.5625,211
"5488",-20.125,-54.4375,169
"5489",-20.125,-54.3125,155
"5490",-20.125,-54.1875,130
"5491",-20.125,-54.0625,99
"5492",-20.125,-53.9375,94
"5493",-20.125,-53.8125,74
"5494",-20.125,-53.6875,56
"5495",-20.125,-53.5625,58
"5496",-20.125,-53.4375,40
"5497",-20.125,-53.3125,48
"5498",-20.125,-53.1875,53
"5499",-20.125,-53.0625,68
"5500",-20.125,-52.9375,84
"5501",-20.125,-52.8125,77
"5502",-20.125,-52.6875,96
"5503",-20.125,-52.5625,87
"5504",-20.125,-52.4375,67
"5505",-20.125,-52.3125,83
"5506",-20.125,-52.1875,104
"5507",-20.125,-52.0625,103
"5508",-20.125,-51.9375,77
"5509",-20.125,-51.8125,59
"5510",-20.125,-51.6875,48
"5511",-20.125,-51.5625,30
"5512",-20.125,-51.4375,21
"5513",-20.125,-51.3125,11
"5514",-20.125,-51.1875,15
"5515",-20.125,-51.0625,11
"5516",-20.125,-50.9375,7
"5517",-20.125,-50.8125,8
"5518",-20.125,-50.6875,12
"5519",-20.125,-50.5625,14
"5520",-20.125,-50.4375,6
"5521",-20.125,-50.3125,17
"5522",-20.125,-50.1875,2
"5523",-20.125,-50.0625,5
"5524",-19.875,-62.8125,9
"5525",-19.875,-62.6875,1
"5526",-19.875,-62.5625,21
"5527",-19.875,-62.4375,22
"5528",-19.875,-62.3125,47
"5529",-19.875,-62.1875,169
"5530",-19.875,-62.0625,121
"5531",-19.875,-61.9375,154
"5532",-19.875,-61.8125,146
"5533",-19.875,-61.6875,210
"5534",-19.875,-61.5625,370
"5535",-19.875,-61.4375,427
"5536",-19.875,-61.3125,790
"5537",-19.875,-61.1875,1357
"5538",-19.875,-61.0625,1341
"5539",-19.875,-60.9375,1562
"5540",-19.875,-60.8125,2035
"5541",-19.875,-60.6875,754
"5542",-19.875,-60.5625,175
"5543",-19.875,-60.4375,212
"5544",-19.875,-60.3125,287
"5545",-19.875,-60.1875,449
"5546",-19.875,-60.0625,355
"5547",-19.875,-59.9375,417
"5548",-19.875,-59.8125,254
"5549",-19.875,-59.6875,137
"5550",-19.875,-59.5625,201
"5551",-19.875,-59.4375,329
"5552",-19.875,-59.3125,270
"5553",-19.875,-59.1875,489
"5554",-19.875,-59.0625,557
"5555",-19.875,-58.9375,356
"5556",-19.875,-58.8125,339
"5557",-19.875,-58.6875,345
"5558",-19.875,-58.5625,143
"5559",-19.875,-58.4375,111
"5560",-19.875,-58.3125,156
"5561",-19.875,-58.1875,210
"5562",-19.875,-58.0625,249
"5563",-19.875,-57.9375,282
"5564",-19.875,-57.8125,263
"5565",-19.875,-57.6875,408
"5566",-19.875,-57.5625,384
"5567",-19.875,-57.4375,376
"5568",-19.875,-57.3125,378
"5569",-19.875,-57.1875,373
"5570",-19.875,-57.0625,354
"5571",-19.875,-56.9375,284
"5572",-19.875,-56.8125,240
"5573",-19.875,-56.6875,264
"5574",-19.875,-56.5625,316
"5575",-19.875,-56.4375,386
"5576",-19.875,-56.3125,371
"5577",-19.875,-56.1875,261
"5578",-19.875,-56.0625,200
"5579",-19.875,-55.9375,124
"5580",-19.875,-55.8125,133
"5581",-19.875,-55.6875,155
"5582",-19.875,-55.5625,138
"5583",-19.875,-55.4375,160
"5584",-19.875,-55.3125,288
"5585",-19.875,-55.1875,267
"5586",-19.875,-55.0625,268
"5587",-19.875,-54.9375,255
"5588",-19.875,-54.8125,266
"5589",-19.875,-54.6875,238
"5590",-19.875,-54.5625,257
"5591",-19.875,-54.4375,195
"5592",-19.875,-54.3125,135
"5593",-19.875,-54.1875,124
"5594",-19.875,-54.0625,101
"5595",-19.875,-53.9375,72
"5596",-19.875,-53.8125,49
"5597",-19.875,-53.6875,51
"5598",-19.875,-53.5625,26
"5599",-19.875,-53.4375,47
"5600",-19.875,-53.3125,60
"5601",-19.875,-53.1875,41
"5602",-19.875,-53.0625,61
"5603",-19.875,-52.9375,74
"5604",-19.875,-52.8125,88
"5605",-19.875,-52.6875,68
"5606",-19.875,-52.5625,76
"5607",-19.875,-52.4375,70
"5608",-19.875,-52.3125,85
"5609",-19.875,-52.1875,92
"5610",-19.875,-52.0625,85
"5611",-19.875,-51.9375,80
"5612",-19.875,-51.8125,75
"5613",-19.875,-51.6875,56
"5614",-19.875,-51.5625,50
"5615",-19.875,-51.4375,45
"5616",-19.875,-51.3125,24
"5617",-19.875,-51.1875,18
"5618",-19.875,-51.0625,9
"5619",-19.875,-50.9375,10
"5620",-19.875,-50.8125,6
"5621",-19.875,-50.6875,10
"5622",-19.875,-50.5625,9
"5623",-19.875,-50.4375,13
"5624",-19.875,-50.3125,9
"5625",-19.875,-50.1875,6
"5626",-19.875,-50.0625,3
"5627",-19.625,-62.4375,16
"5628",-19.625,-62.3125,31
"5629",-19.625,-62.1875,97
"5630",-19.625,-62.0625,92
"5631",-19.625,-61.9375,108
"5632",-19.625,-61.8125,100
"5633",-19.625,-61.6875,199
"5634",-19.625,-61.5625,293
"5635",-19.625,-61.4375,438
"5636",-19.625,-61.3125,589
"5637",-19.625,-61.1875,6503
"5638",-19.625,-61.0625,1556
"5639",-19.625,-60.9375,2139
"5640",-19.625,-60.8125,2276
"5641",-19.625,-60.6875,985
"5642",-19.625,-60.5625,285
"5643",-19.625,-60.4375,363
"5644",-19.625,-60.3125,365
"5645",-19.625,-60.1875,367
"5646",-19.625,-60.0625,406
"5647",-19.625,-59.9375,278
"5648",-19.625,-59.8125,104
"5649",-19.625,-59.6875,120
"5650",-19.625,-59.5625,285
"5651",-19.625,-59.4375,258
"5652",-19.625,-59.3125,349
"5653",-19.625,-59.1875,566
"5654",-19.625,-59.0625,618
"5655",-19.625,-58.9375,344
"5656",-19.625,-58.8125,523
"5657",-19.625,-58.6875,383
"5658",-19.625,-58.5625,213
"5659",-19.625,-58.4375,160
"5660",-19.625,-58.3125,192
"5661",-19.625,-58.1875,221
"5662",-19.625,-58.0625,206
"5663",-19.625,-57.9375,278
"5664",-19.625,-57.8125,269
"5665",-19.625,-57.6875,333
"5666",-19.625,-57.5625,384
"5667",-19.625,-57.4375,386
"5668",-19.625,-57.3125,308
"5669",-19.625,-57.1875,296
"5670",-19.625,-57.0625,342
"5671",-19.625,-56.9375,346
"5672",-19.625,-56.8125,219
"5673",-19.625,-56.6875,268
"5674",-19.625,-56.5625,324
"5675",-19.625,-56.4375,354
"5676",-19.625,-56.3125,298
"5677",-19.625,-56.1875,222
"5678",-19.625,-56.0625,152
"5679",-19.625,-55.9375,119
"5680",-19.625,-55.8125,159
"5681",-19.625,-55.6875,161
"5682",-19.625,-55.5625,181
"5683",-19.625,-55.4375,175
"5684",-19.625,-55.3125,195
"5685",-19.625,-55.1875,247
"5686",-19.625,-55.0625,251
"5687",-19.625,-54.9375,294
"5688",-19.625,-54.8125,308
"5689",-19.625,-54.6875,273
"5690",-19.625,-54.5625,213
"5691",-19.625,-54.4375,222
"5692",-19.625,-54.3125,143
"5693",-19.625,-54.1875,155
"5694",-19.625,-54.0625,111
"5695",-19.625,-53.9375,79
"5696",-19.625,-53.8125,57
"5697",-19.625,-53.6875,38
"5698",-19.625,-53.5625,26
"5699",-19.625,-53.4375,44
"5700",-19.625,-53.3125,86
"5701",-19.625,-53.1875,71
"5702",-19.625,-53.0625,69
"5703",-19.625,-52.9375,69
"5704",-19.625,-52.8125,92
"5705",-19.625,-52.6875,69
"5706",-19.625,-52.5625,53
"5707",-19.625,-52.4375,103
"5708",-19.625,-52.3125,88
"5709",-19.625,-52.1875,77
"5710",-19.625,-52.0625,75
"5711",-19.625,-51.9375,83
"5712",-19.625,-51.8125,74
"5713",-19.625,-51.6875,58
"5714",-19.625,-51.5625,49
"5715",-19.625,-51.4375,48
"5716",-19.625,-51.3125,43
"5717",-19.625,-51.1875,14
"5718",-19.625,-51.0625,3
"5719",-19.625,-50.9375,3
"5720",-19.625,-50.8125,12
"5721",-19.625,-50.6875,12
"5722",-19.625,-50.5625,7
"5723",-19.625,-50.4375,4
"5724",-19.625,-50.3125,5
"5725",-19.625,-50.0625,5
"5726",-19.375,-62.4375,5
"5727",-19.375,-62.3125,22
"5728",-19.375,-62.1875,65
"5729",-19.375,-62.0625,37
"5730",-19.375,-61.9375,73
"5731",-19.375,-61.8125,114
"5732",-19.375,-61.6875,212
"5733",-19.375,-61.5625,240
"5734",-19.375,-61.4375,285
"5735",-19.375,-61.3125,849
"5736",-19.375,-61.1875,2183
"5737",-19.375,-61.0625,1337
"5738",-19.375,-60.9375,1456
"5739",-19.375,-60.8125,1769
"5740",-19.375,-60.6875,1502
"5741",-19.375,-60.5625,756
"5742",-19.375,-60.4375,177
"5743",-19.375,-60.3125,149
"5744",-19.375,-60.1875,218
"5745",-19.375,-60.0625,204
"5746",-19.375,-59.9375,239
"5747",-19.375,-59.8125,110
"5748",-19.375,-59.6875,138
"5749",-19.375,-59.5625,239
"5750",-19.375,-59.4375,355
"5751",-19.375,-59.3125,432
"5752",-19.375,-59.1875,336
"5753",-19.375,-59.0625,250
"5754",-19.375,-58.9375,306
"5755",-19.375,-58.8125,437
"5756",-19.375,-58.6875,337
"5757",-19.375,-58.5625,271
"5758",-19.375,-58.4375,223
"5759",-19.375,-58.3125,251
"5760",-19.375,-58.1875,185
"5761",-19.375,-58.0625,209
"5762",-19.375,-57.9375,256
"5763",-19.375,-57.8125,275
"5764",-19.375,-57.6875,399
"5765",-19.375,-57.5625,394
"5766",-19.375,-57.4375,374
"5767",-19.375,-57.3125,337
"5768",-19.375,-57.1875,263
"5769",-19.375,-57.0625,355
"5770",-19.375,-56.9375,364
"5771",-19.375,-56.8125,307
"5772",-19.375,-56.6875,266
"5773",-19.375,-56.5625,340
"5774",-19.375,-56.4375,323
"5775",-19.375,-56.3125,241
"5776",-19.375,-56.1875,194
"5777",-19.375,-56.0625,138
"5778",-19.375,-55.9375,153
"5779",-19.375,-55.8125,146
"5780",-19.375,-55.6875,159
"5781",-19.375,-55.5625,145
"5782",-19.375,-55.4375,153
"5783",-19.375,-55.3125,212
"5784",-19.375,-55.1875,238
"5785",-19.375,-55.0625,248
"5786",-19.375,-54.9375,277
"5787",-19.375,-54.8125,338
"5788",-19.375,-54.6875,296
"5789",-19.375,-54.5625,265
"5790",-19.375,-54.4375,161
"5791",-19.375,-54.3125,133
"5792",-19.375,-54.1875,133
"5793",-19.375,-54.0625,155
"5794",-19.375,-53.9375,82
"5795",-19.375,-53.8125,61
"5796",-19.375,-53.6875,63
"5797",-19.375,-53.5625,49
"5798",-19.375,-53.4375,53
"5799",-19.375,-53.3125,47
"5800",-19.375,-53.1875,101
"5801",-19.375,-53.0625,59
"5802",-19.375,-52.9375,92
"5803",-19.375,-52.8125,105
"5804",-19.375,-52.6875,58
"5805",-19.375,-52.5625,52
"5806",-19.375,-52.4375,82
"5807",-19.375,-52.3125,110
"5808",-19.375,-52.1875,68
"5809",-19.375,-52.0625,75
"5810",-19.375,-51.9375,72
"5811",-19.375,-51.8125,54
"5812",-19.375,-51.6875,47
"5813",-19.375,-51.5625,39
"5814",-19.375,-51.4375,41
"5815",-19.375,-51.3125,34
"5816",-19.375,-51.1875,18
"5817",-19.375,-51.0625,13
"5818",-19.375,-50.9375,10
"5819",-19.375,-50.8125,9
"5820",-19.375,-50.6875,8
"5821",-19.375,-50.3125,1
"5822",-19.375,-50.0625,1
"5823",-19.125,-62.5625,3
"5824",-19.125,-62.4375,3
"5825",-19.125,-62.3125,37
"5826",-19.125,-62.1875,34
"5827",-19.125,-62.0625,22
"5828",-19.125,-61.9375,28
"5829",-19.125,-61.8125,65
"5830",-19.125,-61.6875,182
"5831",-19.125,-61.5625,242
"5832",-19.125,-61.4375,333
"5833",-19.125,-61.3125,630
"5834",-19.125,-61.1875,1015
"5835",-19.125,-61.0625,1524
"5836",-19.125,-60.9375,1089
"5837",-19.125,-60.8125,1370
"5838",-19.125,-60.6875,657
"5839",-19.125,-60.5625,207
"5840",-19.125,-60.4375,166
"5841",-19.125,-60.3125,188
"5842",-19.125,-60.1875,150
"5843",-19.125,-60.0625,176
"5844",-19.125,-59.9375,185
"5845",-19.125,-59.8125,74
"5846",-19.125,-59.6875,86
"5847",-19.125,-59.5625,179
"5848",-19.125,-59.4375,306
"5849",-19.125,-59.3125,262
"5850",-19.125,-59.1875,208
"5851",-19.125,-59.0625,222
"5852",-19.125,-58.9375,329
"5853",-19.125,-58.8125,439
"5854",-19.125,-58.6875,293
"5855",-19.125,-58.5625,243
"5856",-19.125,-58.4375,185
"5857",-19.125,-58.3125,238
"5858",-19.125,-58.1875,190
"5859",-19.125,-58.0625,226
"5860",-19.125,-57.9375,279
"5861",-19.125,-57.8125,273
"5862",-19.125,-57.6875,407
"5863",-19.125,-57.5625,370
"5864",-19.125,-57.4375,334
"5865",-19.125,-57.3125,340
"5866",-19.125,-57.1875,301
"5867",-19.125,-57.0625,327
"5868",-19.125,-56.9375,329
"5869",-19.125,-56.8125,298
"5870",-19.125,-56.6875,232
"5871",-19.125,-56.5625,250
"5872",-19.125,-56.4375,232
"5873",-19.125,-56.3125,194
"5874",-19.125,-56.1875,180
"5875",-19.125,-56.0625,165
"5876",-19.125,-55.9375,177
"5877",-19.125,-55.8125,137
"5878",-19.125,-55.6875,161
"5879",-19.125,-55.5625,155
"5880",-19.125,-55.4375,161
"5881",-19.125,-55.3125,262
"5882",-19.125,-55.1875,204
"5883",-19.125,-55.0625,250
"5884",-19.125,-54.9375,310
"5885",-19.125,-54.8125,274
"5886",-19.125,-54.6875,302
"5887",-19.125,-54.5625,238
"5888",-19.125,-54.4375,160
"5889",-19.125,-54.3125,135
"5890",-19.125,-54.1875,141
"5891",-19.125,-54.0625,113
"5892",-19.125,-53.9375,89
"5893",-19.125,-53.8125,85
"5894",-19.125,-53.6875,107
"5895",-19.125,-53.5625,77
"5896",-19.125,-53.4375,66
"5897",-19.125,-53.3125,67
"5898",-19.125,-53.1875,71
"5899",-19.125,-53.0625,88
"5900",-19.125,-52.9375,80
"5901",-19.125,-52.8125,65
"5902",-19.125,-52.6875,69
"5903",-19.125,-52.5625,64
"5904",-19.125,-52.4375,40
"5905",-19.125,-52.3125,67
"5906",-19.125,-52.1875,66
"5907",-19.125,-52.0625,77
"5908",-19.125,-51.9375,50
"5909",-19.125,-51.8125,35
"5910",-19.125,-51.6875,35
"5911",-19.125,-51.5625,24
"5912",-19.125,-51.4375,14
"5913",-19.125,-51.3125,17
"5914",-19.125,-51.1875,20
"5915",-19.125,-51.0625,19
"5916",-19.125,-50.9375,12
"5917",-19.125,-50.8125,5
"5918",-19.125,-50.6875,7
"5919",-19.125,-50.3125,4
"5920",-19.125,-50.1875,3
"5921",-19.125,-50.0625,3
"5922",-18.875,-62.5625,8
"5923",-18.875,-62.3125,41
"5924",-18.875,-62.1875,16
"5925",-18.875,-62.0625,15
"5926",-18.875,-61.9375,14
"5927",-18.875,-61.8125,32
"5928",-18.875,-61.6875,86
"5929",-18.875,-61.5625,256
"5930",-18.875,-61.4375,304
"5931",-18.875,-61.3125,291
"5932",-18.875,-61.1875,432
"5933",-18.875,-61.0625,1363
"5934",-18.875,-60.9375,1944
"5935",-18.875,-60.8125,1406
"5936",-18.875,-60.6875,576
"5937",-18.875,-60.5625,265
"5938",-18.875,-60.4375,207
"5939",-18.875,-60.3125,157
"5940",-18.875,-60.1875,146
"5941",-18.875,-60.0625,171
"5942",-18.875,-59.9375,125
"5943",-18.875,-59.8125,179
"5944",-18.875,-59.6875,75
"5945",-18.875,-59.5625,130
"5946",-18.875,-59.4375,123
"5947",-18.875,-59.3125,139
"5948",-18.875,-59.1875,196
"5949",-18.875,-59.0625,274
"5950",-18.875,-58.9375,328
"5951",-18.875,-58.8125,488
"5952",-18.875,-58.6875,291
"5953",-18.875,-58.5625,184
"5954",-18.875,-58.4375,172
"5955",-18.875,-58.3125,260
"5956",-18.875,-58.1875,264
"5957",-18.875,-58.0625,318
"5958",-18.875,-57.9375,356
"5959",-18.875,-57.8125,345
"5960",-18.875,-57.6875,288
"5961",-18.875,-57.5625,270
"5962",-18.875,-57.4375,246
"5963",-18.875,-57.3125,344
"5964",-18.875,-57.1875,374
"5965",-18.875,-57.0625,298
"5966",-18.875,-56.9375,299
"5967",-18.875,-56.8125,295
"5968",-18.875,-56.6875,228
"5969",-18.875,-56.5625,216
"5970",-18.875,-56.4375,180
"5971",-18.875,-56.3125,163
"5972",-18.875,-56.1875,145
"5973",-18.875,-56.0625,171
"5974",-18.875,-55.9375,199
"5975",-18.875,-55.8125,164
"5976",-18.875,-55.6875,170
"5977",-18.875,-55.5625,184
"5978",-18.875,-55.4375,197
"5979",-18.875,-55.3125,232
"5980",-18.875,-55.1875,222
"5981",-18.875,-55.0625,251
"5982",-18.875,-54.9375,288
"5983",-18.875,-54.8125,309
"5984",-18.875,-54.6875,320
"5985",-18.875,-54.5625,236
"5986",-18.875,-54.4375,228
"5987",-18.875,-54.3125,168
"5988",-18.875,-54.1875,138
"5989",-18.875,-54.0625,130
"5990",-18.875,-53.9375,88
"5991",-18.875,-53.8125,98
"5992",-18.875,-53.6875,75
"5993",-18.875,-53.5625,84
"5994",-18.875,-53.4375,78
"5995",-18.875,-53.3125,72
"5996",-18.875,-53.1875,63
"5997",-18.875,-53.0625,91
"5998",-18.875,-52.9375,86
"5999",-18.875,-52.8125,57
"6000",-18.875,-52.6875,39
"6001",-18.875,-52.5625,46
"6002",-18.875,-52.4375,37
"6003",-18.875,-52.3125,47
"6004",-18.875,-52.1875,55
"6005",-18.875,-52.0625,73
"6006",-18.875,-51.9375,46
"6007",-18.875,-51.8125,33
"6008",-18.875,-51.6875,38
"6009",-18.875,-51.5625,15
"6010",-18.875,-51.4375,13
"6011",-18.875,-51.3125,8
"6012",-18.875,-51.1875,13
"6013",-18.875,-51.0625,15
"6014",-18.875,-50.9375,19
"6015",-18.875,-50.8125,27
"6016",-18.875,-50.6875,22
"6017",-18.875,-50.5625,5
"6018",-18.875,-50.4375,4
"6019",-18.875,-50.3125,2
"6020",-18.875,-50.1875,1
"6021",-18.875,-50.0625,3
"6022",-18.625,-62.5625,5
"6023",-18.625,-62.4375,2
"6024",-18.625,-62.3125,32
"6025",-18.625,-62.1875,42
"6026",-18.625,-62.0625,5
"6027",-18.625,-61.9375,4
"6028",-18.625,-61.8125,7
"6029",-18.625,-61.6875,50
"6030",-18.625,-61.5625,167
"6031",-18.625,-61.4375,259
"6032",-18.625,-61.3125,226
"6033",-18.625,-61.1875,445
"6034",-18.625,-61.0625,805
"6035",-18.625,-60.9375,1163
"6036",-18.625,-60.8125,1295
"6037",-18.625,-60.6875,704
"6038",-18.625,-60.5625,366
"6039",-18.625,-60.4375,218
"6040",-18.625,-60.3125,215
"6041",-18.625,-60.1875,168
"6042",-18.625,-60.0625,191
"6043",-18.625,-59.9375,128
"6044",-18.625,-59.8125,238
"6045",-18.625,-59.6875,164
"6046",-18.625,-59.5625,118
"6047",-18.625,-59.4375,61
"6048",-18.625,-59.3125,83
"6049",-18.625,-59.1875,98
"6050",-18.625,-59.0625,249
"6051",-18.625,-58.9375,345
"6052",-18.625,-58.8125,481
"6053",-18.625,-58.6875,258
"6054",-18.625,-58.5625,209
"6055",-18.625,-58.4375,199
"6056",-18.625,-58.3125,259
"6057",-18.625,-58.1875,297
"6058",-18.625,-58.0625,340
"6059",-18.625,-57.9375,305
"6060",-18.625,-57.8125,249
"6061",-18.625,-57.6875,205
"6062",-18.625,-57.5625,186
"6063",-18.625,-57.4375,214
"6064",-18.625,-57.3125,264
"6065",-18.625,-57.1875,282
"6066",-18.625,-57.0625,231
"6067",-18.625,-56.9375,257
"6068",-18.625,-56.8125,243
"6069",-18.625,-56.6875,229
"6070",-18.625,-56.5625,205
"6071",-18.625,-56.4375,169
"6072",-18.625,-56.3125,142
"6073",-18.625,-56.1875,160
"6074",-18.625,-56.0625,194
"6075",-18.625,-55.9375,196
"6076",-18.625,-55.8125,196
"6077",-18.625,-55.6875,199
"6078",-18.625,-55.5625,186
"6079",-18.625,-55.4375,238
"6080",-18.625,-55.3125,260
"6081",-18.625,-55.1875,270
"6082",-18.625,-55.0625,200
"6083",-18.625,-54.9375,218
"6084",-18.625,-54.8125,264
"6085",-18.625,-54.6875,271
"6086",-18.625,-54.5625,261
"6087",-18.625,-54.4375,190
"6088",-18.625,-54.3125,189
"6089",-18.625,-54.1875,167
"6090",-18.625,-54.0625,127
"6091",-18.625,-53.9375,122
"6092",-18.625,-53.8125,106
"6093",-18.625,-53.6875,94
"6094",-18.625,-53.5625,91
"6095",-18.625,-53.4375,86
"6096",-18.625,-53.3125,86
"6097",-18.625,-53.1875,80
"6098",-18.625,-53.0625,90
"6099",-18.625,-52.9375,112
"6100",-18.625,-52.8125,75
"6101",-18.625,-52.6875,58
"6102",-18.625,-52.5625,52
"6103",-18.625,-52.4375,46
"6104",-18.625,-52.3125,58
"6105",-18.625,-52.1875,39
"6106",-18.625,-52.0625,58
"6107",-18.625,-51.9375,50
"6108",-18.625,-51.8125,28
"6109",-18.625,-51.6875,23
"6110",-18.625,-51.5625,30
"6111",-18.625,-51.4375,9
"6112",-18.625,-51.3125,14
"6113",-18.625,-51.1875,8
"6114",-18.625,-51.0625,10
"6115",-18.625,-50.9375,15
"6116",-18.625,-50.8125,27
"6117",-18.625,-50.6875,4
"6118",-18.625,-50.5625,4
"6119",-18.625,-50.4375,1
"6120",-18.625,-50.0625,7
"6121",-18.375,-62.4375,4
"6122",-18.375,-62.3125,27
"6123",-18.375,-62.1875,12
"6124",-18.375,-62.0625,9
"6125",-18.375,-61.9375,8
"6126",-18.375,-61.6875,30
"6127",-18.375,-61.5625,81
"6128",-18.375,-61.4375,164
"6129",-18.375,-61.3125,249
"6130",-18.375,-61.1875,441
"6131",-18.375,-61.0625,534
"6132",-18.375,-60.9375,386
"6133",-18.375,-60.8125,657
"6134",-18.375,-60.6875,925
"6135",-18.375,-60.5625,360
"6136",-18.375,-60.4375,266
"6137",-18.375,-60.3125,326
"6138",-18.375,-60.1875,261
"6139",-18.375,-60.0625,226
"6140",-18.375,-59.9375,236
"6141",-18.375,-59.8125,205
"6142",-18.375,-59.6875,199
"6143",-18.375,-59.5625,149
"6144",-18.375,-59.4375,99
"6145",-18.375,-59.3125,49
"6146",-18.375,-59.1875,51
"6147",-18.375,-59.0625,200
"6148",-18.375,-58.9375,270
"6149",-18.375,-58.8125,320
"6150",-18.375,-58.6875,249
"6151",-18.375,-58.5625,215
"6152",-18.375,-58.4375,253
"6153",-18.375,-58.3125,260
"6154",-18.375,-58.1875,300
"6155",-18.375,-58.0625,293
"6156",-18.375,-57.9375,263
"6157",-18.375,-57.8125,239
"6158",-18.375,-57.6875,253
"6159",-18.375,-57.5625,245
"6160",-18.375,-57.4375,232
"6161",-18.375,-57.3125,256
"6162",-18.375,-57.1875,239
"6163",-18.375,-57.0625,226
"6164",-18.375,-56.9375,235
"6165",-18.375,-56.8125,217
"6166",-18.375,-56.6875,190
"6167",-18.375,-56.5625,189
"6168",-18.375,-56.4375,149
"6169",-18.375,-56.3125,134
"6170",-18.375,-56.1875,182
"6171",-18.375,-56.0625,159
"6172",-18.375,-55.9375,163
"6173",-18.375,-55.8125,205
"6174",-18.375,-55.6875,188
"6175",-18.375,-55.5625,182
"6176",-18.375,-55.4375,204
"6177",-18.375,-55.3125,195
"6178",-18.375,-55.1875,215
"6179",-18.375,-55.0625,182
"6180",-18.375,-54.9375,207
"6181",-18.375,-54.8125,263
"6182",-18.375,-54.6875,232
"6183",-18.375,-54.5625,236
"6184",-18.375,-54.4375,214
"6185",-18.375,-54.3125,184
"6186",-18.375,-54.1875,172
"6187",-18.375,-54.0625,171
"6188",-18.375,-53.9375,140
"6189",-18.375,-53.8125,137
"6190",-18.375,-53.6875,111
"6191",-18.375,-53.5625,116
"6192",-18.375,-53.4375,112
"6193",-18.375,-53.3125,88
"6194",-18.375,-53.1875,102
"6195",-18.375,-53.0625,115
"6196",-18.375,-52.9375,106
"6197",-18.375,-52.8125,91
"6198",-18.375,-52.6875,85
"6199",-18.375,-52.5625,54
"6200",-18.375,-52.4375,44
"6201",-18.375,-52.3125,39
"6202",-18.375,-52.1875,26
"6203",-18.375,-52.0625,34
"6204",-18.375,-51.9375,42
"6205",-18.375,-51.8125,15
"6206",-18.375,-51.6875,21
"6207",-18.375,-51.5625,13
"6208",-18.375,-51.4375,15
"6209",-18.375,-51.3125,6
"6210",-18.375,-51.1875,7
"6211",-18.375,-51.0625,7
"6212",-18.375,-50.9375,8
"6213",-18.375,-50.6875,1
"6214",-18.375,-50.5625,4
"6215",-18.375,-50.4375,1
"6216",-18.375,-50.3125,6
"6217",-18.375,-50.1875,4
"6218",-18.375,-50.0625,1
"6219",-18.125,-62.4375,4
"6220",-18.125,-62.3125,4
"6221",-18.125,-62.1875,10
"6222",-18.125,-62.0625,4
"6223",-18.125,-61.9375,3
"6224",-18.125,-61.6875,10
"6225",-18.125,-61.5625,60
"6226",-18.125,-61.4375,64
"6227",-18.125,-61.3125,108
"6228",-18.125,-61.1875,297
"6229",-18.125,-61.0625,456
"6230",-18.125,-60.9375,255
"6231",-18.125,-60.8125,296
"6232",-18.125,-60.6875,934
"6233",-18.125,-60.5625,620
"6234",-18.125,-60.4375,450
"6235",-18.125,-60.3125,447
"6236",-18.125,-60.1875,445
"6237",-18.125,-60.0625,296
"6238",-18.125,-59.9375,267
"6239",-18.125,-59.8125,205
"6240",-18.125,-59.6875,179
"6241",-18.125,-59.5625,211
"6242",-18.125,-59.4375,155
"6243",-18.125,-59.3125,93
"6244",-18.125,-59.1875,60
"6245",-18.125,-59.0625,122
"6246",-18.125,-58.9375,239
"6247",-18.125,-58.8125,278
"6248",-18.125,-58.6875,224
"6249",-18.125,-58.5625,223
"6250",-18.125,-58.4375,204
"6251",-18.125,-58.3125,260
"6252",-18.125,-58.1875,281
"6253",-18.125,-58.0625,291
"6254",-18.125,-57.9375,193
"6255",-18.125,-57.8125,205
"6256",-18.125,-57.6875,198
"6257",-18.125,-57.5625,232
"6258",-18.125,-57.4375,251
"6259",-18.125,-57.3125,255
"6260",-18.125,-57.1875,277
"6261",-18.125,-57.0625,261
"6262",-18.125,-56.9375,225
"6263",-18.125,-56.8125,261
"6264",-18.125,-56.6875,217
"6265",-18.125,-56.5625,225
"6266",-18.125,-56.4375,176
"6267",-18.125,-56.3125,156
"6268",-18.125,-56.1875,129
"6269",-18.125,-56.0625,139
"6270",-18.125,-55.9375,194
"6271",-18.125,-55.8125,206
"6272",-18.125,-55.6875,170
"6273",-18.125,-55.5625,140
"6274",-18.125,-55.4375,167
"6275",-18.125,-55.3125,184
"6276",-18.125,-55.1875,173
"6277",-18.125,-55.0625,173
"6278",-18.125,-54.9375,218
"6279",-18.125,-54.8125,185
"6280",-18.125,-54.6875,222
"6281",-18.125,-54.5625,153
"6282",-18.125,-54.4375,192
"6283",-18.125,-54.3125,187
"6284",-18.125,-54.1875,191
"6285",-18.125,-54.0625,175
"6286",-18.125,-53.9375,168
"6287",-18.125,-53.8125,149
"6288",-18.125,-53.6875,189
"6289",-18.125,-53.5625,140
"6290",-18.125,-53.4375,92
"6291",-18.125,-53.3125,100
"6292",-18.125,-53.1875,120
"6293",-18.125,-53.0625,157
"6294",-18.125,-52.9375,125
"6295",-18.125,-52.8125,110
"6296",-18.125,-52.6875,85
"6297",-18.125,-52.5625,54
"6298",-18.125,-52.4375,50
"6299",-18.125,-52.3125,26
"6300",-18.125,-52.1875,34
"6301",-18.125,-52.0625,29
"6302",-18.125,-51.9375,17
"6303",-18.125,-51.8125,17
"6304",-18.125,-51.6875,13
"6305",-18.125,-51.5625,12
"6306",-18.125,-51.4375,16
"6307",-18.125,-51.3125,4
"6308",-18.125,-51.1875,10
"6309",-18.125,-51.0625,9
"6310",-18.125,-50.9375,11
"6311",-18.125,-50.8125,5
"6312",-18.125,-50.6875,3
"6313",-18.125,-50.5625,5
"6314",-18.125,-50.4375,7
"6315",-18.125,-50.3125,9
"6316",-18.125,-50.1875,7
"6317",-18.125,-50.0625,6
"6318",-17.875,-61.6875,3
"6319",-17.875,-61.5625,21
"6320",-17.875,-61.4375,30
"6321",-17.875,-61.3125,47
"6322",-17.875,-61.1875,158
"6323",-17.875,-61.0625,276
"6324",-17.875,-60.9375,260
"6325",-17.875,-60.8125,213
"6326",-17.875,-60.6875,598
"6327",-17.875,-60.5625,591
"6328",-17.875,-60.4375,502
"6329",-17.875,-60.3125,504
"6330",-17.875,-60.1875,473
"6331",-17.875,-60.0625,458
"6332",-17.875,-59.9375,394
"6333",-17.875,-59.8125,242
"6334",-17.875,-59.6875,173
"6335",-17.875,-59.5625,178
"6336",-17.875,-59.4375,181
"6337",-17.875,-59.3125,134
"6338",-17.875,-59.1875,88
"6339",-17.875,-59.0625,138
"6340",-17.875,-58.9375,218
"6341",-17.875,-58.8125,227
"6342",-17.875,-58.6875,227
"6343",-17.875,-58.5625,228
"6344",-17.875,-58.4375,257
"6345",-17.875,-58.3125,206
"6346",-17.875,-58.1875,231
"6347",-17.875,-58.0625,213
"6348",-17.875,-57.9375,196
"6349",-17.875,-57.8125,179
"6350",-17.875,-57.6875,202
"6351",-17.875,-57.5625,238
"6352",-17.875,-57.4375,270
"6353",-17.875,-57.3125,287
"6354",-17.875,-57.1875,291
"6355",-17.875,-57.0625,251
"6356",-17.875,-56.9375,234
"6357",-17.875,-56.8125,273
"6358",-17.875,-56.6875,218
"6359",-17.875,-56.5625,154
"6360",-17.875,-56.4375,161
"6361",-17.875,-56.3125,145
"6362",-17.875,-56.1875,142
"6363",-17.875,-56.0625,144
"6364",-17.875,-55.9375,193
"6365",-17.875,-55.8125,146
"6366",-17.875,-55.6875,164
"6367",-17.875,-55.5625,168
"6368",-17.875,-55.4375,157
"6369",-17.875,-55.3125,161
"6370",-17.875,-55.1875,152
"6371",-17.875,-55.0625,172
"6372",-17.875,-54.9375,190
"6373",-17.875,-54.8125,169
"6374",-17.875,-54.6875,184
"6375",-17.875,-54.5625,182
"6376",-17.875,-54.4375,228
"6377",-17.875,-54.3125,211
"6378",-17.875,-54.1875,159
"6379",-17.875,-54.0625,137
"6380",-17.875,-53.9375,152
"6381",-17.875,-53.8125,164
"6382",-17.875,-53.6875,144
"6383",-17.875,-53.5625,84
"6384",-17.875,-53.4375,74
"6385",-17.875,-53.3125,97
"6386",-17.875,-53.1875,115
"6387",-17.875,-53.0625,94
"6388",-17.875,-52.9375,97
"6389",-17.875,-52.8125,116
"6390",-17.875,-52.6875,88
"6391",-17.875,-52.5625,54
"6392",-17.875,-52.4375,41
"6393",-17.875,-52.3125,30
"6394",-17.875,-52.1875,34
"6395",-17.875,-52.0625,26
"6396",-17.875,-51.9375,24
"6397",-17.875,-51.8125,13
"6398",-17.875,-51.6875,23
"6399",-17.875,-51.5625,14
"6400",-17.875,-51.4375,10
"6401",-17.875,-51.3125,11
"6402",-17.875,-51.1875,15
"6403",-17.875,-51.0625,16
"6404",-17.875,-50.9375,10
"6405",-17.875,-50.8125,10
"6406",-17.875,-50.6875,5
"6407",-17.875,-50.5625,1
"6408",-17.875,-50.4375,8
"6409",-17.625,-61.5625,15
"6410",-17.625,-61.4375,8
"6411",-17.625,-61.3125,14
"6412",-17.625,-61.1875,54
"6413",-17.625,-61.0625,159
"6414",-17.625,-60.9375,137
"6415",-17.625,-60.8125,126
"6416",-17.625,-60.6875,233
"6417",-17.625,-60.5625,458
"6418",-17.625,-60.4375,458
"6419",-17.625,-60.3125,327
"6420",-17.625,-60.1875,315
"6421",-17.625,-60.0625,345
"6422",-17.625,-59.9375,346
"6423",-17.625,-59.8125,389
"6424",-17.625,-59.6875,184
"6425",-17.625,-59.5625,122
"6426",-17.625,-59.4375,124
"6427",-17.625,-59.3125,132
"6428",-17.625,-59.1875,109
"6429",-17.625,-59.0625,95
"6430",-17.625,-58.9375,172
"6431",-17.625,-58.8125,243
"6432",-17.625,-58.6875,272
"6433",-17.625,-58.5625,238
"6434",-17.625,-58.4375,254
"6435",-17.625,-58.3125,224
"6436",-17.625,-58.1875,270
"6437",-17.625,-58.0625,225
"6438",-17.625,-57.9375,178
"6439",-17.625,-57.8125,232
"6440",-17.625,-57.6875,226
"6441",-17.625,-57.5625,273
"6442",-17.625,-57.4375,281
"6443",-17.625,-57.3125,275
"6444",-17.625,-57.1875,264
"6445",-17.625,-57.0625,221
"6446",-17.625,-56.9375,238
"6447",-17.625,-56.8125,186
"6448",-17.625,-56.6875,185
"6449",-17.625,-56.5625,185
"6450",-17.625,-56.4375,191
"6451",-17.625,-56.3125,140
"6452",-17.625,-56.1875,154
"6453",-17.625,-56.0625,141
"6454",-17.625,-55.9375,135
"6455",-17.625,-55.8125,128
"6456",-17.625,-55.6875,166
"6457",-17.625,-55.5625,126
"6458",-17.625,-55.4375,142
"6459",-17.625,-55.3125,154
"6460",-17.625,-55.1875,152
"6461",-17.625,-55.0625,162
"6462",-17.625,-54.9375,181
"6463",-17.625,-54.8125,137
"6464",-17.625,-54.6875,160
"6465",-17.625,-54.5625,196
"6466",-17.625,-54.4375,216
"6467",-17.625,-54.3125,185
"6468",-17.625,-54.1875,166
"6469",-17.625,-54.0625,121
"6470",-17.625,-53.9375,152
"6471",-17.625,-53.8125,146
"6472",-17.625,-53.6875,136
"6473",-17.625,-53.5625,87
"6474",-17.625,-53.4375,72
"6475",-17.625,-53.3125,82
"6476",-17.625,-53.1875,113
"6477",-17.625,-53.0625,116
"6478",-17.625,-52.9375,112
"6479",-17.625,-52.8125,123
"6480",-17.625,-52.6875,88
"6481",-17.625,-52.5625,57
"6482",-17.625,-52.4375,58
"6483",-17.625,-52.3125,30
"6484",-17.625,-52.1875,19
"6485",-17.625,-52.0625,18
"6486",-17.625,-51.9375,28
"6487",-17.625,-51.8125,10
"6488",-17.625,-51.6875,16
"6489",-17.625,-51.5625,9
"6490",-17.625,-51.4375,10
"6491",-17.625,-51.3125,12
"6492",-17.625,-51.1875,9
"6493",-17.625,-51.0625,11
"6494",-17.625,-50.9375,8
"6495",-17.625,-50.8125,5
"6496",-17.625,-50.6875,10
"6497",-17.625,-50.5625,8
"6498",-17.625,-50.4375,3
"6499",-17.625,-50.3125,5
"6500",-17.625,-50.0625,2
"6501",-17.375,-61.1875,8
"6502",-17.375,-61.0625,30
"6503",-17.375,-60.9375,96
"6504",-17.375,-60.8125,79
"6505",-17.375,-60.6875,177
"6506",-17.375,-60.5625,349
"6507",-17.375,-60.4375,399
"6508",-17.375,-60.3125,321
"6509",-17.375,-60.1875,223
"6510",-17.375,-60.0625,179
"6511",-17.375,-59.9375,276
"6512",-17.375,-59.8125,326
"6513",-17.375,-59.6875,204
"6514",-17.375,-59.5625,171
"6515",-17.375,-59.4375,121
"6516",-17.375,-59.3125,131
"6517",-17.375,-59.1875,135
"6518",-17.375,-59.0625,338
"6519",-17.375,-58.9375,413
"6520",-17.375,-58.8125,273
"6521",-17.375,-58.6875,267
"6522",-17.375,-58.5625,211
"6523",-17.375,-58.4375,203
"6524",-17.375,-58.3125,183
"6525",-17.375,-58.1875,168
"6526",-17.375,-58.0625,227
"6527",-17.375,-57.9375,220
"6528",-17.375,-57.8125,271
"6529",-17.375,-57.6875,266
"6530",-17.375,-57.5625,301
"6531",-17.375,-57.4375,248
"6532",-17.375,-57.3125,214
"6533",-17.375,-57.1875,270
"6534",-17.375,-57.0625,266
"6535",-17.375,-56.9375,227
"6536",-17.375,-56.8125,167
"6537",-17.375,-56.6875,169
"6538",-17.375,-56.5625,206
"6539",-17.375,-56.4375,174
"6540",-17.375,-56.3125,170
"6541",-17.375,-56.1875,164
"6542",-17.375,-56.0625,130
"6543",-17.375,-55.9375,114
"6544",-17.375,-55.8125,118
"6545",-17.375,-55.6875,153
"6546",-17.375,-55.5625,119
"6547",-17.375,-55.4375,135
"6548",-17.375,-55.3125,141
"6549",-17.375,-55.1875,145
"6550",-17.375,-55.0625,158
"6551",-17.375,-54.9375,160
"6552",-17.375,-54.8125,113
"6553",-17.375,-54.6875,145
"6554",-17.375,-54.5625,178
"6555",-17.375,-54.4375,187
"6556",-17.375,-54.3125,151
"6557",-17.375,-54.1875,108
"6558",-17.375,-54.0625,120
"6559",-17.375,-53.9375,158
"6560",-17.375,-53.8125,143
"6561",-17.375,-53.6875,97
"6562",-17.375,-53.5625,75
"6563",-17.375,-53.4375,80
"6564",-17.375,-53.3125,90
"6565",-17.375,-53.1875,129
"6566",-17.375,-53.0625,135
"6567",-17.375,-52.9375,150
"6568",-17.375,-52.8125,110
"6569",-17.375,-52.6875,96
"6570",-17.375,-52.5625,46
"6571",-17.375,-52.4375,50
"6572",-17.375,-52.3125,25
"6573",-17.375,-52.1875,15
"6574",-17.375,-52.0625,21
"6575",-17.375,-51.9375,19
"6576",-17.375,-51.8125,25
"6577",-17.375,-51.6875,8
"6578",-17.375,-51.5625,11
"6579",-17.375,-51.4375,14
"6580",-17.375,-51.3125,13
"6581",-17.375,-51.1875,15
"6582",-17.375,-51.0625,20
"6583",-17.375,-50.9375,18
"6584",-17.375,-50.8125,9
"6585",-17.375,-50.6875,2
"6586",-17.375,-50.5625,8
"6587",-17.375,-50.4375,8
"6588",-17.375,-50.3125,8
"6589",-17.375,-50.1875,10
"6590",-17.375,-50.0625,4
"6591",-17.125,-61.0625,2
"6592",-17.125,-60.9375,48
"6593",-17.125,-60.8125,59
"6594",-17.125,-60.6875,147
"6595",-17.125,-60.5625,230
"6596",-17.125,-60.4375,368
"6597",-17.125,-60.3125,223
"6598",-17.125,-60.1875,232
"6599",-17.125,-60.0625,158
"6600",-17.125,-59.9375,185
"6601",-17.125,-59.8125,301
"6602",-17.125,-59.6875,244
"6603",-17.125,-59.5625,164
"6604",-17.125,-59.4375,190
"6605",-17.125,-59.3125,125
"6606",-17.125,-59.1875,1086
"6607",-17.125,-59.0625,831
"6608",-17.125,-58.9375,661
"6609",-17.125,-58.8125,233
"6610",-17.125,-58.6875,231
"6611",-17.125,-58.5625,187
"6612",-17.125,-58.4375,169
"6613",-17.125,-58.3125,159
"6614",-17.125,-58.1875,136
"6615",-17.125,-58.0625,143
"6616",-17.125,-57.9375,188
"6617",-17.125,-57.8125,245
"6618",-17.125,-57.6875,222
"6619",-17.125,-57.5625,232
"6620",-17.125,-57.4375,210
"6621",-17.125,-57.3125,276
"6622",-17.125,-57.1875,314
"6623",-17.125,-57.0625,300
"6624",-17.125,-56.9375,207
"6625",-17.125,-56.8125,219
"6626",-17.125,-56.6875,204
"6627",-17.125,-56.5625,192
"6628",-17.125,-56.4375,178
"6629",-17.125,-56.3125,180
"6630",-17.125,-56.1875,121
"6631",-17.125,-56.0625,113
"6632",-17.125,-55.9375,128
"6633",-17.125,-55.8125,120
"6634",-17.125,-55.6875,123
"6635",-17.125,-55.5625,123
"6636",-17.125,-55.4375,141
"6637",-17.125,-55.3125,135
"6638",-17.125,-55.1875,128
"6639",-17.125,-55.0625,125
"6640",-17.125,-54.9375,183
"6641",-17.125,-54.8125,141
"6642",-17.125,-54.6875,130
"6643",-17.125,-54.5625,135
"6644",-17.125,-54.4375,152
"6645",-17.125,-54.3125,177
"6646",-17.125,-54.1875,128
"6647",-17.125,-54.0625,106
"6648",-17.125,-53.9375,129
"6649",-17.125,-53.8125,124
"6650",-17.125,-53.6875,141
"6651",-17.125,-53.5625,139
"6652",-17.125,-53.4375,115
"6653",-17.125,-53.3125,103
"6654",-17.125,-53.1875,101
"6655",-17.125,-53.0625,123
"6656",-17.125,-52.9375,102
"6657",-17.125,-52.8125,94
"6658",-17.125,-52.6875,88
"6659",-17.125,-52.5625,77
"6660",-17.125,-52.4375,43
"6661",-17.125,-52.3125,39
"6662",-17.125,-52.1875,27
"6663",-17.125,-52.0625,17
"6664",-17.125,-51.9375,22
"6665",-17.125,-51.8125,22
"6666",-17.125,-51.6875,19
"6667",-17.125,-51.5625,14
"6668",-17.125,-51.4375,17
"6669",-17.125,-51.3125,15
"6670",-17.125,-51.1875,21
"6671",-17.125,-51.0625,16
"6672",-17.125,-50.9375,15
"6673",-17.125,-50.8125,10
"6674",-17.125,-50.6875,1
"6675",-17.125,-50.5625,8
"6676",-17.125,-50.4375,3
"6677",-17.125,-50.3125,4
"6678",-17.125,-50.1875,4
"6679",-16.875,-60.9375,36
"6680",-16.875,-60.8125,59
"6681",-16.875,-60.6875,115
"6682",-16.875,-60.5625,341
"6683",-16.875,-60.4375,201
"6684",-16.875,-60.3125,135
"6685",-16.875,-60.1875,140
"6686",-16.875,-60.0625,184
"6687",-16.875,-59.9375,195
"6688",-16.875,-59.8125,313
"6689",-16.875,-59.6875,280
"6690",-16.875,-59.5625,185
"6691",-16.875,-59.4375,193
"6692",-16.875,-59.3125,132
"6693",-16.875,-59.1875,504
"6694",-16.875,-59.0625,259
"6695",-16.875,-58.9375,225
"6696",-16.875,-58.8125,224
"6697",-16.875,-58.6875,245
"6698",-16.875,-58.5625,212
"6699",-16.875,-58.4375,219
"6700",-16.875,-58.3125,189
"6701",-16.875,-58.1875,126
"6702",-16.875,-58.0625,181
"6703",-16.875,-57.9375,178
"6704",-16.875,-57.8125,201
"6705",-16.875,-57.6875,208
"6706",-16.875,-57.5625,179
"6707",-16.875,-57.4375,257
"6708",-16.875,-57.3125,264
"6709",-16.875,-57.1875,317
"6710",-16.875,-57.0625,247
"6711",-16.875,-56.9375,178
"6712",-16.875,-56.8125,192
"6713",-16.875,-56.6875,188
"6714",-16.875,-56.5625,210
"6715",-16.875,-56.4375,168
"6716",-16.875,-56.3125,166
"6717",-16.875,-56.1875,161
"6718",-16.875,-56.0625,163
"6719",-16.875,-55.9375,192
"6720",-16.875,-55.8125,124
"6721",-16.875,-55.6875,162
"6722",-16.875,-55.5625,139
"6723",-16.875,-55.4375,152
"6724",-16.875,-55.3125,165
"6725",-16.875,-55.1875,113
"6726",-16.875,-55.0625,174
"6727",-16.875,-54.9375,170
"6728",-16.875,-54.8125,139
"6729",-16.875,-54.6875,145
"6730",-16.875,-54.5625,195
"6731",-16.875,-54.4375,166
"6732",-16.875,-54.3125,195
"6733",-16.875,-54.1875,146
"6734",-16.875,-54.0625,102
"6735",-16.875,-53.9375,126
"6736",-16.875,-53.8125,116
"6737",-16.875,-53.6875,150
"6738",-16.875,-53.5625,100
"6739",-16.875,-53.4375,130
"6740",-16.875,-53.3125,115
"6741",-16.875,-53.1875,91
"6742",-16.875,-53.0625,115
"6743",-16.875,-52.9375,95
"6744",-16.875,-52.8125,80
"6745",-16.875,-52.6875,81
"6746",-16.875,-52.5625,83
"6747",-16.875,-52.4375,66
"6748",-16.875,-52.3125,49
"6749",-16.875,-52.1875,47
"6750",-16.875,-52.0625,27
"6751",-16.875,-51.9375,20
"6752",-16.875,-51.8125,18
"6753",-16.875,-51.6875,23
"6754",-16.875,-51.5625,20
"6755",-16.875,-51.4375,23
"6756",-16.875,-51.3125,25
"6757",-16.875,-51.1875,19
"6758",-16.875,-51.0625,19
"6759",-16.875,-50.9375,28
"6760",-16.875,-50.8125,10
"6761",-16.875,-50.6875,1
"6762",-16.875,-50.5625,9
"6763",-16.875,-50.3125,2
"6764",-16.875,-50.1875,7
"6765",-16.875,-50.0625,8
"6766",-16.625,-60.9375,6
"6767",-16.625,-60.8125,45
"6768",-16.625,-60.6875,151
"6769",-16.625,-60.5625,232
"6770",-16.625,-60.4375,187
"6771",-16.625,-60.3125,86
"6772",-16.625,-60.1875,174
"6773",-16.625,-60.0625,126
"6774",-16.625,-59.9375,121
"6775",-16.625,-59.8125,295
"6776",-16.625,-59.6875,293
"6777",-16.625,-59.5625,209
"6778",-16.625,-59.4375,195
"6779",-16.625,-59.3125,175
"6780",-16.625,-59.1875,310
"6781",-16.625,-59.0625,775
"6782",-16.625,-58.9375,370
"6783",-16.625,-58.8125,279
"6784",-16.625,-58.6875,247
"6785",-16.625,-58.5625,218
"6786",-16.625,-58.4375,197
"6787",-16.625,-58.3125,147
"6788",-16.625,-58.1875,173
"6789",-16.625,-58.0625,164
"6790",-16.625,-57.9375,155
"6791",-16.625,-57.8125,145
"6792",-16.625,-57.6875,184
"6793",-16.625,-57.5625,196
"6794",-16.625,-57.4375,247
"6795",-16.625,-57.3125,309
"6796",-16.625,-57.1875,258
"6797",-16.625,-57.0625,221
"6798",-16.625,-56.9375,171
"6799",-16.625,-56.8125,160
"6800",-16.625,-56.6875,150
"6801",-16.625,-56.5625,174
"6802",-16.625,-56.4375,151
"6803",-16.625,-56.3125,98
"6804",-16.625,-56.1875,148
"6805",-16.625,-56.0625,184
"6806",-16.625,-55.9375,155
"6807",-16.625,-55.8125,171
"6808",-16.625,-55.6875,168
"6809",-16.625,-55.5625,181
"6810",-16.625,-55.4375,168
"6811",-16.625,-55.3125,155
"6812",-16.625,-55.1875,116
"6813",-16.625,-55.0625,128
"6814",-16.625,-54.9375,159
"6815",-16.625,-54.8125,179
"6816",-16.625,-54.6875,181
"6817",-16.625,-54.5625,156
"6818",-16.625,-54.4375,167
"6819",-16.625,-54.3125,212
"6820",-16.625,-54.1875,153
"6821",-16.625,-54.0625,112
"6822",-16.625,-53.9375,95
"6823",-16.625,-53.8125,134
"6824",-16.625,-53.6875,118
"6825",-16.625,-53.5625,143
"6826",-16.625,-53.4375,144
"6827",-16.625,-53.3125,121
"6828",-16.625,-53.1875,107
"6829",-16.625,-53.0625,104
"6830",-16.625,-52.9375,97
"6831",-16.625,-52.8125,106
"6832",-16.625,-52.6875,96
"6833",-16.625,-52.5625,73
"6834",-16.625,-52.4375,56
"6835",-16.625,-52.3125,63
"6836",-16.625,-52.1875,63
"6837",-16.625,-52.0625,42
"6838",-16.625,-51.9375,49
"6839",-16.625,-51.8125,36
"6840",-16.625,-51.6875,25
"6841",-16.625,-51.5625,50
"6842",-16.625,-51.4375,26
"6843",-16.625,-51.3125,24
"6844",-16.625,-51.1875,22
"6845",-16.625,-51.0625,22
"6846",-16.625,-50.9375,27
"6847",-16.625,-50.8125,19
"6848",-16.625,-50.6875,7
"6849",-16.625,-50.5625,7
"6850",-16.625,-50.1875,4
"6851",-16.625,-50.0625,2
"6852",-16.375,-60.9375,18
"6853",-16.375,-60.8125,55
"6854",-16.375,-60.6875,80
"6855",-16.375,-60.5625,46
"6856",-16.375,-60.4375,152
"6857",-16.375,-60.3125,81
"6858",-16.375,-60.1875,77
"6859",-16.375,-60.0625,82
"6860",-16.375,-59.9375,91
"6861",-16.375,-59.8125,165
"6862",-16.375,-59.6875,247
"6863",-16.375,-59.5625,286
"6864",-16.375,-59.4375,217
"6865",-16.375,-59.3125,196
"6866",-16.375,-59.1875,996
"6867",-16.375,-59.0625,1085
"6868",-16.375,-58.9375,4335
"6869",-16.375,-58.8125,1978
"6870",-16.375,-58.6875,301
"6871",-16.375,-58.5625,223
"6872",-16.375,-58.4375,149
"6873",-16.375,-58.3125,145
"6874",-16.375,-58.1875,169
"6875",-16.375,-58.0625,197
"6876",-16.375,-57.9375,170
"6877",-16.375,-57.8125,152
"6878",-16.375,-57.6875,178
"6879",-16.375,-57.5625,230
"6880",-16.375,-57.4375,289
"6881",-16.375,-57.3125,242
"6882",-16.375,-57.1875,236
"6883",-16.375,-57.0625,186
"6884",-16.375,-56.9375,158
"6885",-16.375,-56.8125,188
"6886",-16.375,-56.6875,232
"6887",-16.375,-56.5625,162
"6888",-16.375,-56.4375,106
"6889",-16.375,-56.3125,143
"6890",-16.375,-56.1875,152
"6891",-16.375,-56.0625,137
"6892",-16.375,-55.9375,147
"6893",-16.375,-55.8125,144
"6894",-16.375,-55.6875,146
"6895",-16.375,-55.5625,156
"6896",-16.375,-55.4375,172
"6897",-16.375,-55.3125,162
"6898",-16.375,-55.1875,132
"6899",-16.375,-55.0625,131
"6900",-16.375,-54.9375,143
"6901",-16.375,-54.8125,158
"6902",-16.375,-54.6875,130
"6903",-16.375,-54.5625,156
"6904",-16.375,-54.4375,175
"6905",-16.375,-54.3125,191
"6906",-16.375,-54.1875,163
"6907",-16.375,-54.0625,147
"6908",-16.375,-53.9375,161
"6909",-16.375,-53.8125,164
"6910",-16.375,-53.6875,146
"6911",-16.375,-53.5625,160
"6912",-16.375,-53.4375,169
"6913",-16.375,-53.3125,133
"6914",-16.375,-53.1875,136
"6915",-16.375,-53.0625,110
"6916",-16.375,-52.9375,100
"6917",-16.375,-52.8125,111
"6918",-16.375,-52.6875,118
"6919",-16.375,-52.5625,77
"6920",-16.375,-52.4375,65
"6921",-16.375,-52.3125,54
"6922",-16.375,-52.1875,67
"6923",-16.375,-52.0625,67
"6924",-16.375,-51.9375,56
"6925",-16.375,-51.8125,46
"6926",-16.375,-51.6875,55
"6927",-16.375,-51.5625,41
"6928",-16.375,-51.4375,26
"6929",-16.375,-51.3125,26
"6930",-16.375,-51.1875,26
"6931",-16.375,-51.0625,21
"6932",-16.375,-50.9375,24
"6933",-16.375,-50.8125,21
"6934",-16.375,-50.6875,12
"6935",-16.125,-60.9375,2
"6936",-16.125,-60.8125,17
"6937",-16.125,-60.6875,40
"6938",-16.125,-60.5625,20
"6939",-16.125,-60.4375,87
"6940",-16.125,-60.3125,66
"6941",-16.125,-60.1875,53
"6942",-16.125,-60.0625,34
"6943",-16.125,-59.9375,42
"6944",-16.125,-59.8125,61
"6945",-16.125,-59.6875,210
"6946",-16.125,-59.5625,243
"6947",-16.125,-59.4375,188
"6948",-16.125,-59.3125,230
"6949",-16.125,-59.1875,614
"6950",-16.125,-59.0625,1270
"6951",-16.125,-58.9375,1036
"6952",-16.125,-58.8125,359
"6953",-16.125,-58.6875,207
"6954",-16.125,-58.5625,201
"6955",-16.125,-58.4375,194
"6956",-16.125,-58.3125,231
"6957",-16.125,-58.1875,155
"6958",-16.125,-58.0625,185
"6959",-16.125,-57.9375,202
"6960",-16.125,-57.8125,169
"6961",-16.125,-57.6875,199
"6962",-16.125,-57.5625,245
"6963",-16.125,-57.4375,238
"6964",-16.125,-57.3125,202
"6965",-16.125,-57.1875,186
"6966",-16.125,-57.0625,168
"6967",-16.125,-56.9375,176
"6968",-16.125,-56.8125,246
"6969",-16.125,-56.6875,243
"6970",-16.125,-56.5625,152
"6971",-16.125,-56.4375,138
"6972",-16.125,-56.3125,138
"6973",-16.125,-56.1875,128
"6974",-16.125,-56.0625,98
"6975",-16.125,-55.9375,134
"6976",-16.125,-55.8125,177
"6977",-16.125,-55.6875,160
"6978",-16.125,-55.5625,122
"6979",-16.125,-55.4375,147
"6980",-16.125,-55.3125,153
"6981",-16.125,-55.1875,122
"6982",-16.125,-55.0625,133
"6983",-16.125,-54.9375,109
"6984",-16.125,-54.8125,125
"6985",-16.125,-54.6875,142
"6986",-16.125,-54.5625,169
"6987",-16.125,-54.4375,152
"6988",-16.125,-54.3125,158
"6989",-16.125,-54.1875,177
"6990",-16.125,-54.0625,165
"6991",-16.125,-53.9375,132
"6992",-16.125,-53.8125,128
"6993",-16.125,-53.6875,162
"6994",-16.125,-53.5625,144
"6995",-16.125,-53.4375,134
"6996",-16.125,-53.3125,171
"6997",-16.125,-53.1875,149
"6998",-16.125,-53.0625,110
"6999",-16.125,-52.9375,101
"7000",-16.125,-52.8125,105
"7001",-16.125,-52.6875,106
"7002",-16.125,-52.5625,110
"7003",-16.125,-52.4375,85
"7004",-16.125,-52.3125,54
"7005",-16.125,-52.1875,58
"7006",-16.125,-52.0625,46
"7007",-16.125,-51.9375,52
"7008",-16.125,-51.8125,33
"7009",-16.125,-51.6875,49
"7010",-16.125,-51.5625,37
"7011",-16.125,-51.4375,23
"7012",-16.125,-51.3125,28
"7013",-16.125,-51.1875,33
"7014",-16.125,-51.0625,38
"7015",-16.125,-50.9375,32
"7016",-16.125,-50.8125,26
"7017",-16.125,-50.6875,17
"7018",-16.125,-50.5625,2
"7019",-16.125,-50.4375,1
"7020",-16.125,-50.3125,1
"7021",-16.125,-50.1875,1
"7022",-16.125,-50.0625,2
"7023",-15.875,-60.6875,8
"7024",-15.875,-60.5625,21
"7025",-15.875,-60.4375,36
"7026",-15.875,-60.3125,76
"7027",-15.875,-60.1875,55
"7028",-15.875,-60.0625,53
"7029",-15.875,-59.9375,47
"7030",-15.875,-59.8125,54
"7031",-15.875,-59.6875,149
"7032",-15.875,-59.5625,208
"7033",-15.875,-59.4375,179
"7034",-15.875,-59.3125,205
"7035",-15.875,-59.1875,474
"7036",-15.875,-59.0625,1088
"7037",-15.875,-58.9375,452
"7038",-15.875,-58.8125,193
"7039",-15.875,-58.6875,186
"7040",-15.875,-58.5625,164
"7041",-15.875,-58.4375,211
"7042",-15.875,-58.3125,228
"7043",-15.875,-58.1875,217
"7044",-15.875,-58.0625,207
"7045",-15.875,-57.9375,164
"7046",-15.875,-57.8125,162
"7047",-15.875,-57.6875,171
"7048",-15.875,-57.5625,217
"7049",-15.875,-57.4375,252
"7050",-15.875,-57.3125,223
"7051",-15.875,-57.1875,218
"7052",-15.875,-57.0625,193
"7053",-15.875,-56.9375,230
"7054",-15.875,-56.8125,237
"7055",-15.875,-56.6875,203
"7056",-15.875,-56.5625,162
"7057",-15.875,-56.4375,114
"7058",-15.875,-56.3125,134
"7059",-15.875,-56.1875,118
"7060",-15.875,-56.0625,114
"7061",-15.875,-55.9375,148
"7062",-15.875,-55.8125,162
"7063",-15.875,-55.6875,186
"7064",-15.875,-55.5625,116
"7065",-15.875,-55.4375,126
"7066",-15.875,-55.3125,177
"7067",-15.875,-55.1875,134
"7068",-15.875,-55.0625,140
"7069",-15.875,-54.9375,141
"7070",-15.875,-54.8125,114
"7071",-15.875,-54.6875,118
"7072",-15.875,-54.5625,155
"7073",-15.875,-54.4375,152
"7074",-15.875,-54.3125,174
"7075",-15.875,-54.1875,152
"7076",-15.875,-54.0625,138
"7077",-15.875,-53.9375,115
"7078",-15.875,-53.8125,127
"7079",-15.875,-53.6875,121
"7080",-15.875,-53.5625,150
"7081",-15.875,-53.4375,164
"7082",-15.875,-53.3125,145
"7083",-15.875,-53.1875,151
"7084",-15.875,-53.0625,117
"7085",-15.875,-52.9375,121
"7086",-15.875,-52.8125,109
"7087",-15.875,-52.6875,114
"7088",-15.875,-52.5625,82
"7089",-15.875,-52.4375,103
"7090",-15.875,-52.3125,76
"7091",-15.875,-52.1875,56
"7092",-15.875,-52.0625,41
"7093",-15.875,-51.9375,45
"7094",-15.875,-51.8125,52
"7095",-15.875,-51.6875,53
"7096",-15.875,-51.5625,36
"7097",-15.875,-51.4375,42
"7098",-15.875,-51.3125,51
"7099",-15.875,-51.1875,23
"7100",-15.875,-51.0625,43
"7101",-15.875,-50.9375,28
"7102",-15.875,-50.8125,38
"7103",-15.875,-50.6875,12
"7104",-15.875,-50.5625,13
"7105",-15.875,-50.4375,4
"7106",-15.875,-50.3125,5
"7107",-15.875,-50.1875,3
"7108",-15.875,-50.0625,4
"7109",-15.625,-60.5625,2
"7110",-15.625,-60.4375,29
"7111",-15.625,-60.3125,34
"7112",-15.625,-60.1875,52
"7113",-15.625,-60.0625,56
"7114",-15.625,-59.9375,56
"7115",-15.625,-59.8125,60
"7116",-15.625,-59.6875,108
"7117",-15.625,-59.5625,185
"7118",-15.625,-59.4375,181
"7119",-15.625,-59.3125,215
"7120",-15.625,-59.1875,456
"7121",-15.625,-59.0625,747
"7122",-15.625,-58.9375,493
"7123",-15.625,-58.8125,214
"7124",-15.625,-58.6875,195
"7125",-15.625,-58.5625,144
"7126",-15.625,-58.4375,199
"7127",-15.625,-58.3125,195
"7128",-15.625,-58.1875,240
"7129",-15.625,-58.0625,234
"7130",-15.625,-57.9375,161
"7131",-15.625,-57.8125,151
"7132",-15.625,-57.6875,215
"7133",-15.625,-57.5625,217
"7134",-15.625,-57.4375,236
"7135",-15.625,-57.3125,230
"7136",-15.625,-57.1875,207
"7137",-15.625,-57.0625,196
"7138",-15.625,-56.9375,228
"7139",-15.625,-56.8125,199
"7140",-15.625,-56.6875,174
"7141",-15.625,-56.5625,103
"7142",-15.625,-56.4375,116
"7143",-15.625,-56.3125,99
"7144",-15.625,-56.1875,93
"7145",-15.625,-56.0625,127
"7146",-15.625,-55.9375,127
"7147",-15.625,-55.8125,128
"7148",-15.625,-55.6875,134
"7149",-15.625,-55.5625,121
"7150",-15.625,-55.4375,131
"7151",-15.625,-55.3125,171
"7152",-15.625,-55.1875,197
"7153",-15.625,-55.0625,123
"7154",-15.625,-54.9375,130
"7155",-15.625,-54.8125,117
"7156",-15.625,-54.6875,135
"7157",-15.625,-54.5625,155
"7158",-15.625,-54.4375,183
"7159",-15.625,-54.3125,178
"7160",-15.625,-54.1875,146
"7161",-15.625,-54.0625,123
"7162",-15.625,-53.9375,117
"7163",-15.625,-53.8125,114
"7164",-15.625,-53.6875,116
"7165",-15.625,-53.5625,141
"7166",-15.625,-53.4375,114
"7167",-15.625,-53.3125,123
"7168",-15.625,-53.1875,95
"7169",-15.625,-53.0625,132
"7170",-15.625,-52.9375,114
"7171",-15.625,-52.8125,75
"7172",-15.625,-52.6875,103
"7173",-15.625,-52.5625,79
"7174",-15.625,-52.4375,102
"7175",-15.625,-52.3125,74
"7176",-15.625,-52.1875,53
"7177",-15.625,-52.0625,55
"7178",-15.625,-51.9375,63
"7179",-15.625,-51.8125,51
"7180",-15.625,-51.6875,54
"7181",-15.625,-51.5625,39
"7182",-15.625,-51.4375,27
"7183",-15.625,-51.3125,33
"7184",-15.625,-51.1875,31
"7185",-15.625,-51.0625,39
"7186",-15.625,-50.9375,29
"7187",-15.625,-50.8125,33
"7188",-15.625,-50.6875,15
"7189",-15.625,-50.5625,10
"7190",-15.625,-50.4375,6
"7191",-15.625,-50.3125,3
"7192",-15.625,-50.1875,2
"7193",-15.375,-60.4375,2
"7194",-15.375,-60.3125,12
"7195",-15.375,-60.1875,31
"7196",-15.375,-60.0625,21
"7197",-15.375,-59.9375,32
"7198",-15.375,-59.8125,39
"7199",-15.375,-59.6875,79
"7200",-15.375,-59.5625,157
"7201",-15.375,-59.4375,176
"7202",-15.375,-59.3125,218
"7203",-15.375,-59.1875,532
"7204",-15.375,-59.0625,694
"7205",-15.375,-58.9375,636
"7206",-15.375,-58.8125,278
"7207",-15.375,-58.6875,198
"7208",-15.375,-58.5625,170
"7209",-15.375,-58.4375,189
"7210",-15.375,-58.3125,145
"7211",-15.375,-58.1875,205
"7212",-15.375,-58.0625,195
"7213",-15.375,-57.9375,202
"7214",-15.375,-57.8125,181
"7215",-15.375,-57.6875,198
"7216",-15.375,-57.5625,221
"7217",-15.375,-57.4375,178
"7218",-15.375,-57.3125,194
"7219",-15.375,-57.1875,227
"7220",-15.375,-57.0625,179
"7221",-15.375,-56.9375,242
"7222",-15.375,-56.8125,212
"7223",-15.375,-56.6875,161
"7224",-15.375,-56.5625,96
"7225",-15.375,-56.4375,105
"7226",-15.375,-56.3125,100
"7227",-15.375,-56.1875,84
"7228",-15.375,-56.0625,146
"7229",-15.375,-55.9375,111
"7230",-15.375,-55.8125,124
"7231",-15.375,-55.6875,109
"7232",-15.375,-55.5625,89
"7233",-15.375,-55.4375,148
"7234",-15.375,-55.3125,114
"7235",-15.375,-55.1875,172
"7236",-15.375,-55.0625,153
"7237",-15.375,-54.9375,144
"7238",-15.375,-54.8125,146
"7239",-15.375,-54.6875,125
"7240",-15.375,-54.5625,147
"7241",-15.375,-54.4375,147
"7242",-15.375,-54.3125,190
"7243",-15.375,-54.1875,129
"7244",-15.375,-54.0625,102
"7245",-15.375,-53.9375,138
"7246",-15.375,-53.8125,119
"7247",-15.375,-53.6875,127
"7248",-15.375,-53.5625,165
"7249",-15.375,-53.4375,120
"7250",-15.375,-53.3125,131
"7251",-15.375,-53.1875,166
"7252",-15.375,-53.0625,119
"7253",-15.375,-52.9375,117
"7254",-15.375,-52.8125,120
"7255",-15.375,-52.6875,121
"7256",-15.375,-52.5625,124
"7257",-15.375,-52.4375,116
"7258",-15.375,-52.3125,85
"7259",-15.375,-52.1875,68
"7260",-15.375,-52.0625,44
"7261",-15.375,-51.9375,54
"7262",-15.375,-51.8125,46
"7263",-15.375,-51.6875,38
"7264",-15.375,-51.5625,40
"7265",-15.375,-51.4375,40
"7266",-15.375,-51.3125,37
"7267",-15.375,-51.1875,35
"7268",-15.375,-51.0625,45
"7269",-15.375,-50.9375,27
"7270",-15.375,-50.8125,27
"7271",-15.375,-50.6875,19
"7272",-15.375,-50.5625,11
"7273",-15.375,-50.4375,3
"7274",-15.375,-50.3125,2
"7275",-15.375,-50.1875,1
"7276",-15.125,-60.3125,1
"7277",-15.125,-60.1875,20
"7278",-15.125,-60.0625,24
"7279",-15.125,-59.9375,11
"7280",-15.125,-59.8125,26
"7281",-15.125,-59.6875,76
"7282",-15.125,-59.5625,138
"7283",-15.125,-59.4375,196
"7284",-15.125,-59.3125,305
"7285",-15.125,-59.1875,321
"7286",-15.125,-59.0625,518
"7287",-15.125,-58.9375,579
"7288",-15.125,-58.8125,506
"7289",-15.125,-58.6875,219
"7290",-15.125,-58.5625,171
"7291",-15.125,-58.4375,172
"7292",-15.125,-58.3125,152
"7293",-15.125,-58.1875,165
"7294",-15.125,-58.0625,160
"7295",-15.125,-57.9375,164
"7296",-15.125,-57.8125,240
"7297",-15.125,-57.6875,224
"7298",-15.125,-57.5625,241
"7299",-15.125,-57.4375,165
"7300",-15.125,-57.3125,170
"7301",-15.125,-57.1875,209
"7302",-15.125,-57.0625,215
"7303",-15.125,-56.9375,220
"7304",-15.125,-56.8125,170
"7305",-15.125,-56.6875,113
"7306",-15.125,-56.5625,80
"7307",-15.125,-56.4375,128
"7308",-15.125,-56.3125,116
"7309",-15.125,-56.1875,88
"7310",-15.125,-56.0625,144
"7311",-15.125,-55.9375,116
"7312",-15.125,-55.8125,116
"7313",-15.125,-55.6875,123
"7314",-15.125,-55.5625,109
"7315",-15.125,-55.4375,94
"7316",-15.125,-55.3125,111
"7317",-15.125,-55.1875,140
"7318",-15.125,-55.0625,167
"7319",-15.125,-54.9375,134
"7320",-15.125,-54.8125,143
"7321",-15.125,-54.6875,125
"7322",-15.125,-54.5625,168
"7323",-15.125,-54.4375,159
"7324",-15.125,-54.3125,177
"7325",-15.125,-54.1875,148
"7326",-15.125,-54.0625,119
"7327",-15.125,-53.9375,104
"7328",-15.125,-53.8125,166
"7329",-15.125,-53.6875,139
"7330",-15.125,-53.5625,170
"7331",-15.125,-53.4375,139
"7332",-15.125,-53.3125,128
"7333",-15.125,-53.1875,154
"7334",-15.125,-53.0625,153
"7335",-15.125,-52.9375,151
"7336",-15.125,-52.8125,142
"7337",-15.125,-52.6875,108
"7338",-15.125,-52.5625,125
"7339",-15.125,-52.4375,110
"7340",-15.125,-52.3125,81
"7341",-15.125,-52.1875,67
"7342",-15.125,-52.0625,48
"7343",-15.125,-51.9375,50
"7344",-15.125,-51.8125,45
"7345",-15.125,-51.6875,29
"7346",-15.125,-51.5625,51
"7347",-15.125,-51.4375,39
"7348",-15.125,-51.3125,34
"7349",-15.125,-51.1875,47
"7350",-15.125,-51.0625,23
"7351",-15.125,-50.9375,22
"7352",-15.125,-50.8125,24
"7353",-15.125,-50.6875,20
"7354",-15.125,-50.5625,15
"7355",-15.125,-50.4375,6
"7356",-15.125,-50.3125,4
"7357",-14.875,-60.0625,4
"7358",-14.875,-59.9375,7
"7359",-14.875,-59.8125,4
"7360",-14.875,-59.6875,44
"7361",-14.875,-59.5625,121
"7362",-14.875,-59.4375,174
"7363",-14.875,-59.3125,270
"7364",-14.875,-59.1875,313
"7365",-14.875,-59.0625,442
"7366",-14.875,-58.9375,513
"7367",-14.875,-58.8125,453
"7368",-14.875,-58.6875,244
"7369",-14.875,-58.5625,175
"7370",-14.875,-58.4375,168
"7371",-14.875,-58.3125,177
"7372",-14.875,-58.1875,173
"7373",-14.875,-58.0625,183
"7374",-14.875,-57.9375,200
"7375",-14.875,-57.8125,193
"7376",-14.875,-57.6875,231
"7377",-14.875,-57.5625,211
"7378",-14.875,-57.4375,172
"7379",-14.875,-57.3125,182
"7380",-14.875,-57.1875,200
"7381",-14.875,-57.0625,247
"7382",-14.875,-56.9375,185
"7383",-14.875,-56.8125,178
"7384",-14.875,-56.6875,125
"7385",-14.875,-56.5625,113
"7386",-14.875,-56.4375,130
"7387",-14.875,-56.3125,112
"7388",-14.875,-56.1875,145
"7389",-14.875,-56.0625,157
"7390",-14.875,-55.9375,90
"7391",-14.875,-55.8125,120
"7392",-14.875,-55.6875,97
"7393",-14.875,-55.5625,97
"7394",-14.875,-55.4375,112
"7395",-14.875,-55.3125,135
"7396",-14.875,-55.1875,146
"7397",-14.875,-55.0625,151
"7398",-14.875,-54.9375,168
"7399",-14.875,-54.8125,137
"7400",-14.875,-54.6875,167
"7401",-14.875,-54.5625,138
"7402",-14.875,-54.4375,151
"7403",-14.875,-54.3125,151
"7404",-14.875,-54.1875,120
"7405",-14.875,-54.0625,102
"7406",-14.875,-53.9375,129
"7407",-14.875,-53.8125,196
"7408",-14.875,-53.6875,173
"7409",-14.875,-53.5625,128
"7410",-14.875,-53.4375,123
"7411",-14.875,-53.3125,143
"7412",-14.875,-53.1875,160
"7413",-14.875,-53.0625,168
"7414",-14.875,-52.9375,145
"7415",-14.875,-52.8125,142
"7416",-14.875,-52.6875,132
"7417",-14.875,-52.5625,104
"7418",-14.875,-52.4375,93
"7419",-14.875,-52.3125,83
"7420",-14.875,-52.1875,74
"7421",-14.875,-52.0625,41
"7422",-14.875,-51.9375,32
"7423",-14.875,-51.8125,37
"7424",-14.875,-51.6875,52
"7425",-14.875,-51.5625,33
"7426",-14.875,-51.4375,27
"7427",-14.875,-51.3125,37
"7428",-14.875,-51.1875,31
"7429",-14.875,-51.0625,28
"7430",-14.875,-50.9375,31
"7431",-14.875,-50.8125,15
"7432",-14.875,-50.6875,18
"7433",-14.875,-50.5625,12
"7434",-14.875,-50.4375,10
"7435",-14.875,-50.3125,7
"7436",-14.875,-50.1875,2
"7437",-14.625,-59.9375,9
"7438",-14.625,-59.8125,4
"7439",-14.625,-59.6875,28
"7440",-14.625,-59.5625,109
"7441",-14.625,-59.4375,144
"7442",-14.625,-59.3125,251
"7443",-14.625,-59.1875,246
"7444",-14.625,-59.0625,349
"7445",-14.625,-58.9375,509
"7446",-14.625,-58.8125,342
"7447",-14.625,-58.6875,279
"7448",-14.625,-58.5625,202
"7449",-14.625,-58.4375,173
"7450",-14.625,-58.3125,148
"7451",-14.625,-58.1875,141
"7452",-14.625,-58.0625,181
"7453",-14.625,-57.9375,150
"7454",-14.625,-57.8125,195
"7455",-14.625,-57.6875,200
"7456",-14.625,-57.5625,183
"7457",-14.625,-57.4375,161
"7458",-14.625,-57.3125,168
"7459",-14.625,-57.1875,135
"7460",-14.625,-57.0625,181
"7461",-14.625,-56.9375,155
"7462",-14.625,-56.8125,137
"7463",-14.625,-56.6875,183
"7464",-14.625,-56.5625,135
"7465",-14.625,-56.4375,141
"7466",-14.625,-56.3125,153
"7467",-14.625,-56.1875,169
"7468",-14.625,-56.0625,216
"7469",-14.625,-55.9375,155
"7470",-14.625,-55.8125,104
"7471",-14.625,-55.6875,98
"7472",-14.625,-55.5625,134
"7473",-14.625,-55.4375,112
"7474",-14.625,-55.3125,108
"7475",-14.625,-55.1875,110
"7476",-14.625,-55.0625,153
"7477",-14.625,-54.9375,150
"7478",-14.625,-54.8125,146
"7479",-14.625,-54.6875,140
"7480",-14.625,-54.5625,130
"7481",-14.625,-54.4375,116
"7482",-14.625,-54.3125,139
"7483",-14.625,-54.1875,102
"7484",-14.625,-54.0625,93
"7485",-14.625,-53.9375,99
"7486",-14.625,-53.8125,109
"7487",-14.625,-53.6875,105
"7488",-14.625,-53.5625,99
"7489",-14.625,-53.4375,135
"7490",-14.625,-53.3125,142
"7491",-14.625,-53.1875,124
"7492",-14.625,-53.0625,128
"7493",-14.625,-52.9375,151
"7494",-14.625,-52.8125,158
"7495",-14.625,-52.6875,90
"7496",-14.625,-52.5625,81
"7497",-14.625,-52.4375,102
"7498",-14.625,-52.3125,83
"7499",-14.625,-52.1875,70
"7500",-14.625,-52.0625,44
"7501",-14.625,-51.9375,29
"7502",-14.625,-51.8125,64
"7503",-14.625,-51.6875,58
"7504",-14.625,-51.5625,19
"7505",-14.625,-51.4375,29
"7506",-14.625,-51.3125,19
"7507",-14.625,-51.1875,30
"7508",-14.625,-51.0625,38
"7509",-14.625,-50.9375,36
"7510",-14.625,-50.8125,17
"7511",-14.625,-50.6875,19
"7512",-14.625,-50.5625,9
"7513",-14.625,-50.4375,4
"7514",-14.625,-50.3125,1
"7515",-14.625,-50.1875,3
"7516",-14.375,-59.8125,8
"7517",-14.375,-59.6875,29
"7518",-14.375,-59.5625,92
"7519",-14.375,-59.4375,143
"7520",-14.375,-59.3125,230
"7521",-14.375,-59.1875,255
"7522",-14.375,-59.0625,413
"7523",-14.375,-58.9375,505
"7524",-14.375,-58.8125,325
"7525",-14.375,-58.6875,256
"7526",-14.375,-58.5625,236
"7527",-14.375,-58.4375,162
"7528",-14.375,-58.3125,162
"7529",-14.375,-58.1875,175
"7530",-14.375,-58.0625,148
"7531",-14.375,-57.9375,131
"7532",-14.375,-57.8125,163
"7533",-14.375,-57.6875,191
"7534",-14.375,-57.5625,152
"7535",-14.375,-57.4375,157
"7536",-14.375,-57.3125,146
"7537",-14.375,-57.1875,174
"7538",-14.375,-57.0625,150
"7539",-14.375,-56.9375,168
"7540",-14.375,-56.8125,141
"7541",-14.375,-56.6875,165
"7542",-14.375,-56.5625,189
"7543",-14.375,-56.4375,160
"7544",-14.375,-56.3125,153
"7545",-14.375,-56.1875,199
"7546",-14.375,-56.0625,181
"7547",-14.375,-55.9375,206
"7548",-14.375,-55.8125,132
"7549",-14.375,-55.6875,110
"7550",-14.375,-55.5625,108
"7551",-14.375,-55.4375,99
"7552",-14.375,-55.3125,115
"7553",-14.375,-55.1875,127
"7554",-14.375,-55.0625,148
"7555",-14.375,-54.9375,157
"7556",-14.375,-54.8125,153
"7557",-14.375,-54.6875,125
"7558",-14.375,-54.5625,104
"7559",-14.375,-54.4375,115
"7560",-14.375,-54.3125,132
"7561",-14.375,-54.1875,126
"7562",-14.375,-54.0625,118
"7563",-14.375,-53.9375,116
"7564",-14.375,-53.8125,85
"7565",-14.375,-53.6875,99
"7566",-14.375,-53.5625,93
"7567",-14.375,-53.4375,101
"7568",-14.375,-53.3125,138
"7569",-14.375,-53.1875,137
"7570",-14.375,-53.0625,159
"7571",-14.375,-52.9375,143
"7572",-14.375,-52.8125,97
"7573",-14.375,-52.6875,79
"7574",-14.375,-52.5625,73
"7575",-14.375,-52.4375,67
"7576",-14.375,-52.3125,68
"7577",-14.375,-52.1875,63
"7578",-14.375,-52.0625,46
"7579",-14.375,-51.9375,54
"7580",-14.375,-51.8125,67
"7581",-14.375,-51.6875,46
"7582",-14.375,-51.5625,38
"7583",-14.375,-51.4375,25
"7584",-14.375,-51.3125,22
"7585",-14.375,-51.1875,29
"7586",-14.375,-51.0625,41
"7587",-14.375,-50.9375,40
"7588",-14.375,-50.8125,12
"7589",-14.375,-50.6875,13
"7590",-14.375,-50.5625,10
"7591",-14.375,-50.4375,3
"7592",-14.375,-50.3125,3
"7593",-14.125,-59.8125,2
"7594",-14.125,-59.6875,29
"7595",-14.125,-59.5625,62
"7596",-14.125,-59.4375,145
"7597",-14.125,-59.3125,197
"7598",-14.125,-59.1875,217
"7599",-14.125,-59.0625,301
"7600",-14.125,-58.9375,443
"7601",-14.125,-58.8125,360
"7602",-14.125,-58.6875,350
"7603",-14.125,-58.5625,273
"7604",-14.125,-58.4375,238
"7605",-14.125,-58.3125,169
"7606",-14.125,-58.1875,188
"7607",-14.125,-58.0625,193
"7608",-14.125,-57.9375,125
"7609",-14.125,-57.8125,165
"7610",-14.125,-57.6875,146
"7611",-14.125,-57.5625,140
"7612",-14.125,-57.4375,130
"7613",-14.125,-57.3125,158
"7614",-14.125,-57.1875,175
"7615",-14.125,-57.0625,148
"7616",-14.125,-56.9375,163
"7617",-14.125,-56.8125,134
"7618",-14.125,-56.6875,142
"7619",-14.125,-56.5625,142
"7620",-14.125,-56.4375,136
"7621",-14.125,-56.3125,173
"7622",-14.125,-56.1875,178
"7623",-14.125,-56.0625,156
"7624",-14.125,-55.9375,172
"7625",-14.125,-55.8125,148
"7626",-14.125,-55.6875,116
"7627",-14.125,-55.5625,78
"7628",-14.125,-55.4375,104
"7629",-14.125,-55.3125,111
"7630",-14.125,-55.1875,133
"7631",-14.125,-55.0625,116
"7632",-14.125,-54.9375,174
"7633",-14.125,-54.8125,153
"7634",-14.125,-54.6875,143
"7635",-14.125,-54.5625,159
"7636",-14.125,-54.4375,134
"7637",-14.125,-54.3125,102
"7638",-14.125,-54.1875,107
"7639",-14.125,-54.0625,116
"7640",-14.125,-53.9375,111
"7641",-14.125,-53.8125,86
"7642",-14.125,-53.6875,95
"7643",-14.125,-53.5625,94
"7644",-14.125,-53.4375,62
"7645",-14.125,-53.3125,104
"7646",-14.125,-53.1875,123
"7647",-14.125,-53.0625,98
"7648",-14.125,-52.9375,102
"7649",-14.125,-52.8125,77
"7650",-14.125,-52.6875,74
"7651",-14.125,-52.5625,71
"7652",-14.125,-52.4375,73
"7653",-14.125,-52.3125,64
"7654",-14.125,-52.1875,59
"7655",-14.125,-52.0625,48
"7656",-14.125,-51.9375,48
"7657",-14.125,-51.8125,56
"7658",-14.125,-51.6875,41
"7659",-14.125,-51.5625,35
"7660",-14.125,-51.4375,31
"7661",-14.125,-51.3125,24
"7662",-14.125,-51.1875,31
"7663",-14.125,-51.0625,32
"7664",-14.125,-50.9375,27
"7665",-14.125,-50.8125,14
"7666",-14.125,-50.6875,15
"7667",-14.125,-50.5625,9
"7668",-14.125,-50.4375,3
"7669",-14.125,-50.3125,3
"7670",-14.125,-50.1875,1
"7671",-13.875,-59.8125,1
"7672",-13.875,-59.6875,31
"7673",-13.875,-59.5625,52
"7674",-13.875,-59.4375,98
"7675",-13.875,-59.3125,198
"7676",-13.875,-59.1875,211
"7677",-13.875,-59.0625,357
"7678",-13.875,-58.9375,377
"7679",-13.875,-58.8125,345
"7680",-13.875,-58.6875,266
"7681",-13.875,-58.5625,200
"7682",-13.875,-58.4375,175
"7683",-13.875,-58.3125,190
"7684",-13.875,-58.1875,188
"7685",-13.875,-58.0625,148
"7686",-13.875,-57.9375,137
"7687",-13.875,-57.8125,156
"7688",-13.875,-57.6875,138
"7689",-13.875,-57.5625,144
"7690",-13.875,-57.4375,145
"7691",-13.875,-57.3125,120
"7692",-13.875,-57.1875,180
"7693",-13.875,-57.0625,200
"7694",-13.875,-56.9375,215
"7695",-13.875,-56.8125,195
"7696",-13.875,-56.6875,136
"7697",-13.875,-56.5625,121
"7698",-13.875,-56.4375,137
"7699",-13.875,-56.3125,130
"7700",-13.875,-56.1875,174
"7701",-13.875,-56.0625,178
"7702",-13.875,-55.9375,140
"7703",-13.875,-55.8125,142
"7704",-13.875,-55.6875,123
"7705",-13.875,-55.5625,117
"7706",-13.875,-55.4375,89
"7707",-13.875,-55.3125,92
"7708",-13.875,-55.1875,96
"7709",-13.875,-55.0625,100
"7710",-13.875,-54.9375,117
"7711",-13.875,-54.8125,135
"7712",-13.875,-54.6875,143
"7713",-13.875,-54.5625,134
"7714",-13.875,-54.4375,129
"7715",-13.875,-54.3125,109
"7716",-13.875,-54.1875,100
"7717",-13.875,-54.0625,103
"7718",-13.875,-53.9375,123
"7719",-13.875,-53.8125,110
"7720",-13.875,-53.6875,84
"7721",-13.875,-53.5625,81
"7722",-13.875,-53.4375,100
"7723",-13.875,-53.3125,103
"7724",-13.875,-53.1875,81
"7725",-13.875,-53.0625,90
"7726",-13.875,-52.9375,87
"7727",-13.875,-52.8125,71
"7728",-13.875,-52.6875,79
"7729",-13.875,-52.5625,65
"7730",-13.875,-52.4375,50
"7731",-13.875,-52.3125,50
"7732",-13.875,-52.1875,49
"7733",-13.875,-52.0625,40
"7734",-13.875,-51.9375,44
"7735",-13.875,-51.8125,50
"7736",-13.875,-51.6875,60
"7737",-13.875,-51.5625,32
"7738",-13.875,-51.4375,36
"7739",-13.875,-51.3125,30
"7740",-13.875,-51.1875,18
"7741",-13.875,-51.0625,24
"7742",-13.875,-50.9375,26
"7743",-13.875,-50.8125,9
"7744",-13.875,-50.6875,20
"7745",-13.875,-50.5625,10
"7746",-13.875,-50.4375,7
"7747",-13.875,-50.3125,4
"7748",-13.875,-50.1875,8
"7749",-13.875,-50.0625,4
"7750",-13.625,-59.6875,28
"7751",-13.625,-59.5625,39
"7752",-13.625,-59.4375,82
"7753",-13.625,-59.3125,162
"7754",-13.625,-59.1875,416
"7755",-13.625,-59.0625,208
"7756",-13.625,-58.9375,345
"7757",-13.625,-58.8125,352
"7758",-13.625,-58.6875,261
"7759",-13.625,-58.5625,233
"7760",-13.625,-58.4375,184
"7761",-13.625,-58.3125,236
"7762",-13.625,-58.1875,177
"7763",-13.625,-58.0625,176
"7764",-13.625,-57.9375,119
"7765",-13.625,-57.8125,164
"7766",-13.625,-57.6875,150
"7767",-13.625,-57.5625,125
"7768",-13.625,-57.4375,162
"7769",-13.625,-57.3125,143
"7770",-13.625,-57.1875,164
"7771",-13.625,-57.0625,226
"7772",-13.625,-56.9375,454
"7773",-13.625,-56.8125,236
"7774",-13.625,-56.6875,156
"7775",-13.625,-56.5625,88
"7776",-13.625,-56.4375,55
"7777",-13.625,-56.3125,58
"7778",-13.625,-56.1875,92
"7779",-13.625,-56.0625,108
"7780",-13.625,-55.9375,140
"7781",-13.625,-55.8125,162
"7782",-13.625,-55.6875,130
"7783",-13.625,-55.5625,90
"7784",-13.625,-55.4375,104
"7785",-13.625,-55.3125,80
"7786",-13.625,-55.1875,103
"7787",-13.625,-55.0625,135
"7788",-13.625,-54.9375,136
"7789",-13.625,-54.8125,127
"7790",-13.625,-54.6875,158
"7791",-13.625,-54.5625,145
"7792",-13.625,-54.4375,138
"7793",-13.625,-54.3125,116
"7794",-13.625,-54.1875,86
"7795",-13.625,-54.0625,94
"7796",-13.625,-53.9375,112
"7797",-13.625,-53.8125,61
"7798",-13.625,-53.6875,49
"7799",-13.625,-53.5625,87
"7800",-13.625,-53.4375,94
"7801",-13.625,-53.3125,81
"7802",-13.625,-53.1875,71
"7803",-13.625,-53.0625,90
"7804",-13.625,-52.9375,93
"7805",-13.625,-52.8125,95
"7806",-13.625,-52.6875,74
"7807",-13.625,-52.5625,68
"7808",-13.625,-52.4375,53
"7809",-13.625,-52.3125,55
"7810",-13.625,-52.1875,41
"7811",-13.625,-52.0625,61
"7812",-13.625,-51.9375,38
"7813",-13.625,-51.8125,28
"7814",-13.625,-51.6875,36
"7815",-13.625,-51.5625,38
"7816",-13.625,-51.4375,53
"7817",-13.625,-51.3125,32
"7818",-13.625,-51.1875,13
"7819",-13.625,-51.0625,31
"7820",-13.625,-50.9375,19
"7821",-13.625,-50.8125,12
"7822",-13.625,-50.6875,11
"7823",-13.625,-50.5625,18
"7824",-13.625,-50.4375,8
"7825",-13.625,-50.3125,6
"7826",-13.625,-50.1875,3
"7827",-13.625,-50.0625,5
"7828",-13.375,-59.8125,14
"7829",-13.375,-59.6875,44
"7830",-13.375,-59.5625,55
"7831",-13.375,-59.4375,74
"7832",-13.375,-59.3125,237
"7833",-13.375,-59.1875,195
"7834",-13.375,-59.0625,160
"7835",-13.375,-58.9375,276
"7836",-13.375,-58.8125,265
"7837",-13.375,-58.6875,236
"7838",-13.375,-58.5625,211
"7839",-13.375,-58.4375,168
"7840",-13.375,-58.3125,177
"7841",-13.375,-58.1875,147
"7842",-13.375,-58.0625,176
"7843",-13.375,-57.9375,137
"7844",-13.375,-57.8125,163
"7845",-13.375,-57.6875,133
"7846",-13.375,-57.5625,138
"7847",-13.375,-57.4375,144
"7848",-13.375,-57.3125,144
"7849",-13.375,-57.1875,179
"7850",-13.375,-57.0625,229
"7851",-13.375,-56.9375,431
"7852",-13.375,-56.8125,137
"7853",-13.375,-56.6875,86
"7854",-13.375,-56.5625,62
"7855",-13.375,-56.4375,53
"7856",-13.375,-56.3125,56
"7857",-13.375,-56.1875,76
"7858",-13.375,-56.0625,46
"7859",-13.375,-55.9375,100
"7860",-13.375,-55.8125,160
"7861",-13.375,-55.6875,150
"7862",-13.375,-55.5625,110
"7863",-13.375,-55.4375,88
"7864",-13.375,-55.3125,84
"7865",-13.375,-55.1875,107
"7866",-13.375,-55.0625,135
"7867",-13.375,-54.9375,106
"7868",-13.375,-54.8125,134
"7869",-13.375,-54.6875,134
"7870",-13.375,-54.5625,154
"7871",-13.375,-54.4375,132
"7872",-13.375,-54.3125,122
"7873",-13.375,-54.1875,89
"7874",-13.375,-54.0625,94
"7875",-13.375,-53.9375,89
"7876",-13.375,-53.8125,99
"7877",-13.375,-53.6875,75
"7878",-13.375,-53.5625,128
"7879",-13.375,-53.4375,91
"7880",-13.375,-53.3125,102
"7881",-13.375,-53.1875,63
"7882",-13.375,-53.0625,85
"7883",-13.375,-52.9375,89
"7884",-13.375,-52.8125,95
"7885",-13.375,-52.6875,88
"7886",-13.375,-52.5625,81
"7887",-13.375,-52.4375,72
"7888",-13.375,-52.3125,65
"7889",-13.375,-52.1875,43
"7890",-13.375,-52.0625,42
"7891",-13.375,-51.9375,45
"7892",-13.375,-51.8125,36
"7893",-13.375,-51.6875,48
"7894",-13.375,-51.5625,57
"7895",-13.375,-51.4375,53
"7896",-13.375,-51.3125,40
"7897",-13.375,-51.1875,31
"7898",-13.375,-51.0625,26
"7899",-13.375,-50.9375,20
"7900",-13.375,-50.8125,16
"7901",-13.375,-50.6875,7
"7902",-13.375,-50.5625,10
"7903",-13.375,-50.4375,15
"7904",-13.375,-50.3125,8
"7905",-13.375,-50.1875,14
"7906",-13.375,-50.0625,14
"7907",-13.125,-59.9375,17
"7908",-13.125,-59.8125,9
"7909",-13.125,-59.6875,18
"7910",-13.125,-59.5625,49
"7911",-13.125,-59.4375,90
"7912",-13.125,-59.3125,164
"7913",-13.125,-59.1875,226
"7914",-13.125,-59.0625,184
"7915",-13.125,-58.9375,274
"7916",-13.125,-58.8125,221
"7917",-13.125,-58.6875,173
"7918",-13.125,-58.5625,194
"7919",-13.125,-58.4375,183
"7920",-13.125,-58.3125,157
"7921",-13.125,-58.1875,156
"7922",-13.125,-58.0625,152
"7923",-13.125,-57.9375,124
"7924",-13.125,-57.8125,142
"7925",-13.125,-57.6875,206
"7926",-13.125,-57.5625,130
"7927",-13.125,-57.4375,174
"7928",-13.125,-57.3125,176
"7929",-13.125,-57.1875,162
"7930",-13.125,-57.0625,175
"7931",-13.125,-56.9375,302
"7932",-13.125,-56.8125,95
"7933",-13.125,-56.6875,59
"7934",-13.125,-56.5625,77
"7935",-13.125,-56.4375,56
"7936",-13.125,-56.3125,63
"7937",-13.125,-56.1875,59
"7938",-13.125,-56.0625,66
"7939",-13.125,-55.9375,77
"7940",-13.125,-55.8125,127
"7941",-13.125,-55.6875,171
"7942",-13.125,-55.5625,149
"7943",-13.125,-55.4375,149
"7944",-13.125,-55.3125,136
"7945",-13.125,-55.1875,133
"7946",-13.125,-55.0625,125
"7947",-13.125,-54.9375,117
"7948",-13.125,-54.8125,126
"7949",-13.125,-54.6875,133
"7950",-13.125,-54.5625,150
"7951",-13.125,-54.4375,132
"7952",-13.125,-54.3125,94
"7953",-13.125,-54.1875,104
"7954",-13.125,-54.0625,115
"7955",-13.125,-53.9375,113
"7956",-13.125,-53.8125,96
"7957",-13.125,-53.6875,120
"7958",-13.125,-53.5625,95
"7959",-13.125,-53.4375,113
"7960",-13.125,-53.3125,107
"7961",-13.125,-53.1875,103
"7962",-13.125,-53.0625,107
"7963",-13.125,-52.9375,104
"7964",-13.125,-52.8125,76
"7965",-13.125,-52.6875,90
"7966",-13.125,-52.5625,80
"7967",-13.125,-52.4375,104
"7968",-13.125,-52.3125,87
"7969",-13.125,-52.1875,82
"7970",-13.125,-52.0625,62
"7971",-13.125,-51.9375,45
"7972",-13.125,-51.8125,56
"7973",-13.125,-51.6875,48
"7974",-13.125,-51.5625,38
"7975",-13.125,-51.4375,40
"7976",-13.125,-51.3125,45
"7977",-13.125,-51.1875,42
"7978",-13.125,-51.0625,33
"7979",-13.125,-50.9375,31
"7980",-13.125,-50.8125,17
"7981",-13.125,-50.6875,8
"7982",-13.125,-50.5625,14
"7983",-13.125,-50.4375,10
"7984",-13.125,-50.3125,9
"7985",-13.125,-50.1875,11
"7986",-13.125,-50.0625,21
"7987",-12.875,-59.9375,2
"7988",-12.875,-59.8125,6
"7989",-12.875,-59.6875,13
"7990",-12.875,-59.5625,46
"7991",-12.875,-59.4375,86
"7992",-12.875,-59.3125,211
"7993",-12.875,-59.1875,201
"7994",-12.875,-59.0625,193
"7995",-12.875,-58.9375,193
"7996",-12.875,-58.8125,186
"7997",-12.875,-58.6875,168
"7998",-12.875,-58.5625,156
"7999",-12.875,-58.4375,169
"8000",-12.875,-58.3125,178
"8001",-12.875,-58.1875,165
"8002",-12.875,-58.0625,131
"8003",-12.875,-57.9375,111
"8004",-12.875,-57.8125,120
"8005",-12.875,-57.6875,160
"8006",-12.875,-57.5625,161
"8007",-12.875,-57.4375,174
"8008",-12.875,-57.3125,222
"8009",-12.875,-57.1875,152
"8010",-12.875,-57.0625,146
"8011",-12.875,-56.9375,158
"8012",-12.875,-56.8125,78
"8013",-12.875,-56.6875,42
"8014",-12.875,-56.5625,35
"8015",-12.875,-56.4375,17
"8016",-12.875,-56.3125,52
"8017",-12.875,-56.1875,54
"8018",-12.875,-56.0625,85
"8019",-12.875,-55.9375,71
"8020",-12.875,-55.8125,110
"8021",-12.875,-55.6875,127
"8022",-12.875,-55.5625,161
"8023",-12.875,-55.4375,146
"8024",-12.875,-55.3125,133
"8025",-12.875,-55.1875,137
"8026",-12.875,-55.0625,153
"8027",-12.875,-54.9375,133
"8028",-12.875,-54.8125,112
"8029",-12.875,-54.6875,127
"8030",-12.875,-54.5625,149
"8031",-12.875,-54.4375,126
"8032",-12.875,-54.3125,102
"8033",-12.875,-54.1875,94
"8034",-12.875,-54.0625,120
"8035",-12.875,-53.9375,131
"8036",-12.875,-53.8125,113
"8037",-12.875,-53.6875,95
"8038",-12.875,-53.5625,110
"8039",-12.875,-53.4375,137
"8040",-12.875,-53.3125,139
"8041",-12.875,-53.1875,103
"8042",-12.875,-53.0625,96
"8043",-12.875,-52.9375,114
"8044",-12.875,-52.8125,145
"8045",-12.875,-52.6875,108
"8046",-12.875,-52.5625,91
"8047",-12.875,-52.4375,81
"8048",-12.875,-52.3125,93
"8049",-12.875,-52.1875,92
"8050",-12.875,-52.0625,75
"8051",-12.875,-51.9375,51
"8052",-12.875,-51.8125,54
"8053",-12.875,-51.6875,51
"8054",-12.875,-51.5625,50
"8055",-12.875,-51.4375,41
"8056",-12.875,-51.3125,41
"8057",-12.875,-51.1875,40
"8058",-12.875,-51.0625,45
"8059",-12.875,-50.9375,47
"8060",-12.875,-50.8125,16
"8061",-12.875,-50.6875,15
"8062",-12.875,-50.5625,5
"8063",-12.875,-50.4375,9
"8064",-12.875,-50.3125,9
"8065",-12.875,-50.1875,14
"8066",-12.875,-50.0625,17
"8067",-12.625,-59.8125,30
"8068",-12.625,-59.6875,3
"8069",-12.625,-59.5625,59
"8070",-12.625,-59.4375,78
"8071",-12.625,-59.3125,188
"8072",-12.625,-59.1875,154
"8073",-12.625,-59.0625,131
"8074",-12.625,-58.9375,154
"8075",-12.625,-58.8125,187
"8076",-12.625,-58.6875,163
"8077",-12.625,-58.5625,114
"8078",-12.625,-58.4375,160
"8079",-12.625,-58.3125,131
"8080",-12.625,-58.1875,132
"8081",-12.625,-58.0625,173
"8082",-12.625,-57.9375,125
"8083",-12.625,-57.8125,159
"8084",-12.625,-57.6875,106
"8085",-12.625,-57.5625,187
"8086",-12.625,-57.4375,196
"8087",-12.625,-57.3125,226
"8088",-12.625,-57.1875,185
"8089",-12.625,-57.0625,141
"8090",-12.625,-56.9375,109
"8091",-12.625,-56.8125,108
"8092",-12.625,-56.6875,37
"8093",-12.625,-56.5625,26
"8094",-12.625,-56.4375,27
"8095",-12.625,-56.3125,27
"8096",-12.625,-56.1875,40
"8097",-12.625,-56.0625,68
"8098",-12.625,-55.9375,75
"8099",-12.625,-55.8125,102
"8100",-12.625,-55.6875,89
"8101",-12.625,-55.5625,113
"8102",-12.625,-55.4375,91
"8103",-12.625,-55.3125,109
"8104",-12.625,-55.1875,80
"8105",-12.625,-55.0625,127
"8106",-12.625,-54.9375,126
"8107",-12.625,-54.8125,126
"8108",-12.625,-54.6875,131
"8109",-12.625,-54.5625,124
"8110",-12.625,-54.4375,140
"8111",-12.625,-54.3125,126
"8112",-12.625,-54.1875,93
"8113",-12.625,-54.0625,90
"8114",-12.625,-53.9375,82
"8115",-12.625,-53.8125,91
"8116",-12.625,-53.6875,83
"8117",-12.625,-53.5625,77
"8118",-12.625,-53.4375,124
"8119",-12.625,-53.3125,127
"8120",-12.625,-53.1875,145
"8121",-12.625,-53.0625,118
"8122",-12.625,-52.9375,88
"8123",-12.625,-52.8125,93
"8124",-12.625,-52.6875,111
"8125",-12.625,-52.5625,132
"8126",-12.625,-52.4375,117
"8127",-12.625,-52.3125,130
"8128",-12.625,-52.1875,125
"8129",-12.625,-52.0625,118
"8130",-12.625,-51.9375,102
"8131",-12.625,-51.8125,70
"8132",-12.625,-51.6875,67
"8133",-12.625,-51.5625,62
"8134",-12.625,-51.4375,65
"8135",-12.625,-51.3125,59
"8136",-12.625,-51.1875,31
"8137",-12.625,-51.0625,39
"8138",-12.625,-50.9375,33
"8139",-12.625,-50.8125,22
"8140",-12.625,-50.6875,19
"8141",-12.625,-50.5625,12
"8142",-12.625,-50.4375,7
"8143",-12.625,-50.3125,8
"8144",-12.625,-50.1875,9
"8145",-12.625,-50.0625,13
"8146",-12.375,-59.8125,32
"8147",-12.375,-59.6875,15
"8148",-12.375,-59.5625,19
"8149",-12.375,-59.4375,79
"8150",-12.375,-59.3125,104
"8151",-12.375,-59.1875,111
"8152",-12.375,-59.0625,154
"8153",-12.375,-58.9375,122
"8154",-12.375,-58.8125,180
"8155",-12.375,-58.6875,155
"8156",-12.375,-58.5625,126
"8157",-12.375,-58.4375,162
"8158",-12.375,-58.3125,131
"8159",-12.375,-58.1875,157
"8160",-12.375,-58.0625,287
"8161",-12.375,-57.9375,129
"8162",-12.375,-57.8125,99
"8163",-12.375,-57.6875,110
"8164",-12.375,-57.5625,110
"8165",-12.375,-57.4375,106
"8166",-12.375,-57.3125,157
"8167",-12.375,-57.1875,261
"8168",-12.375,-57.0625,192
"8169",-12.375,-56.9375,123
"8170",-12.375,-56.8125,104
"8171",-12.375,-56.6875,66
"8172",-12.375,-56.5625,42
"8173",-12.375,-56.4375,34
"8174",-12.375,-56.3125,44
"8175",-12.375,-56.1875,51
"8176",-12.375,-56.0625,38
"8177",-12.375,-55.9375,84
"8178",-12.375,-55.8125,57
"8179",-12.375,-55.6875,49
"8180",-12.375,-55.5625,60
"8181",-12.375,-55.4375,53
"8182",-12.375,-55.3125,66
"8183",-12.375,-55.1875,87
"8184",-12.375,-55.0625,88
"8185",-12.375,-54.9375,71
"8186",-12.375,-54.8125,129
"8187",-12.375,-54.6875,109
"8188",-12.375,-54.5625,126
"8189",-12.375,-54.4375,126
"8190",-12.375,-54.3125,165
"8191",-12.375,-54.1875,109
"8192",-12.375,-54.0625,119
"8193",-12.375,-53.9375,103
"8194",-12.375,-53.8125,80
"8195",-12.375,-53.6875,78
"8196",-12.375,-53.5625,78
"8197",-12.375,-53.4375,102
"8198",-12.375,-53.3125,138
"8199",-12.375,-53.1875,132
"8200",-12.375,-53.0625,100
"8201",-12.375,-52.9375,76
"8202",-12.375,-52.8125,111
"8203",-12.375,-52.6875,118
"8204",-12.375,-52.5625,146
"8205",-12.375,-52.4375,149
"8206",-12.375,-52.3125,128
"8207",-12.375,-52.1875,138
"8208",-12.375,-52.0625,140
"8209",-12.375,-51.9375,110
"8210",-12.375,-51.8125,92
"8211",-12.375,-51.6875,86
"8212",-12.375,-51.5625,69
"8213",-12.375,-51.4375,66
"8214",-12.375,-51.3125,60
"8215",-12.375,-51.1875,47
"8216",-12.375,-51.0625,48
"8217",-12.375,-50.9375,31
"8218",-12.375,-50.8125,41
"8219",-12.375,-50.6875,19
"8220",-12.375,-50.5625,24
"8221",-12.375,-50.4375,5
"8222",-12.375,-50.3125,14
"8223",-12.375,-50.1875,11
"8224",-12.375,-50.0625,12
"8225",-12.125,-59.8125,12
"8226",-12.125,-59.6875,20
"8227",-12.125,-59.5625,24
"8228",-12.125,-59.4375,50
"8229",-12.125,-59.3125,115
"8230",-12.125,-59.1875,87
"8231",-12.125,-59.0625,163
"8232",-12.125,-58.9375,123
"8233",-12.125,-58.8125,176
"8234",-12.125,-58.6875,144
"8235",-12.125,-58.5625,145
"8236",-12.125,-58.4375,138
"8237",-12.125,-58.3125,140
"8238",-12.125,-58.1875,209
"8239",-12.125,-58.0625,394
"8240",-12.125,-57.9375,113
"8241",-12.125,-57.8125,116
"8242",-12.125,-57.6875,69
"8243",-12.125,-57.5625,53
"8244",-12.125,-57.4375,78
"8245",-12.125,-57.3125,119
"8246",-12.125,-57.1875,114
"8247",-12.125,-57.0625,159
"8248",-12.125,-56.9375,138
"8249",-12.125,-56.8125,109
"8250",-12.125,-56.6875,80
"8251",-12.125,-56.5625,54
"8252",-12.125,-56.4375,70
"8253",-12.125,-56.3125,68
"8254",-12.125,-56.1875,63
"8255",-12.125,-56.0625,57
"8256",-12.125,-55.9375,34
"8257",-12.125,-55.8125,46
"8258",-12.125,-55.6875,43
"8259",-12.125,-55.5625,42
"8260",-12.125,-55.4375,27
"8261",-12.125,-55.3125,24
"8262",-12.125,-55.1875,40
"8263",-12.125,-55.0625,59
"8264",-12.125,-54.9375,64
"8265",-12.125,-54.8125,105
"8266",-12.125,-54.6875,98
"8267",-12.125,-54.5625,122
"8268",-12.125,-54.4375,116
"8269",-12.125,-54.3125,153
"8270",-12.125,-54.1875,124
"8271",-12.125,-54.0625,113
"8272",-12.125,-53.9375,118
"8273",-12.125,-53.8125,110
"8274",-12.125,-53.6875,114
"8275",-12.125,-53.5625,110
"8276",-12.125,-53.4375,80
"8277",-12.125,-53.3125,105
"8278",-12.125,-53.1875,101
"8279",-12.125,-53.0625,100
"8280",-12.125,-52.9375,74
"8281",-12.125,-52.8125,90
"8282",-12.125,-52.6875,100
"8283",-12.125,-52.5625,106
"8284",-12.125,-52.4375,178
"8285",-12.125,-52.3125,124
"8286",-12.125,-52.1875,106
"8287",-12.125,-52.0625,106
"8288",-12.125,-51.9375,122
"8289",-12.125,-51.8125,84
"8290",-12.125,-51.6875,100
"8291",-12.125,-51.5625,73
"8292",-12.125,-51.4375,61
"8293",-12.125,-51.3125,58
"8294",-12.125,-51.1875,45
"8295",-12.125,-51.0625,34
"8296",-12.125,-50.9375,40
"8297",-12.125,-50.8125,55
"8298",-12.125,-50.6875,25
"8299",-12.125,-50.5625,22
"8300",-12.125,-50.4375,10
"8301",-12.125,-50.3125,14
"8302",-12.125,-50.1875,12
"8303",-12.125,-50.0625,23
"8304",-11.875,-59.6875,10
"8305",-11.875,-59.5625,15
"8306",-11.875,-59.4375,29
"8307",-11.875,-59.3125,76
"8308",-11.875,-59.1875,102
"8309",-11.875,-59.0625,151
"8310",-11.875,-58.9375,145
"8311",-11.875,-58.8125,155
"8312",-11.875,-58.6875,182
"8313",-11.875,-58.5625,178
"8314",-11.875,-58.4375,112
"8315",-11.875,-58.3125,144
"8316",-11.875,-58.1875,197
"8317",-11.875,-58.0625,464
"8318",-11.875,-57.9375,148
"8319",-11.875,-57.8125,84
"8320",-11.875,-57.6875,99
"8321",-11.875,-57.5625,56
"8322",-11.875,-57.4375,43
"8323",-11.875,-57.3125,133
"8324",-11.875,-57.1875,110
"8325",-11.875,-57.0625,88
"8326",-11.875,-56.9375,132
"8327",-11.875,-56.8125,122
"8328",-11.875,-56.6875,81
"8329",-11.875,-56.5625,57
"8330",-11.875,-56.4375,61
"8331",-11.875,-56.3125,68
"8332",-11.875,-56.1875,45
"8333",-11.875,-56.0625,53
"8334",-11.875,-55.9375,39
"8335",-11.875,-55.8125,36
"8336",-11.875,-55.6875,29
"8337",-11.875,-55.5625,31
"8338",-11.875,-55.4375,24
"8339",-11.875,-55.3125,35
"8340",-11.875,-55.1875,23
"8341",-11.875,-55.0625,57
"8342",-11.875,-54.9375,59
"8343",-11.875,-54.8125,89
"8344",-11.875,-54.6875,94
"8345",-11.875,-54.5625,108
"8346",-11.875,-54.4375,117
"8347",-11.875,-54.3125,149
"8348",-11.875,-54.1875,172
"8349",-11.875,-54.0625,148
"8350",-11.875,-53.9375,142
"8351",-11.875,-53.8125,144
"8352",-11.875,-53.6875,102
"8353",-11.875,-53.5625,109
"8354",-11.875,-53.4375,95
"8355",-11.875,-53.3125,100
"8356",-11.875,-53.1875,67
"8357",-11.875,-53.0625,81
"8358",-11.875,-52.9375,71
"8359",-11.875,-52.8125,81
"8360",-11.875,-52.6875,96
"8361",-11.875,-52.5625,202
"8362",-11.875,-52.4375,231
"8363",-11.875,-52.3125,111
"8364",-11.875,-52.1875,90
"8365",-11.875,-52.0625,114
"8366",-11.875,-51.9375,139
"8367",-11.875,-51.8125,103
"8368",-11.875,-51.6875,78
"8369",-11.875,-51.5625,81
"8370",-11.875,-51.4375,74
"8371",-11.875,-51.3125,82
"8372",-11.875,-51.1875,57
"8373",-11.875,-51.0625,43
"8374",-11.875,-50.9375,38
"8375",-11.875,-50.8125,46
"8376",-11.875,-50.6875,48
"8377",-11.875,-50.5625,15
"8378",-11.875,-50.4375,12
"8379",-11.875,-50.3125,15
"8380",-11.875,-50.1875,7
"8381",-11.875,-50.0625,17
"8382",-11.625,-59.6875,13
"8383",-11.625,-59.5625,10
"8384",-11.625,-59.4375,25
"8385",-11.625,-59.3125,52
"8386",-11.625,-59.1875,117
"8387",-11.625,-59.0625,104
"8388",-11.625,-58.9375,132
"8389",-11.625,-58.8125,134
"8390",-11.625,-58.6875,175
"8391",-11.625,-58.5625,152
"8392",-11.625,-58.4375,136
"8393",-11.625,-58.3125,136
"8394",-11.625,-58.1875,188
"8395",-11.625,-58.0625,798
"8396",-11.625,-57.9375,177
"8397",-11.625,-57.8125,135
"8398",-11.625,-57.6875,83
"8399",-11.625,-57.5625,72
"8400",-11.625,-57.4375,85
"8401",-11.625,-57.3125,109
"8402",-11.625,-57.1875,95
"8403",-11.625,-57.0625,80
"8404",-11.625,-56.9375,106
"8405",-11.625,-56.8125,155
"8406",-11.625,-56.6875,51
"8407",-11.625,-56.5625,62
"8408",-11.625,-56.4375,40
"8409",-11.625,-56.3125,36
"8410",-11.625,-56.1875,56
"8411",-11.625,-56.0625,18
"8412",-11.625,-55.9375,19
"8413",-11.625,-55.8125,24
"8414",-11.625,-55.6875,29
"8415",-11.625,-55.5625,42
"8416",-11.625,-55.4375,35
"8417",-11.625,-55.3125,32
"8418",-11.625,-55.1875,50
"8419",-11.625,-55.0625,56
"8420",-11.625,-54.9375,71
"8421",-11.625,-54.8125,62
"8422",-11.625,-54.6875,108
"8423",-11.625,-54.5625,96
"8424",-11.625,-54.4375,114
"8425",-11.625,-54.3125,146
"8426",-11.625,-54.1875,127
"8427",-11.625,-54.0625,112
"8428",-11.625,-53.9375,138
"8429",-11.625,-53.8125,125
"8430",-11.625,-53.6875,108
"8431",-11.625,-53.5625,125
"8432",-11.625,-53.4375,111
"8433",-11.625,-53.3125,98
"8434",-11.625,-53.1875,75
"8435",-11.625,-53.0625,72
"8436",-11.625,-52.9375,92
"8437",-11.625,-52.8125,83
"8438",-11.625,-52.6875,144
"8439",-11.625,-52.5625,292
"8440",-11.625,-52.4375,131
"8441",-11.625,-52.3125,80
"8442",-11.625,-52.1875,77
"8443",-11.625,-52.0625,77
"8444",-11.625,-51.9375,102
"8445",-11.625,-51.8125,86
"8446",-11.625,-51.6875,69
"8447",-11.625,-51.5625,84
"8448",-11.625,-51.4375,41
"8449",-11.625,-51.3125,65
"8450",-11.625,-51.1875,65
"8451",-11.625,-51.0625,48
"8452",-11.625,-50.9375,49
"8453",-11.625,-50.8125,46
"8454",-11.625,-50.6875,56
"8455",-11.625,-50.5625,28
"8456",-11.625,-50.4375,18
"8457",-11.625,-50.3125,17
"8458",-11.625,-50.1875,17
"8459",-11.625,-50.0625,12
"8460",-11.375,-59.8125,1
"8461",-11.375,-59.6875,9
"8462",-11.375,-59.5625,15
"8463",-11.375,-59.4375,16
"8464",-11.375,-59.3125,43
"8465",-11.375,-59.1875,136
"8466",-11.375,-59.0625,116
"8467",-11.375,-58.9375,109
"8468",-11.375,-58.8125,96
"8469",-11.375,-58.6875,125
"8470",-11.375,-58.5625,112
"8471",-11.375,-58.4375,126
"8472",-11.375,-58.3125,137
"8473",-11.375,-58.1875,431
"8474",-11.375,-58.0625,392
"8475",-11.375,-57.9375,360
"8476",-11.375,-57.8125,175
"8477",-11.375,-57.6875,109
"8478",-11.375,-57.5625,70
"8479",-11.375,-57.4375,87
"8480",-11.375,-57.3125,90
"8481",-11.375,-57.1875,84
"8482",-11.375,-57.0625,73
"8483",-11.375,-56.9375,94
"8484",-11.375,-56.8125,142
"8485",-11.375,-56.6875,66
"8486",-11.375,-56.5625,56
"8487",-11.375,-56.4375,34
"8488",-11.375,-56.3125,49
"8489",-11.375,-56.1875,29
"8490",-11.375,-56.0625,25
"8491",-11.375,-55.9375,32
"8492",-11.375,-55.8125,37
"8493",-11.375,-55.6875,30
"8494",-11.375,-55.5625,57
"8495",-11.375,-55.4375,31
"8496",-11.375,-55.3125,42
"8497",-11.375,-55.1875,62
"8498",-11.375,-55.0625,68
"8499",-11.375,-54.9375,69
"8500",-11.375,-54.8125,61
"8501",-11.375,-54.6875,93
"8502",-11.375,-54.5625,90
"8503",-11.375,-54.4375,112
"8504",-11.375,-54.3125,92
"8505",-11.375,-54.1875,119
"8506",-11.375,-54.0625,101
"8507",-11.375,-53.9375,99
"8508",-11.375,-53.8125,98
"8509",-11.375,-53.6875,106
"8510",-11.375,-53.5625,118
"8511",-11.375,-53.4375,116
"8512",-11.375,-53.3125,94
"8513",-11.375,-53.1875,101
"8514",-11.375,-53.0625,110
"8515",-11.375,-52.9375,99
"8516",-11.375,-52.8125,80
"8517",-11.375,-52.6875,88
"8518",-11.375,-52.5625,120
"8519",-11.375,-52.4375,81
"8520",-11.375,-52.3125,114
"8521",-11.375,-52.1875,86
"8522",-11.375,-52.0625,103
"8523",-11.375,-51.9375,83
"8524",-11.375,-51.8125,62
"8525",-11.375,-51.6875,51
"8526",-11.375,-51.5625,69
"8527",-11.375,-51.4375,78
"8528",-11.375,-51.3125,46
"8529",-11.375,-51.1875,53
"8530",-11.375,-51.0625,94
"8531",-11.375,-50.9375,77
"8532",-11.375,-50.8125,64
"8533",-11.375,-50.6875,43
"8534",-11.375,-50.5625,51
"8535",-11.375,-50.4375,25
"8536",-11.375,-50.3125,22
"8537",-11.375,-50.1875,32
"8538",-11.375,-50.0625,20
"8539",-11.125,-59.8125,1
"8540",-11.125,-59.6875,11
"8541",-11.125,-59.5625,5
"8542",-11.125,-59.4375,17
"8543",-11.125,-59.3125,32
"8544",-11.125,-59.1875,100
"8545",-11.125,-59.0625,115
"8546",-11.125,-58.9375,101
"8547",-11.125,-58.8125,118
"8548",-11.125,-58.6875,108
"8549",-11.125,-58.5625,138
"8550",-11.125,-58.4375,128
"8551",-11.125,-58.3125,169
"8552",-11.125,-58.1875,443
"8553",-11.125,-58.0625,285
"8554",-11.125,-57.9375,663
"8555",-11.125,-57.8125,617
"8556",-11.125,-57.6875,141
"8557",-11.125,-57.5625,107
"8558",-11.125,-57.4375,112
"8559",-11.125,-57.3125,76
"8560",-11.125,-57.1875,58
"8561",-11.125,-57.0625,85
"8562",-11.125,-56.9375,92
"8563",-11.125,-56.8125,113
"8564",-11.125,-56.6875,100
"8565",-11.125,-56.5625,62
"8566",-11.125,-56.4375,50
"8567",-11.125,-56.3125,66
"8568",-11.125,-56.1875,36
"8569",-11.125,-56.0625,48
"8570",-11.125,-55.9375,63
"8571",-11.125,-55.8125,33
"8572",-11.125,-55.6875,72
"8573",-11.125,-55.5625,47
"8574",-11.125,-55.4375,26
"8575",-11.125,-55.3125,26
"8576",-11.125,-55.1875,43
"8577",-11.125,-55.0625,69
"8578",-11.125,-54.9375,81
"8579",-11.125,-54.8125,60
"8580",-11.125,-54.6875,101
"8581",-11.125,-54.5625,100
"8582",-11.125,-54.4375,113
"8583",-11.125,-54.3125,122
"8584",-11.125,-54.1875,83
"8585",-11.125,-54.0625,89
"8586",-11.125,-53.9375,119
"8587",-11.125,-53.8125,77
"8588",-11.125,-53.6875,120
"8589",-11.125,-53.5625,103
"8590",-11.125,-53.4375,132
"8591",-11.125,-53.3125,125
"8592",-11.125,-53.1875,121
"8593",-11.125,-53.0625,132
"8594",-11.125,-52.9375,105
"8595",-11.125,-52.8125,66
"8596",-11.125,-52.6875,76
"8597",-11.125,-52.5625,84
"8598",-11.125,-52.4375,76
"8599",-11.125,-52.3125,107
"8600",-11.125,-52.1875,100
"8601",-11.125,-52.0625,78
"8602",-11.125,-51.9375,79
"8603",-11.125,-51.8125,78
"8604",-11.125,-51.6875,53
"8605",-11.125,-51.5625,43
"8606",-11.125,-51.4375,63
"8607",-11.125,-51.3125,59
"8608",-11.125,-51.1875,52
"8609",-11.125,-51.0625,51
"8610",-11.125,-50.9375,59
"8611",-11.125,-50.8125,70
"8612",-11.125,-50.6875,60
"8613",-11.125,-50.5625,48
"8614",-11.125,-50.4375,51
"8615",-11.125,-50.3125,40
"8616",-11.125,-50.1875,46
"8617",-11.125,-50.0625,39
"8618",-10.875,-59.6875,5
"8619",-10.875,-59.5625,7
"8620",-10.875,-59.4375,11
"8621",-10.875,-59.3125,36
"8622",-10.875,-59.1875,107
"8623",-10.875,-59.0625,112
"8624",-10.875,-58.9375,120
"8625",-10.875,-58.8125,118
"8626",-10.875,-58.6875,155
"8627",-10.875,-58.5625,98
"8628",-10.875,-58.4375,116
"8629",-10.875,-58.3125,193
"8630",-10.875,-58.1875,464
"8631",-10.875,-58.0625,261
"8632",-10.875,-57.9375,688
"8633",-10.875,-57.8125,498
"8634",-10.875,-57.6875,106
"8635",-10.875,-57.5625,97
"8636",-10.875,-57.4375,54
"8637",-10.875,-57.3125,54
"8638",-10.875,-57.1875,79
"8639",-10.875,-57.0625,90
"8640",-10.875,-56.9375,102
"8641",-10.875,-56.8125,86
"8642",-10.875,-56.6875,117
"8643",-10.875,-56.5625,70
"8644",-10.875,-56.4375,77
"8645",-10.875,-56.3125,84
"8646",-10.875,-56.1875,76
"8647",-10.875,-56.0625,68
"8648",-10.875,-55.9375,98
"8649",-10.875,-55.8125,68
"8650",-10.875,-55.6875,61
"8651",-10.875,-55.5625,38
"8652",-10.875,-55.4375,44
"8653",-10.875,-55.3125,62
"8654",-10.875,-55.1875,63
"8655",-10.875,-55.0625,62
"8656",-10.875,-54.9375,81
"8657",-10.875,-54.8125,59
"8658",-10.875,-54.6875,91
"8659",-10.875,-54.5625,78
"8660",-10.875,-54.4375,91
"8661",-10.875,-54.3125,72
"8662",-10.875,-54.1875,55
"8663",-10.875,-54.0625,87
"8664",-10.875,-53.9375,97
"8665",-10.875,-53.8125,64
"8666",-10.875,-53.6875,66
"8667",-10.875,-53.5625,96
"8668",-10.875,-53.4375,113
"8669",-10.875,-53.3125,120
"8670",-10.875,-53.1875,108
"8671",-10.875,-53.0625,136
"8672",-10.875,-52.9375,71
"8673",-10.875,-52.8125,73
"8674",-10.875,-52.6875,78
"8675",-10.875,-52.5625,97
"8676",-10.875,-52.4375,98
"8677",-10.875,-52.3125,97
"8678",-10.875,-52.1875,84
"8679",-10.875,-52.0625,72
"8680",-10.875,-51.9375,56
"8681",-10.875,-51.8125,73
"8682",-10.875,-51.6875,55
"8683",-10.875,-51.5625,59
"8684",-10.875,-51.4375,45
"8685",-10.875,-51.3125,57
"8686",-10.875,-51.1875,54
"8687",-10.875,-51.0625,42
"8688",-10.875,-50.9375,57
"8689",-10.875,-50.8125,51
"8690",-10.875,-50.6875,136
"8691",-10.875,-50.5625,122
"8692",-10.875,-50.4375,65
"8693",-10.875,-50.3125,51
"8694",-10.875,-50.1875,45
"8695",-10.875,-50.0625,77
"8696",-10.625,-59.6875,4
"8697",-10.625,-59.5625,2
"8698",-10.625,-59.4375,6
"8699",-10.625,-59.3125,29
"8700",-10.625,-59.1875,101
"8701",-10.625,-59.0625,99
"8702",-10.625,-58.9375,102
"8703",-10.625,-58.8125,122
"8704",-10.625,-58.6875,114
"8705",-10.625,-58.5625,154
"8706",-10.625,-58.4375,204
"8707",-10.625,-58.3125,250
"8708",-10.625,-58.1875,213
"8709",-10.625,-58.0625,378
"8710",-10.625,-57.9375,697
"8711",-10.625,-57.8125,194
"8712",-10.625,-57.6875,77
"8713",-10.625,-57.5625,50
"8714",-10.625,-57.4375,43
"8715",-10.625,-57.3125,57
"8716",-10.625,-57.1875,144
"8717",-10.625,-57.0625,172
"8718",-10.625,-56.9375,127
"8719",-10.625,-56.8125,88
"8720",-10.625,-56.6875,107
"8721",-10.625,-56.5625,88
"8722",-10.625,-56.4375,79
"8723",-10.625,-56.3125,63
"8724",-10.625,-56.1875,82
"8725",-10.625,-56.0625,84
"8726",-10.625,-55.9375,100
"8727",-10.625,-55.8125,83
"8728",-10.625,-55.6875,41
"8729",-10.625,-55.5625,38
"8730",-10.625,-55.4375,45
"8731",-10.625,-55.3125,78
"8732",-10.625,-55.1875,71
"8733",-10.625,-55.0625,68
"8734",-10.625,-54.9375,95
"8735",-10.625,-54.8125,62
"8736",-10.625,-54.6875,61
"8737",-10.625,-54.5625,70
"8738",-10.625,-54.4375,92
"8739",-10.625,-54.3125,97
"8740",-10.625,-54.1875,59
"8741",-10.625,-54.0625,72
"8742",-10.625,-53.9375,60
"8743",-10.625,-53.8125,60
"8744",-10.625,-53.6875,87
"8745",-10.625,-53.5625,93
"8746",-10.625,-53.4375,112
"8747",-10.625,-53.3125,128
"8748",-10.625,-53.1875,94
"8749",-10.625,-53.0625,90
"8750",-10.625,-52.9375,68
"8751",-10.625,-52.8125,53
"8752",-10.625,-52.6875,93
"8753",-10.625,-52.5625,63
"8754",-10.625,-52.4375,100
"8755",-10.625,-52.3125,91
"8756",-10.625,-52.1875,80
"8757",-10.625,-52.0625,53
"8758",-10.625,-51.9375,80
"8759",-10.625,-51.8125,59
"8760",-10.625,-51.6875,63
"8761",-10.625,-51.5625,73
"8762",-10.625,-51.4375,57
"8763",-10.625,-51.3125,69
"8764",-10.625,-51.1875,55
"8765",-10.625,-51.0625,49
"8766",-10.625,-50.9375,56
"8767",-10.625,-50.8125,43
"8768",-10.625,-50.6875,60
"8769",-10.625,-50.5625,82
"8770",-10.625,-50.4375,60
"8771",-10.625,-50.3125,50
"8772",-10.625,-50.1875,57
"8773",-10.625,-50.0625,69
"8774",-10.375,-59.6875,5
"8775",-10.375,-59.5625,8
"8776",-10.375,-59.4375,7
"8777",-10.375,-59.3125,39
"8778",-10.375,-59.1875,83
"8779",-10.375,-59.0625,87
"8780",-10.375,-58.9375,95
"8781",-10.375,-58.8125,95
"8782",-10.375,-58.6875,80
"8783",-10.375,-58.5625,181
"8784",-10.375,-58.4375,151
"8785",-10.375,-58.3125,120
"8786",-10.375,-58.1875,188
"8787",-10.375,-58.0625,784
"8788",-10.375,-57.9375,795
"8789",-10.375,-57.8125,152
"8790",-10.375,-57.6875,53
"8791",-10.375,-57.5625,51
"8792",-10.375,-57.4375,50
"8793",-10.375,-57.3125,67
"8794",-10.375,-57.1875,81
"8795",-10.375,-57.0625,138
"8796",-10.375,-56.9375,86
"8797",-10.375,-56.8125,112
"8798",-10.375,-56.6875,77
"8799",-10.375,-56.5625,95
"8800",-10.375,-56.4375,78
"8801",-10.375,-56.3125,58
"8802",-10.375,-56.1875,80
"8803",-10.375,-56.0625,101
"8804",-10.375,-55.9375,63
"8805",-10.375,-55.8125,67
"8806",-10.375,-55.6875,61
"8807",-10.375,-55.5625,61
"8808",-10.375,-55.4375,65
"8809",-10.375,-55.3125,60
"8810",-10.375,-55.1875,66
"8811",-10.375,-55.0625,76
"8812",-10.375,-54.9375,65
"8813",-10.375,-54.8125,72
"8814",-10.375,-54.6875,74
"8815",-10.375,-54.5625,63
"8816",-10.375,-54.4375,100
"8817",-10.375,-54.3125,101
"8818",-10.375,-54.1875,81
"8819",-10.375,-54.0625,84
"8820",-10.375,-53.9375,101
"8821",-10.375,-53.8125,105
"8822",-10.375,-53.6875,109
"8823",-10.375,-53.5625,96
"8824",-10.375,-53.4375,114
"8825",-10.375,-53.3125,113
"8826",-10.375,-53.1875,99
"8827",-10.375,-53.0625,108
"8828",-10.375,-52.9375,76
"8829",-10.375,-52.8125,61
"8830",-10.375,-52.6875,62
"8831",-10.375,-52.5625,32
"8832",-10.375,-52.4375,71
"8833",-10.375,-52.3125,68
"8834",-10.375,-52.1875,65
"8835",-10.375,-52.0625,61
"8836",-10.375,-51.9375,59
"8837",-10.375,-51.8125,61
"8838",-10.375,-51.6875,58
"8839",-10.375,-51.5625,54
"8840",-10.375,-51.4375,40
"8841",-10.375,-51.3125,67
"8842",-10.375,-51.1875,60
"8843",-10.375,-51.0625,73
"8844",-10.375,-50.9375,47
"8845",-10.375,-50.8125,68
"8846",-10.375,-50.6875,56
"8847",-10.375,-50.5625,67
"8848",-10.375,-50.4375,83
"8849",-10.375,-50.3125,50
"8850",-10.375,-50.1875,55
"8851",-10.375,-50.0625,72
"8852",-10.125,-59.4375,7
"8853",-10.125,-59.3125,16
"8854",-10.125,-59.1875,73
"8855",-10.125,-59.0625,89
"8856",-10.125,-58.9375,80
"8857",-10.125,-58.8125,82
"8858",-10.125,-58.6875,92
"8859",-10.125,-58.5625,118
"8860",-10.125,-58.4375,194
"8861",-10.125,-58.3125,208
"8862",-10.125,-58.1875,182
"8863",-10.125,-58.0625,531
"8864",-10.125,-57.9375,946
"8865",-10.125,-57.8125,166
"8866",-10.125,-57.6875,54
"8867",-10.125,-57.5625,39
"8868",-10.125,-57.4375,57
"8869",-10.125,-57.3125,87
"8870",-10.125,-57.1875,76
"8871",-10.125,-57.0625,82
"8872",-10.125,-56.9375,112
"8873",-10.125,-56.8125,123
"8874",-10.125,-56.6875,97
"8875",-10.125,-56.5625,100
"8876",-10.125,-56.4375,85
"8877",-10.125,-56.3125,64
"8878",-10.125,-56.1875,56
"8879",-10.125,-56.0625,103
"8880",-10.125,-55.9375,82
"8881",-10.125,-55.8125,102
"8882",-10.125,-55.6875,78
"8883",-10.125,-55.5625,54
"8884",-10.125,-55.4375,32
"8885",-10.125,-55.3125,64
"8886",-10.125,-55.1875,73
"8887",-10.125,-55.0625,49
"8888",-10.125,-54.9375,66
"8889",-10.125,-54.8125,73
"8890",-10.125,-54.6875,76
"8891",-10.125,-54.5625,38
"8892",-10.125,-54.4375,75
"8893",-10.125,-54.3125,80
"8894",-10.125,-54.1875,100
"8895",-10.125,-54.0625,76
"8896",-10.125,-53.9375,94
"8897",-10.125,-53.8125,143
"8898",-10.125,-53.6875,158
"8899",-10.125,-53.5625,93
"8900",-10.125,-53.4375,111
"8901",-10.125,-53.3125,87
"8902",-10.125,-53.1875,88
"8903",-10.125,-53.0625,83
"8904",-10.125,-52.9375,95
"8905",-10.125,-52.8125,86
"8906",-10.125,-52.6875,82
"8907",-10.125,-52.5625,55
"8908",-10.125,-52.4375,36
"8909",-10.125,-52.3125,51
"8910",-10.125,-52.1875,49
"8911",-10.125,-52.0625,44
"8912",-10.125,-51.9375,46
"8913",-10.125,-51.8125,56
"8914",-10.125,-51.6875,59
"8915",-10.125,-51.5625,51
"8916",-10.125,-51.4375,57
"8917",-10.125,-51.3125,89
"8918",-10.125,-51.1875,156
"8919",-10.125,-51.0625,124
"8920",-10.125,-50.9375,51
"8921",-10.125,-50.8125,53
"8922",-10.125,-50.6875,38
"8923",-10.125,-50.5625,63
"8924",-10.125,-50.4375,101
"8925",-10.125,-50.3125,54
"8926",-10.125,-50.1875,52
"8927",-10.125,-50.0625,48
"8928",-9.875,-59.4375,16
"8929",-9.875,-59.3125,9
"8930",-9.875,-59.1875,72
"8931",-9.875,-59.0625,85
"8932",-9.875,-58.9375,71
"8933",-9.875,-58.8125,68
"8934",-9.875,-58.6875,92
"8935",-9.875,-58.5625,161
"8936",-9.875,-58.4375,241
"8937",-9.875,-58.3125,134
"8938",-9.875,-58.1875,204
"8939",-9.875,-58.0625,490
"8940",-9.875,-57.9375,691
"8941",-9.875,-57.8125,222
"8942",-9.875,-57.6875,128
"8943",-9.875,-57.5625,48
"8944",-9.875,-57.4375,63
"8945",-9.875,-57.3125,128
"8946",-9.875,-57.1875,87
"8947",-9.875,-57.0625,79
"8948",-9.875,-56.9375,113
"8949",-9.875,-56.8125,95
"8950",-9.875,-56.6875,73
"8951",-9.875,-56.5625,64
"8952",-9.875,-56.4375,59
"8953",-9.875,-56.3125,61
"8954",-9.875,-56.1875,56
"8955",-9.875,-56.0625,53
"8956",-9.875,-55.9375,105
"8957",-9.875,-55.8125,88
"8958",-9.875,-55.6875,70
"8959",-9.875,-55.5625,45
"8960",-9.875,-55.4375,48
"8961",-9.875,-55.3125,49
"8962",-9.875,-55.1875,38
"8963",-9.875,-55.0625,53
"8964",-9.875,-54.9375,57
"8965",-9.875,-54.8125,36
"8966",-9.875,-54.6875,53
"8967",-9.875,-54.5625,60
"8968",-9.875,-54.4375,46
"8969",-9.875,-54.3125,55
"8970",-9.875,-54.1875,79
"8971",-9.875,-54.0625,69
"8972",-9.875,-53.9375,98
"8973",-9.875,-53.8125,99
"8974",-9.875,-53.6875,139
"8975",-9.875,-53.5625,81
"8976",-9.875,-53.4375,112
"8977",-9.875,-53.3125,103
"8978",-9.875,-53.1875,86
"8979",-9.875,-53.0625,59
"8980",-9.875,-52.9375,78
"8981",-9.875,-52.8125,89
"8982",-9.875,-52.6875,81
"8983",-9.875,-52.5625,93
"8984",-9.875,-52.4375,88
"8985",-9.875,-52.3125,78
"8986",-9.875,-52.1875,71
"8987",-9.875,-52.0625,63
"8988",-9.875,-51.9375,52
"8989",-9.875,-51.8125,51
"8990",-9.875,-51.6875,56
"8991",-9.875,-51.5625,61
"8992",-9.875,-51.4375,68
"8993",-9.875,-51.3125,80
"8994",-9.875,-51.1875,124
"8995",-9.875,-51.0625,83
"8996",-9.875,-50.9375,42
"8997",-9.875,-50.8125,41
"8998",-9.875,-50.6875,44
"8999",-9.875,-50.5625,68
"9000",-9.875,-50.4375,72
"9001",-9.875,-50.3125,43
"9002",-9.875,-50.1875,53
"9003",-9.875,-50.0625,91
"9004",-9.625,-59.5625,4
"9005",-9.625,-59.3125,10
"9006",-9.625,-59.1875,57
"9007",-9.625,-59.0625,68
"9008",-9.625,-58.9375,84
"9009",-9.625,-58.8125,87
"9010",-9.625,-58.6875,108
"9011",-9.625,-58.5625,119
"9012",-9.625,-58.4375,161
"9013",-9.625,-58.3125,133
"9014",-9.625,-58.1875,189
"9015",-9.625,-58.0625,185
"9016",-9.625,-57.9375,387
"9017",-9.625,-57.8125,317
"9018",-9.625,-57.6875,99
"9019",-9.625,-57.5625,46
"9020",-9.625,-57.4375,57
"9021",-9.625,-57.3125,110
"9022",-9.625,-57.1875,89
"9023",-9.625,-57.0625,109
"9024",-9.625,-56.9375,101
"9025",-9.625,-56.8125,82
"9026",-9.625,-56.6875,70
"9027",-9.625,-56.5625,66
"9028",-9.625,-56.4375,51
"9029",-9.625,-56.3125,71
"9030",-9.625,-56.1875,64
"9031",-9.625,-56.0625,59
"9032",-9.625,-55.9375,89
"9033",-9.625,-55.8125,101
"9034",-9.625,-55.6875,66
"9035",-9.625,-55.5625,61
"9036",-9.625,-55.4375,54
"9037",-9.625,-55.3125,50
"9038",-9.625,-55.1875,62
"9039",-9.625,-55.0625,43
"9040",-9.625,-54.9375,36
"9041",-9.625,-54.8125,46
"9042",-9.625,-54.6875,47
"9043",-9.625,-54.5625,43
"9044",-9.625,-54.4375,43
"9045",-9.625,-54.3125,49
"9046",-9.625,-54.1875,48
"9047",-9.625,-54.0625,28
"9048",-9.625,-53.9375,65
"9049",-9.625,-53.8125,53
"9050",-9.625,-53.6875,69
"9051",-9.625,-53.5625,101
"9052",-9.625,-53.4375,92
"9053",-9.625,-53.3125,116
"9054",-9.625,-53.1875,95
"9055",-9.625,-53.0625,96
"9056",-9.625,-52.9375,74
"9057",-9.625,-52.8125,66
"9058",-9.625,-52.6875,62
"9059",-9.625,-52.5625,73
"9060",-9.625,-52.4375,73
"9061",-9.625,-52.3125,82
"9062",-9.625,-52.1875,84
"9063",-9.625,-52.0625,85
"9064",-9.625,-51.9375,87
"9065",-9.625,-51.8125,78
"9066",-9.625,-51.6875,63
"9067",-9.625,-51.5625,66
"9068",-9.625,-51.4375,58
"9069",-9.625,-51.3125,55
"9070",-9.625,-51.1875,80
"9071",-9.625,-51.0625,68
"9072",-9.625,-50.9375,69
"9073",-9.625,-50.8125,52
"9074",-9.625,-50.6875,54
"9075",-9.625,-50.5625,46
"9076",-9.625,-50.4375,77
"9077",-9.625,-50.3125,56
"9078",-9.625,-50.1875,39
"9079",-9.625,-50.0625,89
"9080",-9.375,-59.5625,1
"9081",-9.375,-59.4375,1
"9082",-9.375,-59.3125,3
"9083",-9.375,-59.1875,21
"9084",-9.375,-59.0625,72
"9085",-9.375,-58.9375,80
"9086",-9.375,-58.8125,98
"9087",-9.375,-58.6875,176
"9088",-9.375,-58.5625,136
"9089",-9.375,-58.4375,161
"9090",-9.375,-58.3125,137
"9091",-9.375,-58.1875,129
"9092",-9.375,-58.0625,135
"9093",-9.375,-57.9375,430
"9094",-9.375,-57.8125,269
"9095",-9.375,-57.6875,78
"9096",-9.375,-57.5625,37
"9097",-9.375,-57.4375,42
"9098",-9.375,-57.3125,87
"9099",-9.375,-57.1875,85
"9100",-9.375,-57.0625,88
"9101",-9.375,-56.9375,87
"9102",-9.375,-56.8125,62
"9103",-9.375,-56.6875,103
"9104",-9.375,-56.5625,82
"9105",-9.375,-56.4375,84
"9106",-9.375,-56.3125,79
"9107",-9.375,-56.1875,61
"9108",-9.375,-56.0625,51
"9109",-9.375,-55.9375,74
"9110",-9.375,-55.8125,77
"9111",-9.375,-55.6875,77
"9112",-9.375,-55.5625,64
"9113",-9.375,-55.4375,51
"9114",-9.375,-55.3125,55
"9115",-9.375,-55.1875,45
"9116",-9.375,-55.0625,31
"9117",-9.375,-54.9375,37
"9118",-9.375,-54.8125,24
"9119",-9.375,-54.6875,24
"9120",-9.375,-54.5625,28
"9121",-9.375,-54.4375,33
"9122",-9.375,-54.3125,37
"9123",-9.375,-54.1875,31
"9124",-9.375,-54.0625,34
"9125",-9.375,-53.9375,30
"9126",-9.375,-53.8125,47
"9127",-9.375,-53.6875,45
"9128",-9.375,-53.5625,41
"9129",-9.375,-53.4375,66
"9130",-9.375,-53.3125,87
"9131",-9.375,-53.1875,83
"9132",-9.375,-53.0625,78
"9133",-9.375,-52.9375,79
"9134",-9.375,-52.8125,74
"9135",-9.375,-52.6875,78
"9136",-9.375,-52.5625,55
"9137",-9.375,-52.4375,60
"9138",-9.375,-52.3125,64
"9139",-9.375,-52.1875,69
"9140",-9.375,-52.0625,71
"9141",-9.375,-51.9375,100
"9142",-9.375,-51.8125,62
"9143",-9.375,-51.6875,79
"9144",-9.375,-51.5625,78
"9145",-9.375,-51.4375,59
"9146",-9.375,-51.3125,59
"9147",-9.375,-51.1875,57
"9148",-9.375,-51.0625,48
"9149",-9.375,-50.9375,48
"9150",-9.375,-50.8125,45
"9151",-9.375,-50.6875,57
"9152",-9.375,-50.5625,48
"9153",-9.375,-50.4375,52
"9154",-9.375,-50.3125,65
"9155",-9.375,-50.1875,59
"9156",-9.375,-50.0625,76
"9157",-9.125,-59.4375,2
"9158",-9.125,-59.1875,10
"9159",-9.125,-59.0625,39
"9160",-9.125,-58.9375,78
"9161",-9.125,-58.8125,93
"9162",-9.125,-58.6875,142
"9163",-9.125,-58.5625,129
"9164",-9.125,-58.4375,139
"9165",-9.125,-58.3125,119
"9166",-9.125,-58.1875,144
"9167",-9.125,-58.0625,113
"9168",-9.125,-57.9375,291
"9169",-9.125,-57.8125,393
"9170",-9.125,-57.6875,140
"9171",-9.125,-57.5625,106
"9172",-9.125,-57.4375,117
"9173",-9.125,-57.3125,95
"9174",-9.125,-57.1875,63
"9175",-9.125,-57.0625,82
"9176",-9.125,-56.9375,77
"9177",-9.125,-56.8125,71
"9178",-9.125,-56.6875,76
"9179",-9.125,-56.5625,57
"9180",-9.125,-56.4375,54
"9181",-9.125,-56.3125,33
"9182",-9.125,-56.1875,26
"9183",-9.125,-56.0625,42
"9184",-9.125,-55.9375,63
"9185",-9.125,-55.8125,71
"9186",-9.125,-55.6875,61
"9187",-9.125,-55.5625,73
"9188",-9.125,-55.4375,51
"9189",-9.125,-55.3125,42
"9190",-9.125,-55.1875,48
"9191",-9.125,-55.0625,27
"9192",-9.125,-54.9375,39
"9193",-9.125,-54.8125,30
"9194",-9.125,-54.6875,18
"9195",-9.125,-54.5625,18
"9196",-9.125,-54.4375,27
"9197",-9.125,-54.3125,30
"9198",-9.125,-54.1875,27
"9199",-9.125,-54.0625,34
"9200",-9.125,-53.9375,34
"9201",-9.125,-53.8125,36
"9202",-9.125,-53.6875,24
"9203",-9.125,-53.5625,44
"9204",-9.125,-53.4375,34
"9205",-9.125,-53.3125,56
"9206",-9.125,-53.1875,54
"9207",-9.125,-53.0625,72
"9208",-9.125,-52.9375,76
"9209",-9.125,-52.8125,72
"9210",-9.125,-52.6875,36
"9211",-9.125,-52.5625,45
"9212",-9.125,-52.4375,52
"9213",-9.125,-52.3125,63
"9214",-9.125,-52.1875,49
"9215",-9.125,-52.0625,62
"9216",-9.125,-51.9375,69
"9217",-9.125,-51.8125,34
"9218",-9.125,-51.6875,53
"9219",-9.125,-51.5625,59
"9220",-9.125,-51.4375,58
"9221",-9.125,-51.3125,58
"9222",-9.125,-51.1875,42
"9223",-9.125,-51.0625,48
"9224",-9.125,-50.9375,22
"9225",-9.125,-50.8125,23
"9226",-9.125,-50.6875,49
"9227",-9.125,-50.5625,45
"9228",-9.125,-50.4375,39
"9229",-9.125,-50.3125,32
"9230",-9.125,-50.1875,51
"9231",-9.125,-50.0625,94
"9232",-8.875,-59.4375,1
"9233",-8.875,-59.3125,5
"9234",-8.875,-59.1875,4
"9235",-8.875,-59.0625,19
"9236",-8.875,-58.9375,52
"9237",-8.875,-58.8125,115
"9238",-8.875,-58.6875,123
"9239",-8.875,-58.5625,150
"9240",-8.875,-58.4375,147
"9241",-8.875,-58.3125,165
"9242",-8.875,-58.1875,131
"9243",-8.875,-58.0625,123
"9244",-8.875,-57.9375,201
"9245",-8.875,-57.8125,647
"9246",-8.875,-57.6875,195
"9247",-8.875,-57.5625,115
"9248",-8.875,-57.4375,65
"9249",-8.875,-57.3125,109
"9250",-8.875,-57.1875,80
"9251",-8.875,-57.0625,114
"9252",-8.875,-56.9375,119
"9253",-8.875,-56.8125,70
"9254",-8.875,-56.6875,59
"9255",-8.875,-56.5625,46
"9256",-8.875,-56.4375,39
"9257",-8.875,-56.3125,31
"9258",-8.875,-56.1875,31
"9259",-8.875,-56.0625,53
"9260",-8.875,-55.9375,61
"9261",-8.875,-55.8125,48
"9262",-8.875,-55.6875,71
"9263",-8.875,-55.5625,52
"9264",-8.875,-55.4375,61
"9265",-8.875,-55.3125,43
"9266",-8.875,-55.1875,37
"9267",-8.875,-55.0625,30
"9268",-8.875,-54.9375,35
"9269",-8.875,-54.8125,31
"9270",-8.875,-54.6875,21
"9271",-8.875,-54.5625,42
"9272",-8.875,-54.4375,28
"9273",-8.875,-54.3125,37
"9274",-8.875,-54.1875,43
"9275",-8.875,-54.0625,24
"9276",-8.875,-53.9375,33
"9277",-8.875,-53.8125,41
"9278",-8.875,-53.6875,48
"9279",-8.875,-53.5625,44
"9280",-8.875,-53.4375,36
"9281",-8.875,-53.3125,38
"9282",-8.875,-53.1875,46
"9283",-8.875,-53.0625,53
"9284",-8.875,-52.9375,38
"9285",-8.875,-52.8125,34
"9286",-8.875,-52.6875,41
"9287",-8.875,-52.5625,21
"9288",-8.875,-52.4375,24
"9289",-8.875,-52.3125,41
"9290",-8.875,-52.1875,40
"9291",-8.875,-52.0625,72
"9292",-8.875,-51.9375,66
"9293",-8.875,-51.8125,48
"9294",-8.875,-51.6875,48
"9295",-8.875,-51.5625,56
"9296",-8.875,-51.4375,49
"9297",-8.875,-51.3125,51
"9298",-8.875,-51.1875,46
"9299",-8.875,-51.0625,74
"9300",-8.875,-50.9375,39
"9301",-8.875,-50.8125,27
"9302",-8.875,-50.6875,12
"9303",-8.875,-50.5625,28
"9304",-8.875,-50.4375,32
"9305",-8.875,-50.3125,26
"9306",-8.875,-50.1875,27
"9307",-8.875,-50.0625,43
"9308",-8.625,-59.0625,11
"9309",-8.625,-58.9375,35
"9310",-8.625,-58.8125,105
"9311",-8.625,-58.6875,164
"9312",-8.625,-58.5625,158
"9313",-8.625,-58.4375,136
"9314",-8.625,-58.3125,117
"9315",-8.625,-58.1875,97
"9316",-8.625,-58.0625,114
"9317",-8.625,-57.9375,211
"9318",-8.625,-57.8125,613
"9319",-8.625,-57.6875,212
"9320",-8.625,-57.5625,88
"9321",-8.625,-57.4375,100
"9322",-8.625,-57.3125,114
"9323",-8.625,-57.1875,95
"9324",-8.625,-57.0625,89
"9325",-8.625,-56.9375,108
"9326",-8.625,-56.8125,78
"9327",-8.625,-56.6875,69
"9328",-8.625,-56.5625,29
"9329",-8.625,-56.4375,32
"9330",-8.625,-56.3125,45
"9331",-8.625,-56.1875,58
"9332",-8.625,-56.0625,51
"9333",-8.625,-55.9375,60
"9334",-8.625,-55.8125,48
"9335",-8.625,-55.6875,52
"9336",-8.625,-55.5625,45
"9337",-8.625,-55.4375,59
"9338",-8.625,-55.3125,49
"9339",-8.625,-55.1875,30
"9340",-8.625,-55.0625,22
"9341",-8.625,-54.9375,27
"9342",-8.625,-54.8125,11
"9343",-8.625,-54.6875,23
"9344",-8.625,-54.5625,29
"9345",-8.625,-54.4375,23
"9346",-8.625,-54.3125,34
"9347",-8.625,-54.1875,22
"9348",-8.625,-54.0625,24
"9349",-8.625,-53.9375,27
"9350",-8.625,-53.8125,19
"9351",-8.625,-53.6875,30
"9352",-8.625,-53.5625,15
"9353",-8.625,-53.4375,29
"9354",-8.625,-53.3125,49
"9355",-8.625,-53.1875,29
"9356",-8.625,-53.0625,23
"9357",-8.625,-52.9375,50
"9358",-8.625,-52.8125,47
"9359",-8.625,-52.6875,31
"9360",-8.625,-52.5625,27
"9361",-8.625,-52.4375,18
"9362",-8.625,-52.3125,36
"9363",-8.625,-52.1875,51
"9364",-8.625,-52.0625,68
"9365",-8.625,-51.9375,77
"9366",-8.625,-51.8125,62
"9367",-8.625,-51.6875,55
"9368",-8.625,-51.5625,34
"9369",-8.625,-51.4375,39
"9370",-8.625,-51.3125,63
"9371",-8.625,-51.1875,46
"9372",-8.625,-51.0625,59
"9373",-8.625,-50.9375,54
"9374",-8.625,-50.8125,47
"9375",-8.625,-50.6875,21
"9376",-8.625,-50.5625,14
"9377",-8.625,-50.4375,29
"9378",-8.625,-50.3125,30
"9379",-8.625,-50.1875,24
"9380",-8.625,-50.0625,26
"9381",-8.375,-59.0625,7
"9382",-8.375,-58.9375,29
"9383",-8.375,-58.8125,83
"9384",-8.375,-58.6875,159
"9385",-8.375,-58.5625,122
"9386",-8.375,-58.4375,109
"9387",-8.375,-58.3125,90
"9388",-8.375,-58.1875,61
"9389",-8.375,-58.0625,134
"9390",-8.375,-57.9375,380
"9391",-8.375,-57.8125,592
"9392",-8.375,-57.6875,127
"9393",-8.375,-57.5625,71
"9394",-8.375,-57.4375,85
"9395",-8.375,-57.3125,31
"9396",-8.375,-57.1875,50
"9397",-8.375,-57.0625,59
"9398",-8.375,-56.9375,79
"9399",-8.375,-56.8125,60
"9400",-8.375,-56.6875,46
"9401",-8.375,-56.5625,43
"9402",-8.375,-56.4375,37
"9403",-8.375,-56.3125,32
"9404",-8.375,-56.1875,56
"9405",-8.375,-56.0625,39
"9406",-8.375,-55.9375,56
"9407",-8.375,-55.8125,32
"9408",-8.375,-55.6875,65
"9409",-8.375,-55.5625,59
"9410",-8.375,-55.4375,62
"9411",-8.375,-55.3125,54
"9412",-8.375,-55.1875,34
"9413",-8.375,-55.0625,25
"9414",-8.375,-54.9375,21
"9415",-8.375,-54.8125,19
"9416",-8.375,-54.6875,32
"9417",-8.375,-54.5625,37
"9418",-8.375,-54.4375,25
"9419",-8.375,-54.3125,23
"9420",-8.375,-54.1875,32
"9421",-8.375,-54.0625,24
"9422",-8.375,-53.9375,29
"9423",-8.375,-53.8125,20
"9424",-8.375,-53.6875,20
"9425",-8.375,-53.5625,22
"9426",-8.375,-53.4375,9
"9427",-8.375,-53.3125,39
"9428",-8.375,-53.1875,36
"9429",-8.375,-53.0625,22
"9430",-8.375,-52.9375,9
"9431",-8.375,-52.8125,10
"9432",-8.375,-52.6875,22
"9433",-8.375,-52.5625,61
"9434",-8.375,-52.4375,35
"9435",-8.375,-52.3125,23
"9436",-8.375,-52.1875,60
"9437",-8.375,-52.0625,47
"9438",-8.375,-51.9375,49
"9439",-8.375,-51.8125,55
"9440",-8.375,-51.6875,28
"9441",-8.375,-51.5625,32
"9442",-8.375,-51.4375,30
"9443",-8.375,-51.3125,37
"9444",-8.375,-51.1875,38
"9445",-8.375,-51.0625,35
"9446",-8.375,-50.9375,51
"9447",-8.375,-50.8125,75
"9448",-8.375,-50.6875,41
"9449",-8.375,-50.5625,14
"9450",-8.375,-50.4375,16
"9451",-8.375,-50.3125,25
"9452",-8.375,-50.1875,15
"9453",-8.375,-50.0625,20
"9454",-8.125,-59.0625,6
"9455",-8.125,-58.9375,28
"9456",-8.125,-58.8125,81
"9457",-8.125,-58.6875,100
"9458",-8.125,-58.5625,125
"9459",-8.125,-58.4375,92
"9460",-8.125,-58.3125,91
"9461",-8.125,-58.1875,65
"9462",-8.125,-58.0625,240
"9463",-8.125,-57.9375,234
"9464",-8.125,-57.8125,433
"9465",-8.125,-57.6875,151
"9466",-8.125,-57.5625,95
"9467",-8.125,-57.4375,101
"9468",-8.125,-57.3125,76
"9469",-8.125,-57.1875,37
"9470",-8.125,-57.0625,53
"9471",-8.125,-56.9375,67
"9472",-8.125,-56.8125,56
"9473",-8.125,-56.6875,19
"9474",-8.125,-56.5625,34
"9475",-8.125,-56.4375,41
"9476",-8.125,-56.3125,40
"9477",-8.125,-56.1875,31
"9478",-8.125,-56.0625,48
"9479",-8.125,-55.9375,55
"9480",-8.125,-55.8125,25
"9481",-8.125,-55.6875,30
"9482",-8.125,-55.5625,58
"9483",-8.125,-55.4375,68
"9484",-8.125,-55.3125,63
"9485",-8.125,-55.1875,51
"9486",-8.125,-55.0625,45
"9487",-8.125,-54.9375,34
"9488",-8.125,-54.8125,25
"9489",-8.125,-54.6875,33
"9490",-8.125,-54.5625,27
"9491",-8.125,-54.4375,39
"9492",-8.125,-54.3125,22
"9493",-8.125,-54.1875,22
"9494",-8.125,-54.0625,32
"9495",-8.125,-53.9375,23
"9496",-8.125,-53.8125,14
"9497",-8.125,-53.6875,21
"9498",-8.125,-53.5625,21
"9499",-8.125,-53.4375,10
"9500",-8.125,-53.3125,10
"9501",-8.125,-53.1875,21
"9502",-8.125,-53.0625,22
"9503",-8.125,-52.9375,29
"9504",-8.125,-52.8125,29
"9505",-8.125,-52.6875,18
"9506",-8.125,-52.5625,28
"9507",-8.125,-52.4375,35
"9508",-8.125,-52.3125,21
"9509",-8.125,-52.1875,20
"9510",-8.125,-52.0625,59
"9511",-8.125,-51.9375,44
"9512",-8.125,-51.8125,75
"9513",-8.125,-51.6875,40
"9514",-8.125,-51.5625,24
"9515",-8.125,-51.4375,30
"9516",-8.125,-51.3125,22
"9517",-8.125,-51.1875,30
"9518",-8.125,-51.0625,38
"9519",-8.125,-50.9375,23
"9520",-8.125,-50.8125,30
"9521",-8.125,-50.6875,32
"9522",-8.125,-50.5625,17
"9523",-8.125,-50.4375,17
"9524",-8.125,-50.3125,23
"9525",-8.125,-50.1875,3
"9526",-8.125,-50.0625,12
"9527",-7.875,-59.0625,5
"9528",-7.875,-58.9375,17
"9529",-7.875,-58.8125,59
"9530",-7.875,-58.6875,82
"9531",-7.875,-58.5625,115
"9532",-7.875,-58.4375,94
"9533",-7.875,-58.3125,91
"9534",-7.875,-58.1875,90
"9535",-7.875,-58.0625,194
"9536",-7.875,-57.9375,197
"9537",-7.875,-57.8125,337
"9538",-7.875,-57.6875,121
"9539",-7.875,-57.5625,91
"9540",-7.875,-57.4375,43
"9541",-7.875,-57.3125,50
"9542",-7.875,-57.1875,96
"9543",-7.875,-57.0625,60
"9544",-7.875,-56.9375,59
"9545",-7.875,-56.8125,49
"9546",-7.875,-56.6875,21
"9547",-7.875,-56.5625,27
"9548",-7.875,-56.4375,34
"9549",-7.875,-56.3125,43
"9550",-7.875,-56.1875,44
"9551",-7.875,-56.0625,41
"9552",-7.875,-55.9375,58
"9553",-7.875,-55.8125,20
"9554",-7.875,-55.6875,6
"9555",-7.875,-55.5625,32
"9556",-7.875,-55.4375,59
"9557",-7.875,-55.3125,57
"9558",-7.875,-55.1875,38
"9559",-7.875,-55.0625,61
"9560",-7.875,-54.9375,34
"9561",-7.875,-54.8125,33
"9562",-7.875,-54.6875,31
"9563",-7.875,-54.5625,27
"9564",-7.875,-54.4375,31
"9565",-7.875,-54.3125,10
"9566",-7.875,-54.1875,25
"9567",-7.875,-54.0625,37
"9568",-7.875,-53.9375,18
"9569",-7.875,-53.8125,16
"9570",-7.875,-53.6875,27
"9571",-7.875,-53.5625,2
"9572",-7.875,-53.4375,6
"9573",-7.875,-53.3125,16
"9574",-7.875,-53.1875,14
"9575",-7.875,-53.0625,16
"9576",-7.875,-52.9375,17
"9577",-7.875,-52.8125,14
"9578",-7.875,-52.6875,21
"9579",-7.875,-52.5625,36
"9580",-7.875,-52.4375,32
"9581",-7.875,-52.3125,6
"9582",-7.875,-52.1875,18
"9583",-7.875,-52.0625,12
"9584",-7.875,-51.9375,29
"9585",-7.875,-51.8125,47
"9586",-7.875,-51.6875,29
"9587",-7.875,-51.5625,23
"9588",-7.875,-51.4375,24
"9589",-7.875,-51.3125,18
"9590",-7.875,-51.1875,14
"9591",-7.875,-51.0625,23
"9592",-7.875,-50.9375,30
"9593",-7.875,-50.8125,21
"9594",-7.875,-50.6875,19
"9595",-7.875,-50.5625,24
"9596",-7.875,-50.4375,15
"9597",-7.875,-50.3125,30
"9598",-7.875,-50.1875,14
"9599",-7.875,-50.0625,9
"9600",-7.625,-59.0625,4
"9601",-7.625,-58.9375,21
"9602",-7.625,-58.8125,49
"9603",-7.625,-58.6875,89
"9604",-7.625,-58.5625,76
"9605",-7.625,-58.4375,91
"9606",-7.625,-58.3125,87
"9607",-7.625,-58.1875,159
"9608",-7.625,-58.0625,155
"9609",-7.625,-57.9375,172
"9610",-7.625,-57.8125,222
"9611",-7.625,-57.6875,96
"9612",-7.625,-57.5625,78
"9613",-7.625,-57.4375,70
"9614",-7.625,-57.3125,50
"9615",-7.625,-57.1875,63
"9616",-7.625,-57.0625,56
"9617",-7.625,-56.9375,49
"9618",-7.625,-56.8125,43
"9619",-7.625,-56.6875,44
"9620",-7.625,-56.5625,28
"9621",-7.625,-56.4375,23
"9622",-7.625,-56.3125,43
"9623",-7.625,-56.1875,38
"9624",-7.625,-56.0625,34
"9625",-7.625,-55.9375,62
"9626",-7.625,-55.8125,51
"9627",-7.625,-55.6875,26
"9628",-7.625,-55.5625,45
"9629",-7.625,-55.4375,29
"9630",-7.625,-55.3125,42
"9631",-7.625,-55.1875,25
"9632",-7.625,-55.0625,30
"9633",-7.625,-54.9375,48
"9634",-7.625,-54.8125,54
"9635",-7.625,-54.6875,38
"9636",-7.625,-54.5625,27
"9637",-7.625,-54.4375,17
"9638",-7.625,-54.3125,19
"9639",-7.625,-54.1875,22
"9640",-7.625,-54.0625,26
"9641",-7.625,-53.9375,19
"9642",-7.625,-53.8125,13
"9643",-7.625,-53.6875,4
"9644",-7.625,-53.5625,8
"9645",-7.625,-53.4375,12
"9646",-7.625,-53.3125,19
"9647",-7.625,-53.1875,13
"9648",-7.625,-53.0625,20
"9649",-7.625,-52.9375,10
"9650",-7.625,-52.8125,13
"9651",-7.625,-52.6875,19
"9652",-7.625,-52.5625,39
"9653",-7.625,-52.4375,22
"9654",-7.625,-52.3125,20
"9655",-7.625,-52.1875,26
"9656",-7.625,-52.0625,18
"9657",-7.625,-51.9375,25
"9658",-7.625,-51.8125,29
"9659",-7.625,-51.6875,30
"9660",-7.625,-51.5625,29
"9661",-7.625,-51.4375,33
"9662",-7.625,-51.3125,26
"9663",-7.625,-51.1875,15
"9664",-7.625,-51.0625,10
"9665",-7.625,-50.9375,24
"9666",-7.625,-50.8125,34
"9667",-7.625,-50.6875,19
"9668",-7.625,-50.5625,22
"9669",-7.625,-50.4375,14
"9670",-7.625,-50.3125,19
"9671",-7.625,-50.1875,16
"9672",-7.625,-50.0625,1
"9673",-7.375,-59.0625,5
"9674",-7.375,-58.9375,13
"9675",-7.375,-58.8125,41
"9676",-7.375,-58.6875,58
"9677",-7.375,-58.5625,90
"9678",-7.375,-58.4375,110
"9679",-7.375,-58.3125,102
"9680",-7.375,-58.1875,225
"9681",-7.375,-58.0625,149
"9682",-7.375,-57.9375,143
"9683",-7.375,-57.8125,164
"9684",-7.375,-57.6875,71
"9685",-7.375,-57.5625,122
"9686",-7.375,-57.4375,118
"9687",-7.375,-57.3125,30
"9688",-7.375,-57.1875,43
"9689",-7.375,-57.0625,79
"9690",-7.375,-56.9375,57
"9691",-7.375,-56.8125,30
"9692",-7.375,-56.6875,32
"9693",-7.375,-56.5625,36
"9694",-7.375,-56.4375,28
"9695",-7.375,-56.3125,43
"9696",-7.375,-56.1875,35
"9697",-7.375,-56.0625,40
"9698",-7.375,-55.9375,47
"9699",-7.375,-55.8125,15
"9700",-7.375,-55.6875,17
"9701",-7.375,-55.5625,33
"9702",-7.375,-55.4375,52
"9703",-7.375,-55.3125,42
"9704",-7.375,-55.1875,61
"9705",-7.375,-55.0625,42
"9706",-7.375,-54.9375,44
"9707",-7.375,-54.8125,36
"9708",-7.375,-54.6875,44
"9709",-7.375,-54.5625,39
"9710",-7.375,-54.4375,30
"9711",-7.375,-54.3125,15
"9712",-7.375,-54.1875,10
"9713",-7.375,-54.0625,22
"9714",-7.375,-53.9375,30
"9715",-7.375,-53.8125,17
"9716",-7.375,-53.6875,32
"9717",-7.375,-53.5625,37
"9718",-7.375,-53.4375,22
"9719",-7.375,-53.3125,22
"9720",-7.375,-53.1875,29
"9721",-7.375,-53.0625,11
"9722",-7.375,-52.9375,7
"9723",-7.375,-52.8125,12
"9724",-7.375,-52.6875,5
"9725",-7.375,-52.5625,34
"9726",-7.375,-52.4375,28
"9727",-7.375,-52.3125,10
"9728",-7.375,-52.1875,25
"9729",-7.375,-52.0625,50
"9730",-7.375,-51.9375,21
"9731",-7.375,-51.8125,6
"9732",-7.375,-51.6875,26
"9733",-7.375,-51.5625,11
"9734",-7.375,-51.4375,4
"9735",-7.375,-51.3125,8
"9736",-7.375,-51.1875,7
"9737",-7.375,-51.0625,16
"9738",-7.375,-50.9375,39
"9739",-7.375,-50.8125,40
"9740",-7.375,-50.6875,40
"9741",-7.375,-50.5625,17
"9742",-7.375,-50.4375,23
"9743",-7.375,-50.3125,7
"9744",-7.375,-50.1875,8
"9745",-7.375,-50.0625,10
"9746",-7.125,-59.0625,8
"9747",-7.125,-58.9375,11
"9748",-7.125,-58.8125,36
"9749",-7.125,-58.6875,44
"9750",-7.125,-58.5625,68
"9751",-7.125,-58.4375,78
"9752",-7.125,-58.3125,102
"9753",-7.125,-58.1875,180
"9754",-7.125,-58.0625,131
"9755",-7.125,-57.9375,113
"9756",-7.125,-57.8125,156
"9757",-7.125,-57.6875,103
"9758",-7.125,-57.5625,127
"9759",-7.125,-57.4375,75
"9760",-7.125,-57.3125,72
"9761",-7.125,-57.1875,69
"9762",-7.125,-57.0625,65
"9763",-7.125,-56.9375,67
"9764",-7.125,-56.8125,42
"9765",-7.125,-56.6875,23
"9766",-7.125,-56.5625,34
"9767",-7.125,-56.4375,39
"9768",-7.125,-56.3125,22
"9769",-7.125,-56.1875,34
"9770",-7.125,-56.0625,46
"9771",-7.125,-55.9375,29
"9772",-7.125,-55.8125,28
"9773",-7.125,-55.6875,27
"9774",-7.125,-55.5625,22
"9775",-7.125,-55.4375,30
"9776",-7.125,-55.3125,34
"9777",-7.125,-55.1875,48
"9778",-7.125,-55.0625,49
"9779",-7.125,-54.9375,26
"9780",-7.125,-54.8125,28
"9781",-7.125,-54.6875,38
"9782",-7.125,-54.5625,30
"9783",-7.125,-54.4375,32
"9784",-7.125,-54.3125,19
"9785",-7.125,-54.1875,7
"9786",-7.125,-54.0625,15
"9787",-7.125,-53.9375,18
"9788",-7.125,-53.8125,28
"9789",-7.125,-53.6875,29
"9790",-7.125,-53.5625,33
"9791",-7.125,-53.4375,38
"9792",-7.125,-53.3125,21
"9793",-7.125,-53.1875,6
"9794",-7.125,-53.0625,4
"9795",-7.125,-52.9375,7
"9796",-7.125,-52.8125,13
"9797",-7.125,-52.6875,7
"9798",-7.125,-52.5625,16
"9799",-7.125,-52.4375,18
"9800",-7.125,-52.3125,22
"9801",-7.125,-52.1875,14
"9802",-7.125,-52.0625,26
"9803",-7.125,-51.9375,26
"9804",-7.125,-51.8125,14
"9805",-7.125,-51.6875,14
"9806",-7.125,-51.5625,8
"9807",-7.125,-51.3125,8
"9808",-7.125,-51.1875,20
"9809",-7.125,-51.0625,38
"9810",-7.125,-50.9375,64
"9811",-7.125,-50.8125,33
"9812",-7.125,-50.6875,29
"9813",-7.125,-50.5625,18
"9814",-7.125,-50.4375,11
"9815",-7.125,-50.3125,4
"9816",-7.125,-50.1875,4
"9817",-7.125,-50.0625,13
"9818",-6.875,-59.0625,6
"9819",-6.875,-58.9375,12
"9820",-6.875,-58.8125,32
"9821",-6.875,-58.6875,30
"9822",-6.875,-58.5625,61
"9823",-6.875,-58.4375,114
"9824",-6.875,-58.3125,103
"9825",-6.875,-58.1875,182
"9826",-6.875,-58.0625,178
"9827",-6.875,-57.9375,135
"9828",-6.875,-57.8125,114
"9829",-6.875,-57.6875,78
"9830",-6.875,-57.5625,68
"9831",-6.875,-57.4375,49
"9832",-6.875,-57.3125,63
"9833",-6.875,-57.1875,51
"9834",-6.875,-57.0625,55
"9835",-6.875,-56.9375,55
"9836",-6.875,-56.8125,24
"9837",-6.875,-56.6875,45
"9838",-6.875,-56.5625,26
"9839",-6.875,-56.4375,44
"9840",-6.875,-56.3125,34
"9841",-6.875,-56.1875,28
"9842",-6.875,-56.0625,30
"9843",-6.875,-55.9375,31
"9844",-6.875,-55.8125,32
"9845",-6.875,-55.6875,36
"9846",-6.875,-55.5625,17
"9847",-6.875,-55.4375,22
"9848",-6.875,-55.3125,53
"9849",-6.875,-55.1875,64
"9850",-6.875,-55.0625,66
"9851",-6.875,-54.9375,60
"9852",-6.875,-54.8125,21
"9853",-6.875,-54.6875,20
"9854",-6.875,-54.5625,33
"9855",-6.875,-54.4375,14
"9856",-6.875,-54.3125,12
"9857",-6.875,-54.1875,13
"9858",-6.875,-54.0625,12
"9859",-6.875,-53.9375,12
"9860",-6.875,-53.8125,14
"9861",-6.875,-53.6875,25
"9862",-6.875,-53.5625,18
"9863",-6.875,-53.4375,23
"9864",-6.875,-53.3125,15
"9865",-6.875,-53.0625,4
"9866",-6.875,-52.8125,9
"9867",-6.875,-52.6875,14
"9868",-6.875,-52.5625,15
"9869",-6.875,-52.4375,17
"9870",-6.875,-52.3125,7
"9871",-6.875,-52.1875,9
"9872",-6.875,-52.0625,21
"9873",-6.875,-51.9375,20
"9874",-6.875,-51.8125,22
"9875",-6.875,-51.6875,20
"9876",-6.875,-51.5625,8
"9877",-6.875,-51.4375,8
"9878",-6.875,-51.3125,17
"9879",-6.875,-51.1875,35
"9880",-6.875,-51.0625,38
"9881",-6.875,-50.9375,28
"9882",-6.875,-50.8125,17
"9883",-6.875,-50.6875,9
"9884",-6.875,-50.5625,9
"9885",-6.875,-50.4375,8
"9886",-6.875,-50.1875,6
"9887",-6.875,-50.0625,3
"9888",-6.625,-59.0625,9
"9889",-6.625,-58.9375,12
"9890",-6.625,-58.8125,29
"9891",-6.625,-58.6875,29
"9892",-6.625,-58.5625,58
"9893",-6.625,-58.4375,81
"9894",-6.625,-58.3125,99
"9895",-6.625,-58.1875,176
"9896",-6.625,-58.0625,206
"9897",-6.625,-57.9375,117
"9898",-6.625,-57.8125,81
"9899",-6.625,-57.6875,70
"9900",-6.625,-57.5625,47
"9901",-6.625,-57.4375,78
"9902",-6.625,-57.3125,77
"9903",-6.625,-57.1875,48
"9904",-6.625,-57.0625,40
"9905",-6.625,-56.9375,33
"9906",-6.625,-56.8125,14
"9907",-6.625,-56.6875,56
"9908",-6.625,-56.5625,55
"9909",-6.625,-56.4375,46
"9910",-6.625,-56.3125,48
"9911",-6.625,-56.1875,34
"9912",-6.625,-56.0625,16
"9913",-6.625,-55.9375,35
"9914",-6.625,-55.8125,35
"9915",-6.625,-55.6875,25
"9916",-6.625,-55.5625,35
"9917",-6.625,-55.4375,36
"9918",-6.625,-55.3125,24
"9919",-6.625,-55.1875,18
"9920",-6.625,-55.0625,39
"9921",-6.625,-54.9375,24
"9922",-6.625,-54.8125,15
"9923",-6.625,-54.6875,19
"9924",-6.625,-54.5625,10
"9925",-6.625,-54.4375,11
"9926",-6.625,-54.3125,13
"9927",-6.625,-54.1875,21
"9928",-6.625,-54.0625,11
"9929",-6.625,-53.9375,8
"9930",-6.625,-53.8125,12
"9931",-6.625,-53.6875,10
"9932",-6.625,-53.5625,13
"9933",-6.625,-53.4375,14
"9934",-6.625,-53.3125,5
"9935",-6.625,-53.0625,7
"9936",-6.625,-52.8125,7
"9937",-6.625,-52.6875,12
"9938",-6.625,-52.5625,5
"9939",-6.625,-52.4375,10
"9940",-6.625,-52.3125,15
"9941",-6.625,-52.1875,2
"9942",-6.625,-52.0625,8
"9943",-6.625,-51.9375,25
"9944",-6.625,-51.8125,26
"9945",-6.625,-51.6875,15
"9946",-6.625,-51.5625,8
"9947",-6.625,-51.4375,1
"9948",-6.625,-51.3125,7
"9949",-6.625,-51.1875,23
"9950",-6.625,-51.0625,24
"9951",-6.625,-50.9375,28
"9952",-6.625,-50.8125,20
"9953",-6.625,-50.6875,17
"9954",-6.625,-50.5625,10
"9955",-6.625,-50.4375,8
"9956",-6.625,-50.3125,4
"9957",-6.625,-50.1875,2
"9958",-6.625,-50.0625,3
"9959",-6.375,-59.1875,1
"9960",-6.375,-59.0625,9
"9961",-6.375,-58.9375,6
"9962",-6.375,-58.8125,17
"9963",-6.375,-58.6875,50
"9964",-6.375,-58.5625,40
"9965",-6.375,-58.4375,72
"9966",-6.375,-58.3125,111
"9967",-6.375,-58.1875,142
"9968",-6.375,-58.0625,210
"9969",-6.375,-57.9375,111
"9970",-6.375,-57.8125,92
"9971",-6.375,-57.6875,60
"9972",-6.375,-57.5625,55
"9973",-6.375,-57.4375,42
"9974",-6.375,-57.3125,48
"9975",-6.375,-57.1875,41
"9976",-6.375,-57.0625,36
"9977",-6.375,-56.9375,34
"9978",-6.375,-56.8125,7
"9979",-6.375,-56.6875,33
"9980",-6.375,-56.5625,49
"9981",-6.375,-56.4375,33
"9982",-6.375,-56.3125,15
"9983",-6.375,-56.1875,35
"9984",-6.375,-56.0625,22
"9985",-6.375,-55.9375,26
"9986",-6.375,-55.8125,37
"9987",-6.375,-55.6875,38
"9988",-6.375,-55.5625,27
"9989",-6.375,-55.4375,29
"9990",-6.375,-55.3125,20
"9991",-6.375,-55.1875,20
"9992",-6.375,-55.0625,20
"9993",-6.375,-54.9375,18
"9994",-6.375,-54.8125,9
"9995",-6.375,-54.6875,1
"9996",-6.375,-54.5625,3
"9997",-6.375,-54.4375,11
"9998",-6.375,-54.3125,5
"9999",-6.375,-54.1875,6
"10000",-6.375,-54.0625,10
"10001",-6.375,-53.9375,13
"10002",-6.375,-53.8125,12
"10003",-6.375,-53.6875,4
"10004",-6.375,-53.5625,2
"10005",-6.375,-53.4375,7
"10006",-6.375,-53.3125,7
"10007",-6.375,-53.1875,1
"10008",-6.375,-52.3125,10
"10009",-6.375,-52.1875,8
"10010",-6.375,-52.0625,7
"10011",-6.375,-51.9375,15
"10012",-6.375,-51.8125,26
"10013",-6.375,-51.6875,15
"10014",-6.375,-51.5625,14
"10015",-6.375,-51.4375,9
"10016",-6.375,-51.3125,6
"10017",-6.375,-51.1875,6
"10018",-6.375,-51.0625,8
"10019",-6.375,-50.9375,24
"10020",-6.375,-50.8125,26
"10021",-6.375,-50.6875,18
"10022",-6.375,-50.5625,18
"10023",-6.375,-50.4375,13
"10024",-6.375,-50.3125,2
"10025",-6.375,-50.1875,1
"10026",-6.125,-59.1875,4
"10027",-6.125,-59.0625,5
"10028",-6.125,-58.9375,6
"10029",-6.125,-58.8125,12
"10030",-6.125,-58.6875,41
"10031",-6.125,-58.5625,23
"10032",-6.125,-58.4375,66
"10033",-6.125,-58.3125,123
"10034",-6.125,-58.1875,151
"10035",-6.125,-58.0625,196
"10036",-6.125,-57.9375,118
"10037",-6.125,-57.8125,115
"10038",-6.125,-57.6875,54
"10039",-6.125,-57.5625,58
"10040",-6.125,-57.4375,55
"10041",-6.125,-57.3125,30
"10042",-6.125,-57.1875,37
"10043",-6.125,-57.0625,42
"10044",-6.125,-56.9375,28
"10045",-6.125,-56.8125,14
"10046",-6.125,-56.6875,36
"10047",-6.125,-56.5625,18
"10048",-6.125,-56.4375,24
"10049",-6.125,-56.3125,32
"10050",-6.125,-56.1875,40
"10051",-6.125,-56.0625,19
"10052",-6.125,-55.9375,26
"10053",-6.125,-55.8125,38
"10054",-6.125,-55.6875,47
"10055",-6.125,-55.5625,10
"10056",-6.125,-55.4375,15
"10057",-6.125,-55.3125,23
"10058",-6.125,-55.1875,8
"10059",-6.125,-55.0625,13
"10060",-6.125,-54.9375,14
"10061",-6.125,-54.8125,18
"10062",-6.125,-54.6875,13
"10063",-6.125,-54.5625,19
"10064",-6.125,-54.4375,1
"10065",-6.125,-54.3125,6
"10066",-6.125,-54.0625,9
"10067",-6.125,-53.9375,7
"10068",-6.125,-53.8125,13
"10069",-6.125,-53.6875,12
"10070",-6.125,-53.5625,3
"10071",-6.125,-53.4375,3
"10072",-6.125,-53.3125,2
"10073",-6.125,-53.1875,7
"10074",-6.125,-53.0625,6
"10075",-6.125,-52.9375,5
"10076",-6.125,-52.8125,1
"10077",-6.125,-52.3125,5
"10078",-6.125,-52.1875,8
"10079",-6.125,-52.0625,2
"10080",-6.125,-51.9375,3
"10081",-6.125,-51.8125,21
"10082",-6.125,-51.6875,28
"10083",-6.125,-51.5625,16
"10084",-6.125,-51.4375,18
"10085",-6.125,-51.3125,16
"10086",-6.125,-51.1875,19
"10087",-6.125,-51.0625,13
"10088",-6.125,-50.9375,7
"10089",-6.125,-50.8125,13
"10090",-6.125,-50.6875,18
"10091",-6.125,-50.5625,17
"10092",-6.125,-50.4375,12
"10093",-6.125,-50.3125,13
"10094",-6.125,-50.1875,1
"10095",-5.875,-59.1875,3
"10096",-5.875,-59.0625,4
"10097",-5.875,-58.9375,5
"10098",-5.875,-58.8125,12
"10099",-5.875,-58.6875,35
"10100",-5.875,-58.5625,28
"10101",-5.875,-58.4375,48
"10102",-5.875,-58.3125,112
"10103",-5.875,-58.1875,125
"10104",-5.875,-58.0625,131
"10105",-5.875,-57.9375,113
"10106",-5.875,-57.8125,89
"10107",-5.875,-57.6875,56
"10108",-5.875,-57.5625,61
"10109",-5.875,-57.4375,51
"10110",-5.875,-57.3125,22
"10111",-5.875,-57.1875,49
"10112",-5.875,-57.0625,16
"10113",-5.875,-56.9375,30
"10114",-5.875,-56.8125,35
"10115",-5.875,-56.6875,17
"10116",-5.875,-56.5625,18
"10117",-5.875,-56.4375,3
"10118",-5.875,-56.3125,5
"10119",-5.875,-56.1875,21
"10120",-5.875,-56.0625,19
"10121",-5.875,-55.9375,19
"10122",-5.875,-55.8125,56
"10123",-5.875,-55.6875,43
"10124",-5.875,-55.5625,9
"10125",-5.875,-55.4375,14
"10126",-5.875,-55.3125,7
"10127",-5.875,-55.1875,8
"10128",-5.875,-55.0625,12
"10129",-5.875,-54.9375,9
"10130",-5.875,-54.8125,18
"10131",-5.875,-54.6875,14
"10132",-5.875,-54.5625,1
"10133",-5.875,-54.4375,6
"10134",-5.875,-54.0625,5
"10135",-5.875,-53.9375,8
"10136",-5.875,-53.8125,6
"10137",-5.875,-53.6875,8
"10138",-5.875,-53.5625,11
"10139",-5.875,-53.4375,3
"10140",-5.875,-53.3125,4
"10141",-5.875,-53.1875,1
"10142",-5.875,-53.0625,3
"10143",-5.875,-52.9375,3
"10144",-5.875,-52.8125,4
"10145",-5.875,-52.6875,7
"10146",-5.875,-52.5625,2
"10147",-5.875,-52.3125,5
"10148",-5.875,-52.1875,7
"10149",-5.875,-52.0625,7
"10150",-5.875,-51.9375,7
"10151",-5.875,-51.8125,4
"10152",-5.875,-51.6875,6
"10153",-5.875,-51.5625,14
"10154",-5.875,-51.4375,16
"10155",-5.875,-51.3125,17
"10156",-5.875,-51.1875,11
"10157",-5.875,-51.0625,15
"10158",-5.875,-50.9375,15
"10159",-5.875,-50.8125,9
"10160",-5.875,-50.6875,13
"10161",-5.875,-50.5625,13
"10162",-5.875,-50.4375,15
"10163",-5.875,-50.3125,9
"10164",-5.875,-50.1875,4
"10165",-5.625,-59.1875,3
"10166",-5.625,-59.0625,3
"10167",-5.625,-58.9375,11
"10168",-5.625,-58.8125,13
"10169",-5.625,-58.6875,18
"10170",-5.625,-58.5625,22
"10171",-5.625,-58.4375,56
"10172",-5.625,-58.3125,114
"10173",-5.625,-58.1875,129
"10174",-5.625,-58.0625,103
"10175",-5.625,-57.9375,95
"10176",-5.625,-57.8125,92
"10177",-5.625,-57.6875,79
"10178",-5.625,-57.5625,119
"10179",-5.625,-57.4375,43
"10180",-5.625,-57.3125,25
"10181",-5.625,-57.1875,38
"10182",-5.625,-57.0625,27
"10183",-5.625,-56.9375,27
"10184",-5.625,-56.8125,52
"10185",-5.625,-56.6875,18
"10186",-5.625,-56.5625,17
"10187",-5.625,-56.4375,11
"10188",-5.625,-56.3125,7
"10189",-5.625,-56.1875,20
"10190",-5.625,-56.0625,17
"10191",-5.625,-55.9375,20
"10192",-5.625,-55.8125,47
"10193",-5.625,-55.6875,33
"10194",-5.625,-55.5625,12
"10195",-5.625,-55.4375,8
"10196",-5.625,-55.3125,11
"10197",-5.625,-55.1875,13
"10198",-5.625,-55.0625,7
"10199",-5.625,-54.9375,13
"10200",-5.625,-54.8125,9
"10201",-5.625,-54.6875,9
"10202",-5.625,-54.5625,11
"10203",-5.625,-54.4375,7
"10204",-5.625,-54.3125,3
"10205",-5.625,-53.9375,3
"10206",-5.625,-53.8125,4
"10207",-5.625,-53.6875,6
"10208",-5.625,-53.5625,4
"10209",-5.625,-53.4375,7
"10210",-5.625,-53.3125,9
"10211",-5.625,-53.1875,6
"10212",-5.625,-52.9375,1
"10213",-5.625,-52.8125,6
"10214",-5.625,-52.6875,5
"10215",-5.625,-52.5625,3
"10216",-5.625,-52.4375,2
"10217",-5.625,-52.3125,1
"10218",-5.625,-52.1875,2
"10219",-5.625,-52.0625,5
"10220",-5.625,-51.9375,2
"10221",-5.625,-51.8125,3
"10222",-5.625,-51.6875,3
"10223",-5.625,-51.5625,2
"10224",-5.625,-51.1875,2
"10225",-5.625,-51.0625,5
"10226",-5.625,-50.9375,5
"10227",-5.625,-50.8125,9
"10228",-5.625,-50.6875,13
"10229",-5.625,-50.5625,4
"10230",-5.625,-50.4375,10
"10231",-5.625,-50.3125,16
"10232",-5.625,-50.1875,5
"10233",-5.625,-50.0625,1
"10234",-5.375,-59.3125,1
"10235",-5.375,-59.1875,2
"10236",-5.375,-59.0625,2
"10237",-5.375,-58.9375,13
"10238",-5.375,-58.8125,15
"10239",-5.375,-58.6875,15
"10240",-5.375,-58.5625,11
"10241",-5.375,-58.4375,49
"10242",-5.375,-58.3125,67
"10243",-5.375,-58.1875,129
"10244",-5.375,-58.0625,94
"10245",-5.375,-57.9375,90
"10246",-5.375,-57.8125,107
"10247",-5.375,-57.6875,74
"10248",-5.375,-57.5625,58
"10249",-5.375,-57.4375,33
"10250",-5.375,-57.3125,43
"10251",-5.375,-57.1875,47
"10252",-5.375,-57.0625,35
"10253",-5.375,-56.9375,29
"10254",-5.375,-56.8125,32
"10255",-5.375,-56.6875,17
"10256",-5.375,-56.5625,16
"10257",-5.375,-56.4375,39
"10258",-5.375,-56.3125,37
"10259",-5.375,-56.1875,12
"10260",-5.375,-56.0625,22
"10261",-5.375,-55.9375,15
"10262",-5.375,-55.8125,35
"10263",-5.375,-55.6875,24
"10264",-5.375,-55.5625,14
"10265",-5.375,-55.4375,9
"10266",-5.375,-55.3125,9
"10267",-5.375,-55.1875,5
"10268",-5.375,-55.0625,6
"10269",-5.375,-54.9375,3
"10270",-5.375,-54.8125,9
"10271",-5.375,-54.6875,4
"10272",-5.375,-54.5625,4
"10273",-5.375,-54.4375,7
"10274",-5.375,-54.3125,5
"10275",-5.375,-54.1875,2
"10276",-5.375,-53.9375,2
"10277",-5.375,-53.8125,1
"10278",-5.375,-53.6875,3
"10279",-5.375,-53.5625,6
"10280",-5.375,-53.4375,3
"10281",-5.375,-53.3125,5
"10282",-5.375,-53.1875,15
"10283",-5.375,-52.6875,1
"10284",-5.375,-52.5625,4
"10285",-5.375,-52.4375,7
"10286",-5.375,-52.0625,4
"10287",-5.375,-51.9375,4
"10288",-5.375,-51.0625,1
"10289",-5.375,-50.9375,2
"10290",-5.375,-50.8125,13
"10291",-5.375,-50.6875,8
"10292",-5.375,-50.5625,6
"10293",-5.375,-50.4375,6
"10294",-5.375,-50.3125,10
"10295",-5.375,-50.1875,8
"10296",-5.375,-50.0625,2
"10297",-5.125,-59.3125,3
"10298",-5.125,-59.0625,2
"10299",-5.125,-58.9375,19
"10300",-5.125,-58.8125,30
"10301",-5.125,-58.6875,18
"10302",-5.125,-58.5625,6
"10303",-5.125,-58.4375,26
"10304",-5.125,-58.3125,53
"10305",-5.125,-58.1875,80
"10306",-5.125,-58.0625,103
"10307",-5.125,-57.9375,90
"10308",-5.125,-57.8125,118
"10309",-5.125,-57.6875,121
"10310",-5.125,-57.5625,53
"10311",-5.125,-57.4375,48
"10312",-5.125,-57.3125,53
"10313",-5.125,-57.1875,51
"10314",-5.125,-57.0625,38
"10315",-5.125,-56.9375,39
"10316",-5.125,-56.8125,26
"10317",-5.125,-56.6875,9
"10318",-5.125,-56.5625,61
"10319",-5.125,-56.4375,52
"10320",-5.125,-56.3125,29
"10321",-5.125,-56.1875,10
"10322",-5.125,-56.0625,6
"10323",-5.125,-55.9375,16
"10324",-5.125,-55.8125,20
"10325",-5.125,-55.6875,31
"10326",-5.125,-55.5625,14
"10327",-5.125,-55.4375,15
"10328",-5.125,-55.3125,5
"10329",-5.125,-55.1875,4
"10330",-5.125,-55.0625,2
"10331",-5.125,-54.9375,7
"10332",-5.125,-54.8125,6
"10333",-5.125,-54.6875,12
"10334",-5.125,-54.5625,6
"10335",-5.125,-54.4375,8
"10336",-5.125,-54.3125,3
"10337",-5.125,-54.1875,6
"10338",-5.125,-53.9375,3
"10339",-5.125,-53.8125,3
"10340",-5.125,-53.5625,1
"10341",-5.125,-53.4375,5
"10342",-5.125,-53.1875,10
"10343",-5.125,-53.0625,9
"10344",-5.125,-52.5625,1
"10345",-5.125,-52.4375,3
"10346",-5.125,-52.3125,7
"10347",-5.125,-50.8125,4
"10348",-5.125,-50.6875,8
"10349",-5.125,-50.5625,4
"10350",-5.125,-50.4375,6
"10351",-5.125,-50.3125,11
"10352",-5.125,-50.1875,13
"10353",-5.125,-50.0625,1
"10354",-4.875,-59.3125,1
"10355",-4.875,-58.9375,18
"10356",-4.875,-58.8125,19
"10357",-4.875,-58.6875,34
"10358",-4.875,-58.5625,28
"10359",-4.875,-58.4375,28
"10360",-4.875,-58.3125,31
"10361",-4.875,-58.1875,61
"10362",-4.875,-58.0625,83
"10363",-4.875,-57.9375,91
"10364",-4.875,-57.8125,128
"10365",-4.875,-57.6875,110
"10366",-4.875,-57.5625,91
"10367",-4.875,-57.4375,35
"10368",-4.875,-57.3125,52
"10369",-4.875,-57.1875,38
"10370",-4.875,-57.0625,29
"10371",-4.875,-56.9375,32
"10372",-4.875,-56.8125,29
"10373",-4.875,-56.6875,26
"10374",-4.875,-56.5625,19
"10375",-4.875,-56.4375,30
"10376",-4.875,-56.3125,27
"10377",-4.875,-56.1875,41
"10378",-4.875,-56.0625,17
"10379",-4.875,-55.9375,8
"10380",-4.875,-55.8125,17
"10381",-4.875,-55.6875,28
"10382",-4.875,-55.5625,12
"10383",-4.875,-55.4375,3
"10384",-4.875,-55.3125,4
"10385",-4.875,-55.1875,1
"10386",-4.875,-55.0625,7
"10387",-4.875,-54.8125,5
"10388",-4.875,-54.6875,3
"10389",-4.875,-54.5625,10
"10390",-4.875,-54.4375,9
"10391",-4.875,-54.3125,2
"10392",-4.875,-54.1875,2
"10393",-4.875,-53.4375,4
"10394",-4.875,-53.1875,4
"10395",-4.875,-53.0625,5
"10396",-4.875,-52.9375,4
"10397",-4.875,-52.3125,5
"10398",-4.875,-52.1875,3
"10399",-4.875,-50.8125,3
"10400",-4.875,-50.6875,6
"10401",-4.875,-50.4375,5
"10402",-4.875,-50.3125,7
"10403",-4.875,-50.1875,10
"10404",-4.875,-50.0625,4
"10405",-4.625,-59.0625,1
"10406",-4.625,-58.9375,27
"10407",-4.625,-58.8125,16
"10408",-4.625,-58.6875,16
"10409",-4.625,-58.5625,21
"10410",-4.625,-58.4375,26
"10411",-4.625,-58.3125,37
"10412",-4.625,-58.1875,56
"10413",-4.625,-58.0625,65
"10414",-4.625,-57.9375,89
"10415",-4.625,-57.8125,94
"10416",-4.625,-57.6875,106
"10417",-4.625,-57.5625,99
"10418",-4.625,-57.4375,44
"10419",-4.625,-57.3125,50
"10420",-4.625,-57.1875,86
"10421",-4.625,-57.0625,70
"10422",-4.625,-56.9375,39
"10423",-4.625,-56.8125,22
"10424",-4.625,-56.6875,34
"10425",-4.625,-56.5625,73
"10426",-4.625,-56.4375,25
"10427",-4.625,-56.3125,28
"10428",-4.625,-56.1875,51
"10429",-4.625,-56.0625,22
"10430",-4.625,-55.9375,15
"10431",-4.625,-55.8125,14
"10432",-4.625,-55.6875,36
"10433",-4.625,-55.5625,7
"10434",-4.625,-55.4375,3
"10435",-4.625,-55.1875,11
"10436",-4.625,-55.0625,11
"10437",-4.625,-54.9375,5
"10438",-4.625,-54.8125,3
"10439",-4.625,-54.6875,4
"10440",-4.625,-54.5625,6
"10441",-4.625,-54.4375,4
"10442",-4.625,-54.3125,3
"10443",-4.625,-53.0625,3
"10444",-4.625,-52.3125,4
"10445",-4.625,-52.1875,6
"10446",-4.625,-50.9375,1
"10447",-4.625,-50.8125,2
"10448",-4.625,-50.6875,3
"10449",-4.625,-50.5625,1
"10450",-4.625,-50.4375,1
"10451",-4.625,-50.3125,11
"10452",-4.625,-50.1875,9
"10453",-4.625,-50.0625,4
"10454",-4.375,-59.0625,5
"10455",-4.375,-58.9375,23
"10456",-4.375,-58.8125,17
"10457",-4.375,-58.6875,19
"10458",-4.375,-58.5625,16
"10459",-4.375,-58.4375,7
"10460",-4.375,-58.3125,19
"10461",-4.375,-58.1875,37
"10462",-4.375,-58.0625,83
"10463",-4.375,-57.9375,81
"10464",-4.375,-57.8125,95
"10465",-4.375,-57.6875,104
"10466",-4.375,-57.5625,87
"10467",-4.375,-57.4375,67
"10468",-4.375,-57.3125,53
"10469",-4.375,-57.1875,79
"10470",-4.375,-57.0625,41
"10471",-4.375,-56.9375,56
"10472",-4.375,-56.8125,26
"10473",-4.375,-56.6875,18
"10474",-4.375,-56.5625,77
"10475",-4.375,-56.4375,42
"10476",-4.375,-56.3125,57
"10477",-4.375,-56.1875,36
"10478",-4.375,-56.0625,43
"10479",-4.375,-55.9375,30
"10480",-4.375,-55.8125,8
"10481",-4.375,-55.6875,31
"10482",-4.375,-55.5625,13
"10483",-4.375,-55.4375,2
"10484",-4.375,-55.3125,8
"10485",-4.375,-55.1875,4
"10486",-4.375,-54.6875,2
"10487",-4.375,-54.5625,10
"10488",-4.375,-54.4375,1
"10489",-4.375,-54.3125,5
"10490",-4.375,-54.1875,1
"10491",-4.375,-54.0625,1
"10492",-4.375,-53.9375,5
"10493",-4.375,-53.8125,5
"10494",-4.375,-52.1875,5
"10495",-4.375,-52.0625,3
"10496",-4.375,-50.9375,1
"10497",-4.375,-50.8125,3
"10498",-4.375,-50.6875,1
"10499",-4.375,-50.5625,3
"10500",-4.375,-50.4375,3
"10501",-4.375,-50.3125,11
"10502",-4.375,-50.1875,7
"10503",-4.375,-50.0625,3
"10504",-4.125,-59.0625,11
"10505",-4.125,-58.9375,23
"10506",-4.125,-58.8125,23
"10507",-4.125,-58.6875,6
"10508",-4.125,-58.5625,12
"10509",-4.125,-58.4375,21
"10510",-4.125,-58.3125,34
"10511",-4.125,-58.1875,22
"10512",-4.125,-58.0625,64
"10513",-4.125,-57.9375,92
"10514",-4.125,-57.8125,77
"10515",-4.125,-57.6875,95
"10516",-4.125,-57.5625,94
"10517",-4.125,-57.4375,63
"10518",-4.125,-57.3125,71
"10519",-4.125,-57.1875,50
"10520",-4.125,-57.0625,42
"10521",-4.125,-56.9375,39
"10522",-4.125,-56.8125,43
"10523",-4.125,-56.6875,64
"10524",-4.125,-56.5625,62
"10525",-4.125,-56.4375,48
"10526",-4.125,-56.3125,36
"10527",-4.125,-56.1875,21
"10528",-4.125,-56.0625,27
"10529",-4.125,-55.9375,18
"10530",-4.125,-55.8125,19
"10531",-4.125,-55.6875,27
"10532",-4.125,-55.5625,17
"10533",-4.125,-55.4375,6
"10534",-4.125,-55.3125,10
"10535",-4.125,-55.1875,2
"10536",-4.125,-54.5625,9
"10537",-4.125,-54.4375,4
"10538",-4.125,-54.1875,3
"10539",-4.125,-54.0625,10
"10540",-4.125,-53.9375,5
"10541",-4.125,-53.8125,1
"10542",-4.125,-52.0625,5
"10543",-4.125,-51.9375,4
"10544",-4.125,-51.8125,1
"10545",-4.125,-50.9375,1
"10546",-4.125,-50.8125,2
"10547",-4.125,-50.6875,1
"10548",-4.125,-50.5625,5
"10549",-4.125,-50.4375,8
"10550",-4.125,-50.3125,9
"10551",-4.125,-50.1875,8
"10552",-4.125,-50.0625,1
"10553",-3.875,-59.0625,10
"10554",-3.875,-58.9375,15
"10555",-3.875,-58.8125,9
"10556",-3.875,-58.6875,19
"10557",-3.875,-58.5625,17
"10558",-3.875,-58.4375,24
"10559",-3.875,-58.3125,21
"10560",-3.875,-58.1875,29
"10561",-3.875,-58.0625,35
"10562",-3.875,-57.9375,72
"10563",-3.875,-57.8125,80
"10564",-3.875,-57.6875,92
"10565",-3.875,-57.5625,85
"10566",-3.875,-57.4375,70
"10567",-3.875,-57.3125,71
"10568",-3.875,-57.1875,66
"10569",-3.875,-57.0625,64
"10570",-3.875,-56.9375,64
"10571",-3.875,-56.8125,69
"10572",-3.875,-56.6875,59
"10573",-3.875,-56.5625,39
"10574",-3.875,-56.4375,69
"10575",-3.875,-56.3125,66
"10576",-3.875,-56.1875,28
"10577",-3.875,-56.0625,32
"10578",-3.875,-55.9375,28
"10579",-3.875,-55.8125,23
"10580",-3.875,-55.6875,46
"10581",-3.875,-55.5625,15
"10582",-3.875,-55.4375,19
"10583",-3.875,-55.3125,6
"10584",-3.875,-55.1875,1
"10585",-3.875,-54.6875,1
"10586",-3.875,-54.5625,7
"10587",-3.875,-54.4375,5
"10588",-3.875,-54.3125,3
"10589",-3.875,-54.1875,5
"10590",-3.875,-54.0625,14
"10591",-3.875,-53.9375,9
"10592",-3.875,-53.8125,4
"10593",-3.875,-50.6875,2
"10594",-3.875,-50.5625,5
"10595",-3.875,-50.4375,6
"10596",-3.875,-50.3125,13
"10597",-3.875,-50.1875,1
"10598",-3.875,-50.0625,1
"10599",-3.625,-59.0625,10
"10600",-3.625,-58.9375,10
"10601",-3.625,-58.8125,13
"10602",-3.625,-58.6875,11
"10603",-3.625,-58.5625,10
"10604",-3.625,-58.4375,14
"10605",-3.625,-58.3125,8
"10606",-3.625,-58.1875,52
"10607",-3.625,-58.0625,31
"10608",-3.625,-57.9375,69
"10609",-3.625,-57.8125,77
"10610",-3.625,-57.6875,74
"10611",-3.625,-57.5625,78
"10612",-3.625,-57.4375,76
"10613",-3.625,-57.3125,67
"10614",-3.625,-57.1875,94
"10615",-3.625,-57.0625,86
"10616",-3.625,-56.9375,78
"10617",-3.625,-56.8125,64
"10618",-3.625,-56.6875,67
"10619",-3.625,-56.5625,55
"10620",-3.625,-56.4375,52
"10621",-3.625,-56.3125,33
"10622",-3.625,-56.1875,34
"10623",-3.625,-56.0625,10
"10624",-3.625,-55.9375,12
"10625",-3.625,-55.8125,16
"10626",-3.625,-55.6875,26
"10627",-3.625,-55.5625,26
"10628",-3.625,-55.4375,2
"10629",-3.625,-55.3125,1
"10630",-3.625,-55.1875,2
"10631",-3.625,-54.5625,1
"10632",-3.625,-54.4375,4
"10633",-3.625,-54.3125,6
"10634",-3.625,-54.1875,10
"10635",-3.625,-54.0625,10
"10636",-3.625,-53.9375,4
"10637",-3.625,-53.8125,1
"10638",-3.625,-50.5625,4
"10639",-3.625,-50.4375,9
"10640",-3.625,-50.3125,4
"10641",-3.625,-50.1875,4
"10642",-3.375,-59.0625,3
"10643",-3.375,-58.9375,7
"10644",-3.375,-58.8125,10
"10645",-3.375,-58.6875,12
"10646",-3.375,-58.5625,13
"10647",-3.375,-58.4375,6
"10648",-3.375,-58.3125,5
"10649",-3.375,-58.1875,25
"10650",-3.375,-58.0625,18
"10651",-3.375,-57.9375,47
"10652",-3.375,-57.8125,72
"10653",-3.375,-57.6875,88
"10654",-3.375,-57.5625,56
"10655",-3.375,-57.4375,68
"10656",-3.375,-57.3125,57
"10657",-3.375,-57.1875,73
"10658",-3.375,-57.0625,67
"10659",-3.375,-56.9375,89
"10660",-3.375,-56.8125,78
"10661",-3.375,-56.6875,69
"10662",-3.375,-56.5625,61
"10663",-3.375,-56.4375,65
"10664",-3.375,-56.3125,38
"10665",-3.375,-56.1875,20
"10666",-3.375,-56.0625,15
"10667",-3.375,-55.9375,23
"10668",-3.375,-55.8125,32
"10669",-3.375,-55.6875,36
"10670",-3.375,-55.5625,44
"10671",-3.375,-55.4375,3
"10672",-3.375,-55.3125,4
"10673",-3.375,-55.1875,4
"10674",-3.375,-53.8125,8
"10675",-3.375,-50.5625,1
"10676",-3.375,-50.4375,8
"10677",-3.375,-50.3125,3
"10678",-3.375,-50.1875,4
"10679",-3.375,-50.0625,3
"10680",-3.125,-58.9375,7
"10681",-3.125,-58.8125,5
"10682",-3.125,-58.6875,20
"10683",-3.125,-58.5625,11
"10684",-3.125,-58.4375,4
"10685",-3.125,-58.1875,18
"10686",-3.125,-58.0625,35
"10687",-3.125,-57.9375,40
"10688",-3.125,-57.8125,70
"10689",-3.125,-57.6875,69
"10690",-3.125,-57.5625,66
"10691",-3.125,-57.4375,68
"10692",-3.125,-57.3125,58
"10693",-3.125,-57.1875,46
"10694",-3.125,-57.0625,72
"10695",-3.125,-56.9375,75
"10696",-3.125,-56.8125,96
"10697",-3.125,-56.6875,67
"10698",-3.125,-56.5625,47
"10699",-3.125,-56.4375,47
"10700",-3.125,-56.3125,74
"10701",-3.125,-56.1875,34
"10702",-3.125,-56.0625,15
"10703",-3.125,-55.9375,18
"10704",-3.125,-55.8125,18
"10705",-3.125,-55.6875,36
"10706",-3.125,-55.5625,40
"10707",-3.125,-55.4375,11
"10708",-3.125,-55.3125,6
"10709",-3.125,-55.1875,10
"10710",-3.125,-54.9375,1
"10711",-3.125,-53.8125,1
"10712",-3.125,-50.5625,2
"10713",-3.125,-50.4375,6
"10714",-3.125,-50.3125,4
"10715",-3.125,-50.1875,3
"10716",-3.125,-50.0625,6
"10717",-2.875,-58.8125,7
"10718",-2.875,-58.6875,15
"10719",-2.875,-58.5625,9
"10720",-2.875,-58.4375,12
"10721",-2.875,-58.3125,3
"10722",-2.875,-58.1875,4
"10723",-2.875,-58.0625,24
"10724",-2.875,-57.9375,32
"10725",-2.875,-57.8125,40
"10726",-2.875,-57.6875,61
"10727",-2.875,-57.5625,53
"10728",-2.875,-57.4375,44
"10729",-2.875,-57.3125,30
"10730",-2.875,-57.1875,41
"10731",-2.875,-57.0625,49
"10732",-2.875,-56.9375,34
"10733",-2.875,-56.8125,64
"10734",-2.875,-56.6875,61
"10735",-2.875,-56.5625,44
"10736",-2.875,-56.4375,45
"10737",-2.875,-56.3125,61
"10738",-2.875,-56.1875,60
"10739",-2.875,-56.0625,23
"10740",-2.875,-55.9375,26
"10741",-2.875,-55.8125,44
"10742",-2.875,-55.6875,60
"10743",-2.875,-55.5625,45
"10744",-2.875,-55.4375,22
"10745",-2.875,-55.3125,4
"10746",-2.875,-55.1875,8
"10747",-2.875,-55.0625,21
"10748",-2.875,-54.9375,4
"10749",-2.875,-50.5625,2
"10750",-2.875,-50.4375,5
"10751",-2.875,-50.3125,6
"10752",-2.875,-50.1875,3
"10753",-2.875,-50.0625,5
"10754",-2.625,-58.8125,4
"10755",-2.625,-58.6875,12
"10756",-2.625,-58.5625,8
"10757",-2.625,-58.4375,17
"10758",-2.625,-58.3125,3
"10759",-2.625,-58.1875,7
"10760",-2.625,-58.0625,35
"10761",-2.625,-57.9375,32
"10762",-2.625,-57.8125,26
"10763",-2.625,-57.6875,38
"10764",-2.625,-57.5625,18
"10765",-2.625,-57.4375,12
"10766",-2.625,-57.3125,6
"10767",-2.625,-57.1875,22
"10768",-2.625,-57.0625,32
"10769",-2.625,-56.9375,33
"10770",-2.625,-56.8125,49
"10771",-2.625,-56.6875,47
"10772",-2.625,-56.5625,28
"10773",-2.625,-56.4375,33
"10774",-2.625,-56.3125,63
"10775",-2.625,-56.1875,51
"10776",-2.625,-56.0625,51
"10777",-2.625,-55.9375,37
"10778",-2.625,-55.8125,43
"10779",-2.625,-55.6875,48
"10780",-2.625,-55.5625,72
"10781",-2.625,-55.4375,41
"10782",-2.625,-50.5625,4
"10783",-2.625,-50.4375,14
"10784",-2.625,-50.3125,11
"10785",-2.625,-50.1875,11
"10786",-2.625,-50.0625,5
"10787",-2.375,-58.8125,2
"10788",-2.375,-58.6875,12
"10789",-2.375,-58.5625,8
"10790",-2.375,-58.4375,17
"10791",-2.375,-58.3125,10
"10792",-2.375,-58.1875,21
"10793",-2.375,-58.0625,31
"10794",-2.375,-57.9375,33
"10795",-2.375,-57.8125,10
"10796",-2.375,-57.6875,32
"10797",-2.375,-57.5625,2
"10798",-2.375,-57.1875,12
"10799",-2.375,-57.0625,18
"10800",-2.375,-56.9375,31
"10801",-2.375,-56.8125,31
"10802",-2.375,-56.6875,43
"10803",-2.375,-56.5625,54
"10804",-2.375,-56.4375,62
"10805",-2.375,-56.3125,69
"10806",-2.375,-56.1875,52
"10807",-2.375,-56.0625,47
"10808",-2.375,-55.9375,47
"10809",-2.375,-55.8125,45
"10810",-2.375,-55.6875,93
"10811",-2.375,-55.5625,60
"10812",-2.375,-55.4375,22
"10813",-2.375,-55.3125,26
"10814",-2.375,-50.8125,4
"10815",-2.375,-50.6875,1
"10816",-2.375,-50.5625,5
"10817",-2.375,-50.4375,4
"10818",-2.375,-50.3125,6
"10819",-2.375,-50.1875,3
"10820",-2.375,-50.0625,8
"10821",-2.125,-58.6875,8
"10822",-2.125,-58.5625,10
"10823",-2.125,-58.4375,9
"10824",-2.125,-58.3125,4
"10825",-2.125,-58.1875,25
"10826",-2.125,-58.0625,16
"10827",-2.125,-57.9375,33
"10828",-2.125,-57.8125,7
"10829",-2.125,-57.6875,3
"10830",-2.125,-57.5625,4
"10831",-2.125,-57.4375,1
"10832",-2.125,-57.3125,1
"10833",-2.125,-57.1875,48
"10834",-2.125,-57.0625,11
"10835",-2.125,-56.9375,23
"10836",-2.125,-56.8125,55
"10837",-2.125,-56.6875,59
"10838",-2.125,-56.5625,81
"10839",-2.125,-56.4375,82
"10840",-2.125,-56.3125,68
"10841",-2.125,-56.1875,56
"10842",-2.125,-56.0625,63
"10843",-2.125,-55.9375,50
"10844",-2.125,-55.8125,44
"10845",-2.125,-55.6875,37
"10846",-2.125,-55.5625,33
"10847",-2.125,-55.4375,8
"10848",-2.125,-55.3125,15
"10849",-2.125,-55.1875,8
"10850",-2.125,-50.8125,1
"10851",-2.125,-50.6875,7
"10852",-2.125,-50.5625,6
"10853",-2.125,-50.4375,4
"10854",-2.125,-50.3125,2
"10855",-2.125,-50.1875,1
"10856",-2.125,-50.0625,3
"10857",-1.875,-58.6875,5
"10858",-1.875,-58.5625,10
"10859",-1.875,-58.4375,10
"10860",-1.875,-58.3125,6
"10861",-1.875,-58.1875,10
"10862",-1.875,-57.9375,29
"10863",-1.875,-57.8125,17
"10864",-1.875,-57.6875,3
"10865",-1.875,-57.5625,5
"10866",-1.875,-57.4375,1
"10867",-1.875,-57.1875,11
"10868",-1.875,-57.0625,7
"10869",-1.875,-56.9375,16
"10870",-1.875,-56.8125,29
"10871",-1.875,-56.6875,63
"10872",-1.875,-56.5625,70
"10873",-1.875,-56.4375,60
"10874",-1.875,-56.3125,52
"10875",-1.875,-56.1875,65
"10876",-1.875,-56.0625,67
"10877",-1.875,-55.9375,68
"10878",-1.875,-55.8125,51
"10879",-1.875,-55.6875,69
"10880",-1.875,-55.5625,34
"10881",-1.875,-55.4375,11
"10882",-1.875,-55.3125,13
"10883",-1.875,-55.1875,26
"10884",-1.875,-55.0625,5
"10885",-1.875,-54.9375,1
"10886",-1.875,-50.6875,10
"10887",-1.875,-50.5625,5
"10888",-1.875,-50.4375,2
"10889",-1.875,-50.1875,3
"10890",-1.875,-50.0625,2
"10891",-1.625,-58.6875,6
"10892",-1.625,-58.5625,7
"10893",-1.625,-58.4375,9
"10894",-1.625,-58.3125,4
"10895",-1.625,-58.1875,7
"10896",-1.625,-58.0625,3
"10897",-1.625,-57.9375,24
"10898",-1.625,-57.8125,37
"10899",-1.625,-57.6875,29
"10900",-1.625,-57.1875,3
"10901",-1.625,-57.0625,3
"10902",-1.625,-56.9375,16
"10903",-1.625,-56.8125,23
"10904",-1.625,-56.6875,38
"10905",-1.625,-56.5625,51
"10906",-1.625,-56.4375,52
"10907",-1.625,-56.3125,53
"10908",-1.625,-56.1875,52
"10909",-1.625,-56.0625,43
"10910",-1.625,-55.9375,64
"10911",-1.625,-55.8125,51
"10912",-1.625,-55.6875,130
"10913",-1.625,-55.5625,69
"10914",-1.625,-55.4375,16
"10915",-1.625,-55.3125,3
"10916",-1.625,-55.1875,18
"10917",-1.625,-55.0625,4
"10918",-1.625,-54.9375,3
"10919",-1.625,-54.8125,3
"10920",-1.625,-54.6875,2
"10921",-1.625,-50.6875,2
"10922",-1.625,-50.5625,7
"10923",-1.625,-50.4375,1
"10924",-1.625,-50.1875,2
"10925",-1.625,-50.0625,3
"10926",-1.375,-58.8125,1
"10927",-1.375,-58.6875,3
"10928",-1.375,-58.5625,8
"10929",-1.375,-58.4375,4
"10930",-1.375,-58.3125,3
"10931",-1.375,-58.1875,1
"10932",-1.375,-58.0625,15
"10933",-1.375,-57.9375,25
"10934",-1.375,-57.8125,5
"10935",-1.375,-57.6875,2
"10936",-1.375,-57.5625,7
"10937",-1.375,-57.0625,1
"10938",-1.375,-56.9375,4
"10939",-1.375,-56.8125,18
"10940",-1.375,-56.6875,24
"10941",-1.375,-56.5625,38
"10942",-1.375,-56.4375,46
"10943",-1.375,-56.3125,61
"10944",-1.375,-56.1875,60
"10945",-1.375,-56.0625,68
"10946",-1.375,-55.9375,62
"10947",-1.375,-55.8125,46
"10948",-1.375,-55.6875,70
"10949",-1.375,-55.5625,68
"10950",-1.375,-55.4375,14
"10951",-1.375,-55.3125,9
"10952",-1.375,-55.1875,2
"10953",-1.375,-55.0625,7
"10954",-1.375,-54.9375,4
"10955",-1.375,-54.6875,1
"10956",-1.375,-50.8125,1
"10957",-1.375,-50.6875,2
"10958",-1.375,-50.5625,2
"10959",-1.375,-50.4375,4
"10960",-1.375,-50.3125,2
"10961",-1.375,-50.1875,1
"10962",-1.375,-50.0625,1
"10963",-1.125,-58.6875,7
"10964",-1.125,-58.5625,5
"10965",-1.125,-58.4375,3
"10966",-1.125,-58.3125,3
"10967",-1.125,-58.0625,1
"10968",-1.125,-57.9375,9
"10969",-1.125,-57.8125,11
"10970",-1.125,-57.6875,7
"10971",-1.125,-56.8125,7
"10972",-1.125,-56.6875,27
"10973",-1.125,-56.5625,20
"10974",-1.125,-56.4375,25
"10975",-1.125,-56.3125,40
"10976",-1.125,-56.1875,46
"10977",-1.125,-56.0625,56
"10978",-1.125,-55.9375,63
"10979",-1.125,-55.8125,51
"10980",-1.125,-55.6875,59
"10981",-1.125,-55.5625,65
"10982",-1.125,-55.4375,15
"10983",-1.125,-55.3125,12
"10984",-1.125,-55.1875,6
"10985",-1.125,-55.0625,10
"10986",-1.125,-54.9375,4
"10987",-1.125,-54.6875,1
"10988",-1.125,-50.8125,1
"10989",-1.125,-50.5625,3
"10990",-1.125,-50.4375,5
"10991",-1.125,-50.3125,1
"10992",-0.875,-58.6875,5
"10993",-0.875,-58.5625,2
"10994",-0.875,-58.4375,2
"10995",-0.875,-58.3125,1
"10996",-0.875,-57.8125,3
"10997",-0.875,-57.6875,3
"10998",-0.875,-56.6875,13
"10999",-0.875,-56.5625,5
"11000",-0.875,-56.4375,9
"11001",-0.875,-56.3125,20
"11002",-0.875,-56.1875,44
"11003",-0.875,-56.0625,37
"11004",-0.875,-55.9375,68
"11005",-0.875,-55.8125,46
"11006",-0.875,-55.6875,41
"11007",-0.875,-55.5625,65
"11008",-0.875,-55.4375,27
"11009",-0.875,-55.3125,11
"11010",-0.875,-55.1875,18
"11011",-0.875,-55.0625,4
"11012",-0.875,-54.9375,11
"11013",-0.875,-54.5625,3
"11014",-0.875,-50.9375,1
"11015",-0.875,-50.6875,1
"11016",-0.875,-50.5625,3
"11017",-0.875,-50.4375,1
"11018",-0.625,-58.6875,5
"11019",-0.625,-58.5625,1
"11020",-0.625,-57.8125,3
"11021",-0.625,-56.6875,3
"11022",-0.625,-56.5625,4
"11023",-0.625,-56.4375,2
"11024",-0.625,-56.3125,12
"11025",-0.625,-56.1875,17
"11026",-0.625,-56.0625,38
"11027",-0.625,-55.9375,46
"11028",-0.625,-55.8125,72
"11029",-0.625,-55.6875,33
"11030",-0.625,-55.5625,60
"11031",-0.625,-55.4375,25
"11032",-0.625,-55.3125,13
"11033",-0.625,-55.1875,6
"11034",-0.625,-55.0625,7
"11035",-0.625,-54.9375,17
"11036",-0.625,-54.5625,1
"11037",-0.625,-54.4375,1
"11038",-0.625,-50.9375,3
"11039",-0.625,-50.8125,1
"11040",-0.625,-50.6875,3
"11041",-0.625,-50.4375,1
"11042",-0.375,-58.6875,5
"11043",-0.375,-58.5625,2
"11044",-0.375,-57.9375,3
"11045",-0.375,-56.5625,1
"11046",-0.375,-56.4375,2
"11047",-0.375,-56.3125,3
"11048",-0.375,-56.1875,17
"11049",-0.375,-56.0625,27
"11050",-0.375,-55.9375,17
"11051",-0.375,-55.8125,39
"11052",-0.375,-55.6875,59
"11053",-0.375,-55.5625,49
"11054",-0.375,-55.4375,39
"11055",-0.375,-55.3125,12
"11056",-0.375,-55.1875,1
"11057",-0.375,-55.0625,12
"11058",-0.375,-54.9375,6
"11059",-0.375,-54.4375,1
"11060",-0.375,-54.3125,1
"11061",-0.375,-51.1875,2
"11062",-0.375,-51.0625,1
"11063",-0.375,-50.9375,1
"11064",-0.375,-50.8125,2
"11065",-0.375,-50.4375,1
"11066",-0.125,-58.6875,3
"11067",-0.125,-58.5625,3
"11068",-0.125,-57.9375,3
"11069",-0.125,-56.4375,2
"11070",-0.125,-56.3125,3
"11071",-0.125,-56.1875,12
"11072",-0.125,-56.0625,18
"11073",-0.125,-55.9375,20
"11074",-0.125,-55.8125,36
"11075",-0.125,-55.6875,66
"11076",-0.125,-55.5625,50
"11077",-0.125,-55.4375,44
"11078",-0.125,-55.3125,19
"11079",-0.125,-55.1875,3
"11080",-0.125,-55.0625,11
"11081",-0.125,-54.9375,28
"11082",-0.125,-54.3125,4
"11083",-0.125,-51.3125,2
"11084",-0.125,-51.1875,1
"11085",-0.125,-51.0625,1
"11086",-0.125,-50.9375,2
"11087",-0.125,-50.4375,2
"11088",0.125,-58.6875,3
"11089",0.125,-58.5625,3
"11090",0.125,-56.3125,2
"11091",0.125,-56.1875,11
"11092",0.125,-56.0625,16
"11093",0.125,-55.9375,18
"11094",0.125,-55.8125,50
"11095",0.125,-55.6875,73
"11096",0.125,-55.5625,49
"11097",0.125,-55.4375,54
"11098",0.125,-55.3125,28
"11099",0.125,-55.1875,17
"11100",0.125,-55.0625,3
"11101",0.125,-54.9375,18
"11102",0.125,-54.3125,3
"11103",0.125,-51.4375,2
"11104",0.125,-51.3125,1
"11105",0.125,-51.0625,3
"11106",0.125,-50.5625,1
"11107",0.375,-58.6875,3
"11108",0.375,-58.5625,4
"11109",0.375,-58.4375,1
"11110",0.375,-56.1875,8
"11111",0.375,-56.0625,13
"11112",0.375,-55.9375,41
"11113",0.375,-55.8125,75
"11114",0.375,-55.6875,54
"11115",0.375,-55.5625,44
"11116",0.375,-55.4375,51
"11117",0.375,-55.3125,54
"11118",0.375,-55.1875,20
"11119",0.375,-55.0625,13
"11120",0.375,-54.9375,10
"11121",0.375,-54.8125,8
"11122",0.375,-54.6875,3
"11123",0.375,-54.3125,1
"11124",0.375,-54.1875,2
"11125",0.375,-51.4375,2
"11126",0.375,-51.1875,1
"11127",0.375,-50.5625,1
"11128",0.625,-58.6875,3
"11129",0.625,-58.5625,3
"11130",0.625,-56.1875,6
"11131",0.625,-56.0625,20
"11132",0.625,-55.9375,38
"11133",0.625,-55.8125,55
"11134",0.625,-55.6875,36
"11135",0.625,-55.5625,56
"11136",0.625,-55.4375,56
"11137",0.625,-55.3125,50
"11138",0.625,-55.1875,40
"11139",0.625,-55.0625,12
"11140",0.625,-54.9375,7
"11141",0.625,-54.8125,9
"11142",0.625,-54.6875,9
"11143",0.625,-54.5625,5
"11144",0.625,-54.4375,4
"11145",0.625,-54.3125,4
"11146",0.625,-54.1875,5
"11147",0.625,-54.0625,2
"11148",0.625,-51.1875,1
"11149",0.625,-51.0625,1
"11150",0.625,-50.6875,1
"11151",0.875,-58.6875,2
"11152",0.875,-58.5625,3
"11153",0.875,-58.4375,1
"11154",0.875,-56.1875,4
"11155",0.875,-56.0625,32
"11156",0.875,-55.9375,33
"11157",0.875,-55.8125,24
"11158",0.875,-55.6875,20
"11159",0.875,-55.5625,37
"11160",0.875,-55.4375,58
"11161",0.875,-55.3125,45
"11162",0.875,-55.1875,48
"11163",0.875,-55.0625,40
"11164",0.875,-54.9375,15
"11165",0.875,-54.8125,9
"11166",0.875,-54.6875,13
"11167",0.875,-54.5625,35
"11168",0.875,-54.4375,31
"11169",0.875,-54.3125,3
"11170",0.875,-54.1875,4
"11171",0.875,-51.0625,1
"11172",1.125,-58.5625,6
"11173",1.125,-58.4375,2
"11174",1.125,-56.1875,8
"11175",1.125,-56.0625,19
"11176",1.125,-55.9375,43
"11177",1.125,-55.8125,41
"11178",1.125,-55.6875,33
"11179",1.125,-55.5625,23
"11180",1.125,-55.4375,40
"11181",1.125,-55.3125,49
"11182",1.125,-55.1875,33
"11183",1.125,-55.0625,50
"11184",1.125,-54.9375,29
"11185",1.125,-54.8125,18
"11186",1.125,-54.6875,10
"11187",1.125,-54.5625,17
"11188",1.125,-54.4375,5
"11189",1.125,-54.3125,2
"11190",1.125,-54.1875,2
"11191",1.125,-54.0625,9
"11192",1.125,-53.9375,3
"11193",1.125,-53.5625,2
"11194",1.125,-53.4375,1
"11195",1.125,-53.3125,1
"11196",1.125,-53.1875,1
"11197",1.125,-50.9375,1
"11198",1.375,-58.5625,2
"11199",1.375,-58.4375,6
"11200",1.375,-56.3125,2
"11201",1.375,-56.1875,6
"11202",1.375,-56.0625,16
"11203",1.375,-55.9375,37
"11204",1.375,-55.8125,33
"11205",1.375,-55.6875,36
"11206",1.375,-55.5625,46
"11207",1.375,-55.4375,42
"11208",1.375,-55.3125,63
"11209",1.375,-55.1875,25
"11210",1.375,-55.0625,25
"11211",1.375,-54.9375,38
"11212",1.375,-54.8125,12
"11213",1.375,-54.6875,35
"11214",1.375,-54.5625,31
"11215",1.375,-54.4375,23
"11216",1.375,-54.3125,5
"11217",1.375,-54.1875,1
"11218",1.375,-54.0625,2
"11219",1.375,-53.9375,5
"11220",1.375,-53.8125,9
"11221",1.375,-53.6875,12
"11222",1.375,-53.5625,9
"11223",1.375,-53.4375,2
"11224",1.375,-53.3125,2
"11225",1.375,-53.0625,1
"11226",1.625,-58.4375,1
"11227",1.625,-58.3125,5
"11228",1.625,-56.3125,4
"11229",1.625,-56.1875,13
"11230",1.625,-56.0625,26
"11231",1.625,-55.9375,46
"11232",1.625,-55.8125,26
"11233",1.625,-55.6875,40
"11234",1.625,-55.5625,23
"11235",1.625,-55.4375,27
"11236",1.625,-55.3125,27
"11237",1.625,-55.1875,38
"11238",1.625,-55.0625,33
"11239",1.625,-54.9375,42
"11240",1.625,-54.8125,23
"11241",1.625,-54.6875,32
"11242",1.625,-54.5625,52
"11243",1.625,-54.4375,40
"11244",1.625,-54.3125,13
"11245",1.625,-54.1875,3
"11246",1.625,-54.0625,11
"11247",1.625,-53.9375,11
"11248",1.625,-53.8125,10
"11249",1.625,-53.6875,5
"11250",1.625,-53.5625,2
"11251",1.625,-53.3125,3
"11252",1.625,-53.1875,1
"11253",1.625,-50.8125,1
"11254",1.875,-58.1875,2
"11255",1.875,-56.6875,1
"11256",1.875,-56.5625,2
"11257",1.875,-56.4375,2
"11258",1.875,-56.3125,4
"11259",1.875,-56.1875,22
"11260",1.875,-56.0625,17
"11261",1.875,-55.9375,27
"11262",1.875,-55.8125,34
"11263",1.875,-55.6875,23
"11264",1.875,-55.5625,16
"11265",1.875,-55.4375,31
"11266",1.875,-55.3125,27
"11267",1.875,-55.1875,26
"11268",1.875,-55.0625,27
"11269",1.875,-54.9375,45
"11270",1.875,-54.8125,23
"11271",1.875,-54.6875,40
"11272",1.875,-54.5625,32
"11273",1.875,-54.4375,37
"11274",1.875,-54.3125,68
"11275",1.875,-54.1875,32
"11276",1.875,-54.0625,11
"11277",1.875,-53.9375,9
"11278",1.875,-53.8125,12
"11279",1.875,-53.6875,6
"11280",1.875,-53.5625,2
"11281",1.875,-53.4375,3
"11282",1.875,-53.1875,1
"11283",2.125,-58.1875,3
"11284",2.125,-58.0625,1
"11285",2.125,-56.8125,1
"11286",2.125,-56.4375,3
"11287",2.125,-56.3125,10
"11288",2.125,-56.1875,25
"11289",2.125,-56.0625,23
"11290",2.125,-55.9375,16
"11291",2.125,-55.8125,24
"11292",2.125,-55.6875,19
"11293",2.125,-55.5625,18
"11294",2.125,-55.4375,30
"11295",2.125,-55.3125,22
"11296",2.125,-55.1875,28
"11297",2.125,-55.0625,21
"11298",2.125,-54.9375,27
"11299",2.125,-54.8125,27
"11300",2.125,-54.6875,23
"11301",2.125,-54.5625,13
"11302",2.125,-54.4375,12
"11303",2.125,-54.3125,18
"11304",2.125,-54.1875,53
"11305",2.125,-54.0625,29
"11306",2.125,-53.9375,4
"11307",2.125,-53.8125,10
"11308",2.125,-53.6875,5
"11309",2.125,-53.5625,1
"11310",2.125,-53.4375,2
"11311",2.125,-50.8125,1
"11312",2.375,-58.1875,1
"11313",2.375,-58.0625,2
"11314",2.375,-56.8125,1
"11315",2.375,-56.4375,20
"11316",2.375,-56.3125,32
"11317",2.375,-56.1875,35
"11318",2.375,-56.0625,15
"11319",2.375,-55.9375,15
"11320",2.375,-55.8125,22
"11321",2.375,-55.6875,23
"11322",2.375,-55.5625,32
"11323",2.375,-55.4375,32
"11324",2.375,-55.3125,31
"11325",2.375,-55.1875,14
"11326",2.375,-55.0625,17
"11327",2.375,-54.9375,21
"11328",2.375,-54.8125,23
"11329",2.375,-54.6875,25
"11330",2.375,-54.5625,22
"11331",2.375,-54.4375,20
"11332",2.375,-54.3125,27
"11333",2.375,-54.1875,31
"11334",2.375,-54.0625,33
"11335",2.375,-53.9375,23
"11336",2.375,-53.8125,11
"11337",2.375,-53.6875,11
"11338",2.375,-53.5625,1
"11339",2.625,-58.0625,3
"11340",2.625,-56.9375,4
"11341",2.625,-56.8125,4
"11342",2.625,-56.6875,3
"11343",2.625,-56.5625,6
"11344",2.625,-56.4375,23
"11345",2.625,-56.3125,40
"11346",2.625,-56.1875,20
"11347",2.625,-56.0625,31
"11348",2.625,-55.9375,29
"11349",2.625,-55.8125,9
"11350",2.625,-55.6875,16
"11351",2.625,-55.5625,33
"11352",2.625,-55.4375,24
"11353",2.625,-55.3125,15
"11354",2.625,-55.1875,19
"11355",2.625,-55.0625,23
"11356",2.625,-54.9375,28
"11357",2.625,-54.8125,22
"11358",2.625,-54.6875,19
"11359",2.625,-54.5625,19
"11360",2.625,-54.4375,15
"11361",2.625,-54.3125,10
"11362",2.625,-54.1875,14
"11363",2.625,-54.0625,13
"11364",2.625,-53.9375,26
"11365",2.625,-53.8125,43
"11366",2.625,-53.6875,25
"11367",2.625,-53.5625,8
"11368",2.625,-50.6875,1
"11369",2.875,-58.0625,3
"11370",2.875,-57.9375,2
"11371",2.875,-56.9375,5
"11372",2.875,-56.6875,3
"11373",2.875,-56.5625,6
"11374",2.875,-56.4375,20
"11375",2.875,-56.3125,17
"11376",2.875,-56.1875,23
"11377",2.875,-56.0625,23
"11378",2.875,-55.9375,13
"11379",2.875,-55.8125,10
"11380",2.875,-55.6875,8
"11381",2.875,-55.5625,23
"11382",2.875,-55.4375,21
"11383",2.875,-55.3125,19
"11384",2.875,-55.1875,11
"11385",2.875,-55.0625,12
"11386",2.875,-54.9375,16
"11387",2.875,-54.8125,19
"11388",2.875,-54.6875,15
"11389",2.875,-54.5625,3
"11390",2.875,-54.4375,7
"11391",2.875,-54.3125,11
"11392",2.875,-54.1875,10
"11393",2.875,-54.0625,16
"11394",2.875,-53.9375,11
"11395",2.875,-53.8125,62
"11396",2.875,-53.6875,60
"11397",2.875,-53.5625,8
"11398",2.875,-53.4375,5
"11399",2.875,-53.3125,2
"11400",2.875,-50.5625,1
"11401",3.125,-57.9375,2
"11402",3.125,-57.8125,5
"11403",3.125,-57.6875,3
"11404",3.125,-56.8125,4
"11405",3.125,-56.6875,4
"11406",3.125,-56.5625,3
"11407",3.125,-56.4375,12
"11408",3.125,-56.3125,20
"11409",3.125,-56.1875,12
"11410",3.125,-56.0625,16
"11411",3.125,-55.9375,10
"11412",3.125,-55.8125,5
"11413",3.125,-55.6875,11
"11414",3.125,-55.5625,10
"11415",3.125,-55.4375,13
"11416",3.125,-55.3125,14
"11417",3.125,-55.1875,7
"11418",3.125,-55.0625,17
"11419",3.125,-54.9375,20
"11420",3.125,-54.8125,15
"11421",3.125,-54.6875,16
"11422",3.125,-54.5625,8
"11423",3.125,-54.4375,3
"11424",3.125,-54.3125,9
"11425",3.125,-54.1875,8
"11426",3.125,-54.0625,6
"11427",3.125,-53.9375,9
"11428",3.125,-53.8125,29
"11429",3.125,-53.6875,22
"11430",3.125,-53.5625,6
"11431",3.125,-53.4375,8
"11432",3.125,-53.3125,5
"11433",3.125,-50.1875,1
"11434",3.375,-56.6875,2
"11435",3.375,-56.5625,6
"11436",3.375,-56.4375,9
"11437",3.375,-56.3125,16
"11438",3.375,-56.1875,18
"11439",3.375,-56.0625,9
"11440",3.375,-55.9375,8
"11441",3.375,-55.8125,15
"11442",3.375,-55.6875,3
"11443",3.375,-55.5625,5
"11444",3.375,-55.4375,2
"11445",3.375,-55.3125,11
"11446",3.375,-55.1875,8
"11447",3.375,-55.0625,17
"11448",3.375,-54.9375,8
"11449",3.375,-54.8125,8
"11450",3.375,-54.6875,11
"11451",3.375,-54.5625,17
"11452",3.375,-54.4375,3
"11453",3.375,-54.3125,8
"11454",3.375,-54.1875,5
"11455",3.375,-53.9375,2
"11456",3.375,-53.8125,11
"11457",3.375,-53.6875,5
"11458",3.375,-53.5625,5
"11459",3.375,-53.4375,3
"11460",3.375,-53.3125,7
"11461",3.375,-53.1875,1
"11462",3.625,-56.6875,2
"11463",3.625,-56.5625,1
"11464",3.625,-56.4375,5
"11465",3.625,-56.3125,21
"11466",3.625,-56.1875,10
"11467",3.625,-56.0625,16
"11468",3.625,-55.9375,2
"11469",3.625,-55.6875,8
"11470",3.625,-55.5625,7
"11471",3.625,-55.4375,7
"11472",3.625,-55.3125,8
"11473",3.625,-55.1875,22
"11474",3.625,-55.0625,20
"11475",3.625,-54.9375,7
"11476",3.625,-54.8125,4
"11477",3.625,-54.6875,5
"11478",3.625,-54.5625,6
"11479",3.625,-54.4375,9
"11480",3.625,-54.3125,4
"11481",3.625,-54.1875,3
"11482",3.625,-53.8125,6
"11483",3.625,-53.6875,4
"11484",3.625,-53.5625,2
"11485",3.625,-53.3125,5
"11486",3.625,-53.1875,4
"11487",3.625,-53.0625,2
"11488",3.875,-56.6875,1
"11489",3.875,-56.5625,1
"11490",3.875,-56.4375,3
"11491",3.875,-56.3125,13
"11492",3.875,-56.1875,10
"11493",3.875,-56.0625,6
"11494",3.875,-55.9375,9
"11495",3.875,-55.8125,7
"11496",3.875,-55.6875,12
"11497",3.875,-55.5625,8
"11498",3.875,-55.4375,10
"11499",3.875,-55.3125,8
"11500",3.875,-55.1875,11
"11501",3.875,-55.0625,23
"11502",3.875,-54.9375,19
"11503",3.875,-54.8125,16
"11504",3.875,-54.6875,9
"11505",3.875,-54.5625,5
"11506",3.875,-54.4375,4
"11507",3.875,-54.3125,4
"11508",3.875,-54.1875,2
"11509",3.875,-53.8125,1
"11510",3.875,-53.6875,4
"11511",3.875,-53.5625,1
"11512",3.875,-53.4375,1
"11513",3.875,-53.3125,4
"11514",3.875,-53.1875,1
"11515",3.875,-53.0625,8
"11516",3.875,-52.9375,1
"11517",4.125,-56.4375,3
"11518",4.125,-56.3125,8
"11519",4.125,-56.1875,10
"11520",4.125,-56.0625,16
"11521",4.125,-55.9375,11
"11522",4.125,-55.8125,14
"11523",4.125,-55.6875,3
"11524",4.125,-55.5625,5
"11525",4.125,-55.4375,3
"11526",4.125,-55.3125,11
"11527",4.125,-55.1875,16
"11528",4.125,-55.0625,26
"11529",4.125,-54.9375,19
"11530",4.125,-54.8125,4
"11531",4.125,-54.6875,1
"11532",4.125,-54.5625,3
"11533",4.125,-54.4375,5
"11534",4.125,-54.3125,4
"11535",4.125,-54.1875,4
"11536",4.125,-53.6875,4
"11537",4.125,-53.5625,4
"11538",4.125,-53.4375,2
"11539",4.125,-53.3125,4
"11540",4.125,-52.9375,3
"11541",4.125,-52.8125,2
"11542",4.375,-56.4375,1
"11543",4.375,-56.3125,7
"11544",4.375,-56.1875,7
"11545",4.375,-56.0625,11
"11546",4.375,-55.9375,5
"11547",4.375,-55.8125,30
"11548",4.375,-55.6875,16
"11549",4.375,-55.5625,4
"11550",4.375,-55.4375,6
"11551",4.375,-55.3125,8
"11552",4.375,-55.1875,15
"11553",4.375,-55.0625,16
"11554",4.375,-54.9375,6
"11555",4.375,-54.3125,1
"11556",4.375,-54.1875,3
"11557",4.375,-54.0625,1
"11558",4.375,-53.8125,1
"11559",4.375,-53.5625,4
"11560",4.375,-53.4375,1
"11561",4.375,-53.3125,2
"11562",4.375,-52.9375,2
"11563",4.375,-52.8125,1
"11564",4.375,-52.6875,1
"11565",4.625,-56.3125,3
"11566",4.625,-56.1875,10
"11567",4.625,-56.0625,11
"11568",4.625,-55.9375,5
"11569",4.625,-55.8125,11
"11570",4.625,-55.6875,2
"11571",4.625,-55.5625,13
"11572",4.625,-55.4375,1
"11573",4.625,-55.3125,13
"11574",4.625,-55.1875,4
"11575",4.625,-55.0625,6
"11576",4.625,-54.9375,2
"11577",4.625,-54.3125,1
"11578",4.625,-54.1875,1
"11579",4.625,-54.0625,4
"11580",4.625,-53.9375,2
"11581",4.625,-53.8125,1
"11582",4.625,-53.5625,4
"11583",4.625,-53.3125,5
"11584",4.625,-52.8125,4
"11585",4.625,-52.6875,1
"11586",4.875,-56.1875,5
"11587",4.875,-56.0625,6
"11588",4.875,-55.9375,11
"11589",4.875,-55.8125,11
"11590",4.875,-55.6875,5
"11591",4.875,-55.5625,6
"11592",4.875,-55.4375,7
"11593",4.875,-55.3125,6
"11594",4.875,-55.0625,2
"11595",4.875,-54.9375,1
"11596",4.875,-54.0625,2
"11597",4.875,-53.9375,1
"11598",4.875,-53.8125,1
"11599",4.875,-53.6875,1
"11600",4.875,-53.4375,1
"11601",4.875,-53.3125,1
"11602",4.875,-52.8125,5
"11603",4.875,-52.6875,2
"11604",5.125,-56.0625,6
"11605",5.125,-55.9375,4
"11606",5.125,-55.8125,6
"11607",5.125,-55.6875,10
"11608",5.125,-55.5625,8
"11609",5.125,-55.4375,5
"11610",5.125,-55.3125,12
"11611",5.125,-55.1875,3
"11612",5.125,-55.0625,2
"11613",5.125,-54.8125,1
"11614",5.125,-54.6875,1
"11615",5.125,-54.0625,1
"11616",5.125,-53.8125,1
"11617",5.125,-53.4375,1
"11618",5.125,-53.3125,4
"11619",5.125,-53.1875,2
"11620",5.125,-53.0625,1
"11621",5.125,-52.8125,4
"11622",5.125,-52.5625,1
"11623",5.375,-56.0625,2
"11624",5.375,-55.9375,5
"11625",5.375,-55.8125,6
"11626",5.375,-55.6875,2
"11627",5.375,-55.5625,3
"11628",5.375,-55.4375,6
"11629",5.375,-55.3125,9
"11630",5.375,-54.9375,2
"11631",5.375,-54.8125,1
"11632",5.375,-54.6875,2
"11633",5.375,-54.5625,1
"11634",5.375,-53.6875,1
"11635",5.375,-53.5625,2
"11636",5.375,-53.0625,3
"11637",5.375,-52.9375,2
"11638",5.375,-52.8125,2
"11639",5.375,-52.6875,2
"11640",5.625,-55.9375,1
"11641",5.625,-55.8125,4
"11642",5.625,-55.6875,7
"11643",5.625,-55.5625,3
"11644",5.625,-55.4375,7
"11645",5.625,-55.3125,4
"11646",5.625,-53.8125,2
"11647",5.625,-53.5625,1
"11648",5.625,-53.0625,1
"11649",5.625,-52.8125,2
"11650",5.625,-52.6875,1
"11651",5.625,-52.5625,1
"11652",5.875,-55.6875,2
"11653",5.875,-55.5625,8
"11654",5.875,-55.4375,6
"11655",5.875,-55.3125,6
"11656",5.875,-53.8125,1
"11657",5.875,-53.5625,2
"11658",5.875,-52.9375,1
"11659",5.875,-52.8125,7
"11660",5.875,-52.6875,3
"11661",6.125,-55.6875,1
"11662",6.125,-55.5625,2
"11663",6.125,-55.4375,4
"11664",6.125,-55.3125,4
"11665",6.125,-55.1875,4
"11666",6.125,-55.0625,2
"11667",6.125,-53.5625,1
"11668",6.125,-52.9375,2
"11669",6.125,-52.8125,3
"11670",6.125,-52.6875,3
"11671",6.375,-55.5625,1
"11672",6.375,-55.4375,1
"11673",6.375,-55.0625,4
"11674",6.375,-54.9375,4
"11675",6.375,-54.8125,3
"11676",6.375,-54.6875,2
"11677",6.375,-53.6875,1
"11678",6.375,-53.0625,2
"11679",6.375,-52.9375,2
"11680",6.375,-52.8125,5
"11681",6.375,-52.6875,3
"11682",6.625,-55.4375,1
"11683",6.625,-55.3125,4
"11684",6.625,-55.1875,5
"11685",6.625,-55.0625,2
"11686",6.625,-54.6875,1
"11687",6.625,-53.5625,1
"11688",6.875,-53.4375,1
"11689",7.375,-53.4375,1
"11690",7.625,-53.4375,1
"11691",8.125,-53.3125,1
"11692",8.375,-52.9375,1
"11693",9.125,-53.1875,1
"11694",9.625,-53.0625,1
