"","x","y","numb"
"1",-105.875,-71.6875,2
"2",-105.875,-71.5625,1
"3",-105.875,-71.4375,1
"4",-105.875,-71.3125,1
"5",-105.625,-71.8125,2
"6",-105.625,-71.5625,3
"7",-105.375,-72.0625,2
"8",-105.375,-71.8125,2
"9",-105.375,-71.5625,1
"10",-105.125,-72.1875,2
"11",-105.125,-72.0625,1
"12",-105.125,-71.9375,1
"13",-105.125,-71.8125,1
"14",-104.875,-72.8125,1
"15",-104.875,-72.1875,1
"16",-104.875,-71.9375,3
"17",-104.625,-72.0625,1
"18",-104.625,-71.9375,2
"19",-104.375,-72.8125,1
"20",-104.375,-72.5625,3
"21",-104.375,-72.3125,1
"22",-104.375,-72.0625,2
"23",-104.375,-71.9375,1
"24",-104.125,-72.6875,1
"25",-104.125,-72.5625,2
"26",-104.125,-72.3125,1
"27",-104.125,-72.1875,2
"28",-104.125,-72.0625,1
"29",-104.125,-71.9375,1
"30",-103.875,-72.4375,3
"31",-103.875,-72.1875,1
"32",-103.875,-71.9375,3
"33",-103.625,-72.4375,1
"34",-103.625,-72.0625,1
"35",-103.625,-71.9375,1
"36",-103.375,-72.0625,9
"37",-103.375,-71.9375,1
"38",-103.375,-71.8125,1
"39",-103.125,-72.0625,5
"40",-103.125,-71.9375,2
"41",-102.875,-72.0625,1
"42",-102.875,-71.9375,3
"43",-102.875,-71.8125,1
"44",-102.625,-72.0625,21
"45",-102.625,-71.9375,2
"46",-102.625,-71.8125,1
"47",-102.375,-72.0625,5
"48",-102.375,-71.9375,3
"49",-102.375,-71.8125,2
"50",-102.125,-72.0625,9
"51",-102.125,-71.9375,9
"52",-102.125,-71.8125,1
"53",-102.125,-71.6875,1
"54",-101.875,-72.0625,11
"55",-101.875,-71.9375,8
"56",-101.875,-71.8125,4
"57",-101.875,-71.6875,1
"58",-101.625,-72.0625,1
"59",-101.625,-71.9375,4
"60",-101.625,-71.8125,4
"61",-101.625,-71.6875,1
"62",-101.375,-71.9375,4
"63",-101.375,-71.8125,8
"64",-101.125,-71.9375,3
"65",-101.125,-71.8125,6
"66",-100.875,-71.8125,9
"67",-100.875,-71.6875,4
"68",-100.625,-71.9375,8
"69",-100.625,-71.8125,8
"70",-100.625,-71.6875,5
"71",-100.375,-71.8125,5
"72",-100.375,-71.6875,3
"73",-100.125,-71.8125,8
"74",-100.125,-71.6875,4
"75",-99.875,-71.8125,14
"76",-99.875,-71.6875,8
"77",-99.625,-71.8125,19
"78",-99.625,-71.6875,36
"79",-99.625,-71.5625,3
"80",-99.375,-71.8125,20
"81",-99.375,-71.6875,61
"82",-99.375,-71.5625,5
"83",-99.125,-71.8125,5
"84",-99.125,-71.6875,24
"85",-99.125,-71.5625,6
"86",-99.125,-71.4375,3
"87",-98.875,-71.6875,28
"88",-98.875,-71.5625,18
"89",-98.875,-71.4375,2
"90",-98.625,-71.8125,40
"91",-98.625,-71.6875,29
"92",-98.625,-71.5625,36
"93",-98.625,-71.4375,2
"94",-98.375,-71.8125,18
"95",-98.375,-71.6875,47
"96",-98.375,-71.5625,27
"97",-98.375,-71.4375,1
"98",-98.125,-71.8125,24
"99",-98.125,-71.6875,44
"100",-98.125,-71.5625,15
"101",-98.125,-71.4375,1
"102",-97.875,-71.8125,11
"103",-97.875,-71.6875,31
"104",-97.875,-71.5625,9
"105",-97.625,-71.8125,16
"106",-97.625,-71.6875,36
"107",-97.375,-71.8125,13
"108",-97.375,-71.6875,24
"109",-97.375,-71.5625,3
"110",-97.125,-71.8125,24
"111",-97.125,-71.6875,20
"112",-97.125,-71.5625,3
"113",-96.875,-71.8125,16
"114",-96.875,-71.6875,32
"115",-96.875,-71.5625,7
"116",-96.625,-71.8125,19
"117",-96.625,-71.6875,33
"118",-96.625,-71.5625,8
"119",-96.375,-71.8125,21
"120",-96.375,-71.6875,34
"121",-96.375,-71.5625,15
"122",-96.125,-71.8125,26
"123",-96.125,-71.6875,45
"124",-96.125,-71.5625,13
"125",-96.125,-71.4375,2
"126",-95.875,-72.0625,2
"127",-95.875,-71.9375,100
"128",-95.875,-71.8125,108
"129",-95.875,-71.6875,22
"130",-95.875,-71.5625,11
"131",-95.875,-71.4375,2
"132",-95.625,-72.3125,10
"133",-95.625,-72.0625,20
"134",-95.625,-71.9375,105
"135",-95.625,-71.8125,48
"136",-95.625,-71.6875,35
"137",-95.625,-71.5625,33
"138",-95.625,-71.4375,8
"139",-95.625,-71.3125,4
"140",-95.375,-72.3125,32
"141",-95.375,-72.1875,33
"142",-95.375,-72.0625,12
"143",-95.375,-71.9375,51
"144",-95.375,-71.8125,45
"145",-95.375,-71.6875,34
"146",-95.375,-71.5625,23
"147",-95.375,-71.4375,4
"148",-95.375,-71.3125,2
"149",-95.125,-72.3125,34
"150",-95.125,-72.1875,82
"151",-95.125,-72.0625,52
"152",-95.125,-71.9375,54
"153",-95.125,-71.8125,24
"154",-95.125,-71.6875,13
"155",-95.125,-71.5625,6
"156",-95.125,-71.4375,10
"157",-95.125,-71.3125,15
"158",-94.875,-72.3125,9
"159",-94.875,-72.1875,58
"160",-94.875,-72.0625,66
"161",-94.875,-71.9375,45
"162",-94.875,-71.8125,59
"163",-94.875,-71.6875,33
"164",-94.875,-71.5625,15
"165",-94.875,-71.4375,14
"166",-94.875,-71.3125,7
"167",-94.625,-72.1875,35
"168",-94.625,-72.0625,51
"169",-94.625,-71.9375,41
"170",-94.625,-71.8125,36
"171",-94.625,-71.6875,22
"172",-94.625,-71.5625,11
"173",-94.625,-71.4375,1
"174",-94.375,-72.3125,134
"175",-94.375,-72.1875,124
"176",-94.375,-72.0625,54
"177",-94.375,-71.9375,38
"178",-94.375,-71.8125,43
"179",-94.375,-71.6875,31
"180",-94.375,-71.5625,3
"181",-94.125,-72.3125,13
"182",-94.125,-72.1875,124
"183",-94.125,-72.0625,54
"184",-94.125,-71.9375,36
"185",-94.125,-71.8125,55
"186",-94.125,-71.6875,66
"187",-94.125,-71.5625,5
"188",-93.875,-72.3125,4
"189",-93.875,-72.1875,83
"190",-93.875,-72.0625,43
"191",-93.875,-71.9375,49
"192",-93.875,-71.8125,53
"193",-93.875,-71.6875,41
"194",-93.875,-71.5625,5
"195",-93.625,-72.3125,11
"196",-93.625,-72.1875,57
"197",-93.625,-72.0625,41
"198",-93.625,-71.9375,50
"199",-93.625,-71.8125,42
"200",-93.625,-71.6875,40
"201",-93.625,-71.5625,56
"202",-93.625,-71.4375,8
"203",-93.375,-72.3125,16
"204",-93.375,-72.1875,76
"205",-93.375,-72.0625,60
"206",-93.375,-71.9375,67
"207",-93.375,-71.8125,41
"208",-93.375,-71.6875,18
"209",-93.375,-71.5625,28
"210",-93.375,-71.4375,5
"211",-93.125,-72.3125,22
"212",-93.125,-72.1875,178
"213",-93.125,-72.0625,125
"214",-93.125,-71.9375,63
"215",-93.125,-71.8125,36
"216",-93.125,-71.6875,13
"217",-93.125,-71.5625,15
"218",-93.125,-71.4375,2
"219",-92.875,-72.3125,838
"220",-92.875,-72.1875,784
"221",-92.875,-72.0625,134
"222",-92.875,-71.9375,60
"223",-92.875,-71.8125,37
"224",-92.875,-71.6875,19
"225",-92.875,-71.5625,6
"226",-92.875,-71.4375,9
"227",-92.625,-72.3125,162
"228",-92.625,-72.1875,108
"229",-92.625,-72.0625,116
"230",-92.625,-71.9375,113
"231",-92.625,-71.8125,41
"232",-92.625,-71.6875,26
"233",-92.625,-71.5625,16
"234",-92.625,-71.4375,10
"235",-92.625,-71.3125,2
"236",-92.375,-72.3125,164
"237",-92.375,-72.1875,119
"238",-92.375,-72.0625,123
"239",-92.375,-71.9375,132
"240",-92.375,-71.8125,46
"241",-92.375,-71.6875,31
"242",-92.375,-71.5625,16
"243",-92.375,-71.4375,14
"244",-92.375,-71.3125,9
"245",-92.375,-71.1875,4
"246",-92.375,-71.0625,2
"247",-92.125,-72.3125,196
"248",-92.125,-72.1875,162
"249",-92.125,-72.0625,154
"250",-92.125,-71.9375,110
"251",-92.125,-71.8125,34
"252",-92.125,-71.6875,26
"253",-92.125,-71.5625,21
"254",-92.125,-71.4375,16
"255",-92.125,-71.1875,7
"256",-92.125,-71.0625,4
"257",-91.875,-72.3125,155
"258",-91.875,-72.1875,166
"259",-91.875,-72.0625,140
"260",-91.875,-71.9375,101
"261",-91.875,-71.8125,62
"262",-91.875,-71.6875,61
"263",-91.875,-71.5625,17
"264",-91.875,-71.4375,24
"265",-91.875,-71.3125,15
"266",-91.875,-71.1875,3
"267",-91.625,-72.3125,97
"268",-91.625,-72.1875,189
"269",-91.625,-72.0625,113
"270",-91.625,-71.9375,61
"271",-91.625,-71.8125,105
"272",-91.625,-71.6875,46
"273",-91.625,-71.5625,67
"274",-91.625,-71.4375,55
"275",-91.625,-71.3125,28
"276",-91.625,-71.1875,5
"277",-91.375,-72.3125,120
"278",-91.375,-72.1875,217
"279",-91.375,-72.0625,144
"280",-91.375,-71.9375,144
"281",-91.375,-71.8125,155
"282",-91.375,-71.6875,163
"283",-91.375,-71.5625,160
"284",-91.375,-71.4375,128
"285",-91.375,-71.3125,64
"286",-91.375,-71.1875,8
"287",-91.375,-71.0625,3
"288",-91.125,-72.3125,610
"289",-91.125,-72.1875,210
"290",-91.125,-72.0625,176
"291",-91.125,-71.9375,170
"292",-91.125,-71.8125,259
"293",-91.125,-71.6875,251
"294",-91.125,-71.5625,156
"295",-91.125,-71.4375,155
"296",-91.125,-71.3125,87
"297",-91.125,-71.1875,2
"298",-91.125,-71.0625,2
"299",-90.875,-72.4375,34
"300",-90.875,-72.3125,579
"301",-90.875,-72.1875,253
"302",-90.875,-72.0625,249
"303",-90.875,-71.9375,169
"304",-90.875,-71.8125,320
"305",-90.875,-71.6875,250
"306",-90.875,-71.5625,212
"307",-90.875,-71.4375,144
"308",-90.875,-71.3125,40
"309",-90.875,-71.1875,5
"310",-90.875,-71.0625,7
"311",-90.625,-72.4375,133
"312",-90.625,-72.3125,432
"313",-90.625,-72.1875,366
"314",-90.625,-72.0625,271
"315",-90.625,-71.9375,329
"316",-90.625,-71.8125,301
"317",-90.625,-71.6875,235
"318",-90.625,-71.5625,140
"319",-90.625,-71.4375,59
"320",-90.625,-71.3125,34
"321",-90.625,-71.1875,7
"322",-90.375,-72.3125,461
"323",-90.375,-72.1875,396
"324",-90.375,-72.0625,290
"325",-90.375,-71.9375,373
"326",-90.375,-71.8125,272
"327",-90.375,-71.6875,219
"328",-90.375,-71.5625,147
"329",-90.375,-71.4375,42
"330",-90.375,-71.3125,16
"331",-90.375,-71.1875,8
"332",-90.125,-72.3125,77
"333",-90.125,-72.1875,322
"334",-90.125,-72.0625,345
"335",-90.125,-71.9375,335
"336",-90.125,-71.8125,271
"337",-90.125,-71.6875,245
"338",-90.125,-71.5625,71
"339",-90.125,-71.4375,13
"340",-90.125,-71.3125,10
"341",-90.125,-71.1875,5
"342",-89.875,-72.3125,273
"343",-89.875,-72.1875,455
"344",-89.875,-72.0625,349
"345",-89.875,-71.9375,337
"346",-89.875,-71.8125,242
"347",-89.875,-71.6875,195
"348",-89.875,-71.5625,103
"349",-89.875,-71.4375,24
"350",-89.875,-71.3125,4
"351",-89.875,-71.1875,5
"352",-89.625,-72.4375,1
"353",-89.625,-72.3125,604
"354",-89.625,-72.1875,331
"355",-89.625,-72.0625,340
"356",-89.625,-71.9375,381
"357",-89.625,-71.8125,284
"358",-89.625,-71.6875,165
"359",-89.625,-71.5625,44
"360",-89.625,-71.4375,29
"361",-89.625,-71.1875,7
"362",-89.375,-72.3125,678
"363",-89.375,-72.1875,350
"364",-89.375,-72.0625,365
"365",-89.375,-71.9375,399
"366",-89.375,-71.8125,257
"367",-89.375,-71.6875,143
"368",-89.375,-71.5625,97
"369",-89.375,-71.4375,15
"370",-89.375,-71.3125,7
"371",-89.375,-71.1875,6
"372",-89.125,-72.3125,783
"373",-89.125,-72.1875,319
"374",-89.125,-72.0625,454
"375",-89.125,-71.9375,342
"376",-89.125,-71.8125,312
"377",-89.125,-71.6875,173
"378",-89.125,-71.5625,152
"379",-89.125,-71.4375,31
"380",-89.125,-71.3125,4
"381",-89.125,-71.1875,2
"382",-88.875,-72.4375,296
"383",-88.875,-72.3125,673
"384",-88.875,-72.1875,324
"385",-88.875,-72.0625,483
"386",-88.875,-71.9375,340
"387",-88.875,-71.8125,274
"388",-88.875,-71.6875,146
"389",-88.875,-71.5625,139
"390",-88.875,-71.4375,57
"391",-88.875,-71.3125,10
"392",-88.875,-71.1875,4
"393",-88.625,-72.4375,625
"394",-88.625,-72.3125,419
"395",-88.625,-72.1875,398
"396",-88.625,-72.0625,499
"397",-88.625,-71.9375,365
"398",-88.625,-71.8125,277
"399",-88.625,-71.6875,239
"400",-88.625,-71.5625,119
"401",-88.625,-71.4375,62
"402",-88.625,-71.3125,10
"403",-88.625,-71.1875,7
"404",-88.375,-72.5625,27
"405",-88.375,-72.4375,443
"406",-88.375,-72.3125,399
"407",-88.375,-72.1875,438
"408",-88.375,-72.0625,409
"409",-88.375,-71.9375,410
"410",-88.375,-71.8125,361
"411",-88.375,-71.6875,174
"412",-88.375,-71.5625,105
"413",-88.375,-71.4375,32
"414",-88.375,-71.3125,22
"415",-88.375,-71.1875,10
"416",-88.125,-72.8125,33
"417",-88.125,-72.6875,8
"418",-88.125,-72.5625,218
"419",-88.125,-72.4375,328
"420",-88.125,-72.3125,362
"421",-88.125,-72.1875,501
"422",-88.125,-72.0625,404
"423",-88.125,-71.9375,427
"424",-88.125,-71.8125,348
"425",-88.125,-71.6875,134
"426",-88.125,-71.5625,123
"427",-88.125,-71.4375,62
"428",-88.125,-71.3125,23
"429",-88.125,-71.1875,4
"430",-88.125,-71.0625,3
"431",-87.875,-72.8125,133
"432",-87.875,-72.6875,52
"433",-87.875,-72.5625,286
"434",-87.875,-72.4375,369
"435",-87.875,-72.3125,391
"436",-87.875,-72.1875,552
"437",-87.875,-72.0625,438
"438",-87.875,-71.9375,357
"439",-87.875,-71.8125,162
"440",-87.875,-71.6875,95
"441",-87.875,-71.5625,39
"442",-87.875,-71.4375,5
"443",-87.875,-71.3125,17
"444",-87.875,-71.1875,6
"445",-87.875,-71.0625,3
"446",-87.625,-72.8125,188
"447",-87.625,-72.6875,125
"448",-87.625,-72.5625,379
"449",-87.625,-72.4375,367
"450",-87.625,-72.3125,485
"451",-87.625,-72.1875,461
"452",-87.625,-72.0625,437
"453",-87.625,-71.9375,262
"454",-87.625,-71.8125,142
"455",-87.625,-71.6875,78
"456",-87.625,-71.5625,10
"457",-87.625,-71.3125,3
"458",-87.625,-71.1875,4
"459",-87.625,-71.0625,3
"460",-87.625,-70.9375,4
"461",-87.375,-72.9375,29
"462",-87.375,-72.8125,171
"463",-87.375,-72.6875,258
"464",-87.375,-72.5625,360
"465",-87.375,-72.4375,401
"466",-87.375,-72.3125,471
"467",-87.375,-72.1875,432
"468",-87.375,-72.0625,389
"469",-87.375,-71.9375,218
"470",-87.375,-71.8125,99
"471",-87.375,-71.6875,23
"472",-87.375,-71.3125,2
"473",-87.375,-71.1875,2
"474",-87.375,-71.0625,3
"475",-87.375,-70.9375,2
"476",-87.125,-72.9375,56
"477",-87.125,-72.8125,168
"478",-87.125,-72.6875,275
"479",-87.125,-72.5625,344
"480",-87.125,-72.4375,425
"481",-87.125,-72.3125,475
"482",-87.125,-72.1875,469
"483",-87.125,-72.0625,384
"484",-87.125,-71.9375,169
"485",-87.125,-71.8125,10
"486",-87.125,-71.3125,1
"487",-87.125,-71.1875,2
"488",-87.125,-71.0625,2
"489",-87.125,-70.9375,1
"490",-87.125,-70.8125,2
"491",-86.875,-72.9375,85
"492",-86.875,-72.8125,294
"493",-86.875,-72.6875,325
"494",-86.875,-72.5625,438
"495",-86.875,-72.4375,441
"496",-86.875,-72.3125,458
"497",-86.875,-72.1875,410
"498",-86.875,-72.0625,173
"499",-86.875,-71.9375,41
"500",-86.875,-71.1875,3
"501",-86.875,-71.0625,4
"502",-86.875,-70.8125,1
"503",-86.875,-70.6875,2
"504",-86.625,-72.9375,127
"505",-86.625,-72.8125,448
"506",-86.625,-72.6875,360
"507",-86.625,-72.5625,460
"508",-86.625,-72.4375,482
"509",-86.625,-72.3125,496
"510",-86.625,-72.1875,228
"511",-86.625,-72.0625,31
"512",-86.625,-71.9375,8
"513",-86.625,-71.0625,6
"514",-86.625,-70.9375,6
"515",-86.625,-70.6875,1
"516",-86.375,-73.0625,2
"517",-86.375,-72.9375,247
"518",-86.375,-72.8125,441
"519",-86.375,-72.6875,463
"520",-86.375,-72.5625,487
"521",-86.375,-72.4375,546
"522",-86.375,-72.3125,325
"523",-86.375,-72.1875,90
"524",-86.375,-72.0625,44
"525",-86.375,-71.9375,26
"526",-86.375,-70.9375,11
"527",-86.125,-73.0625,44
"528",-86.125,-72.9375,496
"529",-86.125,-72.8125,644
"530",-86.125,-72.6875,456
"531",-86.125,-72.5625,485
"532",-86.125,-72.4375,499
"533",-86.125,-72.3125,133
"534",-86.125,-72.1875,13
"535",-86.125,-72.0625,10
"536",-86.125,-71.0625,2
"537",-86.125,-70.9375,6
"538",-85.875,-73.1875,8
"539",-85.875,-73.0625,103
"540",-85.875,-72.9375,647
"541",-85.875,-72.8125,567
"542",-85.875,-72.6875,491
"543",-85.875,-72.5625,557
"544",-85.875,-72.4375,339
"545",-85.875,-72.3125,22
"546",-85.875,-72.1875,1
"547",-85.875,-72.0625,17
"548",-85.875,-70.9375,1
"549",-85.625,-73.3125,106
"550",-85.625,-73.1875,400
"551",-85.625,-73.0625,480
"552",-85.625,-72.9375,637
"553",-85.625,-72.8125,495
"554",-85.625,-72.6875,571
"555",-85.625,-72.5625,516
"556",-85.625,-72.4375,131
"557",-85.625,-72.3125,3
"558",-85.625,-72.0625,11
"559",-85.625,-71.9375,3
"560",-85.375,-73.3125,67
"561",-85.375,-73.1875,433
"562",-85.375,-73.0625,778
"563",-85.375,-72.9375,576
"564",-85.375,-72.8125,539
"565",-85.375,-72.6875,572
"566",-85.375,-72.5625,389
"567",-85.375,-72.4375,63
"568",-85.375,-72.3125,1
"569",-85.375,-72.0625,5
"570",-85.375,-71.9375,3
"571",-85.125,-73.1875,286
"572",-85.125,-73.0625,580
"573",-85.125,-72.9375,494
"574",-85.125,-72.8125,590
"575",-85.125,-72.6875,491
"576",-85.125,-72.5625,268
"577",-85.125,-72.4375,36
"578",-85.125,-72.3125,1
"579",-85.125,-72.0625,8
"580",-85.125,-71.9375,4
"581",-84.875,-73.3125,83
"582",-84.875,-73.1875,597
"583",-84.875,-73.0625,521
"584",-84.875,-72.9375,557
"585",-84.875,-72.8125,513
"586",-84.875,-72.6875,421
"587",-84.875,-72.5625,119
"588",-84.875,-72.4375,47
"589",-84.875,-72.3125,3
"590",-84.875,-72.1875,4
"591",-84.875,-72.0625,4
"592",-84.625,-73.3125,118
"593",-84.625,-73.1875,573
"594",-84.625,-73.0625,547
"595",-84.625,-72.9375,538
"596",-84.625,-72.8125,444
"597",-84.625,-72.6875,363
"598",-84.625,-72.5625,82
"599",-84.625,-72.4375,124
"600",-84.625,-72.3125,17
"601",-84.625,-72.1875,4
"602",-84.625,-72.0625,3
"603",-84.375,-73.3125,526
"604",-84.375,-73.1875,592
"605",-84.375,-73.0625,537
"606",-84.375,-72.9375,372
"607",-84.375,-72.8125,204
"608",-84.375,-72.6875,85
"609",-84.375,-72.5625,124
"610",-84.375,-72.4375,122
"611",-84.375,-72.3125,19
"612",-84.375,-72.0625,6
"613",-84.375,-71.9375,13
"614",-84.375,-71.8125,3
"615",-84.125,-73.4375,269
"616",-84.125,-73.3125,599
"617",-84.125,-73.1875,608
"618",-84.125,-73.0625,438
"619",-84.125,-72.9375,162
"620",-84.125,-72.8125,91
"621",-84.125,-72.6875,46
"622",-84.125,-72.5625,40
"623",-84.125,-72.4375,24
"624",-84.125,-72.3125,60
"625",-84.125,-72.1875,32
"626",-84.125,-71.8125,5
"627",-83.875,-73.4375,304
"628",-83.875,-73.3125,566
"629",-83.875,-73.1875,572
"630",-83.875,-73.0625,329
"631",-83.875,-72.9375,65
"632",-83.875,-72.8125,12
"633",-83.875,-72.6875,14
"634",-83.875,-72.1875,39
"635",-83.875,-72.0625,33
"636",-83.875,-71.8125,4
"637",-83.625,-73.5625,18
"638",-83.625,-73.4375,378
"639",-83.625,-73.3125,611
"640",-83.625,-73.1875,569
"641",-83.625,-73.0625,271
"642",-83.625,-72.9375,46
"643",-83.625,-72.8125,7
"644",-83.625,-72.0625,24
"645",-83.625,-71.8125,1
"646",-83.375,-73.6875,5
"647",-83.375,-73.5625,177
"648",-83.375,-73.4375,489
"649",-83.375,-73.3125,652
"650",-83.375,-73.1875,567
"651",-83.375,-73.0625,308
"652",-83.375,-72.9375,89
"653",-83.375,-72.8125,20
"654",-83.375,-72.0625,1
"655",-83.125,-73.8125,4
"656",-83.125,-73.6875,324
"657",-83.125,-73.5625,405
"658",-83.125,-73.4375,514
"659",-83.125,-73.3125,652
"660",-83.125,-73.1875,580
"661",-83.125,-73.0625,362
"662",-83.125,-72.9375,223
"663",-83.125,-72.8125,68
"664",-82.875,-73.8125,25
"665",-82.875,-73.6875,572
"666",-82.875,-73.5625,427
"667",-82.875,-73.4375,635
"668",-82.875,-73.3125,651
"669",-82.875,-73.1875,547
"670",-82.875,-73.0625,450
"671",-82.875,-72.9375,387
"672",-82.875,-72.8125,132
"673",-82.875,-72.6875,8
"674",-82.625,-73.8125,152
"675",-82.625,-73.6875,563
"676",-82.625,-73.5625,416
"677",-82.625,-73.4375,640
"678",-82.625,-73.3125,689
"679",-82.625,-73.1875,682
"680",-82.625,-73.0625,617
"681",-82.625,-72.9375,517
"682",-82.625,-72.8125,293
"683",-82.625,-72.6875,29
"684",-82.375,-73.9375,1
"685",-82.375,-73.8125,203
"686",-82.375,-73.6875,380
"687",-82.375,-73.5625,450
"688",-82.375,-73.4375,532
"689",-82.375,-73.3125,624
"690",-82.375,-73.1875,683
"691",-82.375,-73.0625,724
"692",-82.375,-72.9375,639
"693",-82.375,-72.8125,464
"694",-82.375,-72.6875,117
"695",-82.375,-72.5625,10
"696",-82.375,-72.4375,1
"697",-82.125,-73.9375,16
"698",-82.125,-73.8125,188
"699",-82.125,-73.6875,414
"700",-82.125,-73.5625,396
"701",-82.125,-73.4375,532
"702",-82.125,-73.3125,519
"703",-82.125,-73.1875,620
"704",-82.125,-73.0625,706
"705",-82.125,-72.9375,739
"706",-82.125,-72.8125,576
"707",-82.125,-72.6875,315
"708",-82.125,-72.5625,44
"709",-82.125,-72.4375,9
"710",-81.875,-73.9375,9
"711",-81.875,-73.8125,118
"712",-81.875,-73.6875,454
"713",-81.875,-73.5625,380
"714",-81.875,-73.4375,479
"715",-81.875,-73.3125,550
"716",-81.875,-73.1875,541
"717",-81.875,-73.0625,612
"718",-81.875,-72.9375,734
"719",-81.875,-72.8125,576
"720",-81.875,-72.6875,505
"721",-81.875,-72.5625,220
"722",-81.875,-72.4375,24
"723",-81.875,-72.3125,6
"724",-81.625,-73.8125,104
"725",-81.625,-73.6875,460
"726",-81.625,-73.5625,513
"727",-81.625,-73.4375,464
"728",-81.625,-73.3125,519
"729",-81.625,-73.1875,593
"730",-81.625,-73.0625,551
"731",-81.625,-72.9375,653
"732",-81.625,-72.8125,618
"733",-81.625,-72.6875,493
"734",-81.625,-72.5625,422
"735",-81.625,-72.4375,387
"736",-81.625,-72.3125,95
"737",-81.625,-72.1875,148
"738",-81.625,-72.0625,160
"739",-81.625,-71.9375,51
"740",-81.625,-71.8125,344
"741",-81.625,-71.6875,5
"742",-81.375,-73.8125,41
"743",-81.375,-73.6875,323
"744",-81.375,-73.5625,499
"745",-81.375,-73.4375,236
"746",-81.375,-73.3125,304
"747",-81.375,-73.1875,359
"748",-81.375,-73.0625,548
"749",-81.375,-72.9375,576
"750",-81.375,-72.8125,605
"751",-81.375,-72.6875,517
"752",-81.375,-72.5625,411
"753",-81.375,-72.4375,290
"754",-81.375,-72.3125,291
"755",-81.375,-72.1875,238
"756",-81.375,-72.0625,122
"757",-81.375,-71.9375,166
"758",-81.375,-71.8125,311
"759",-81.375,-71.6875,17
"760",-81.125,-73.8125,26
"761",-81.125,-73.6875,86
"762",-81.125,-73.5625,168
"763",-81.125,-73.4375,52
"764",-81.125,-73.3125,124
"765",-81.125,-73.1875,452
"766",-81.125,-73.0625,519
"767",-81.125,-72.9375,432
"768",-81.125,-72.8125,591
"769",-81.125,-72.6875,567
"770",-81.125,-72.5625,435
"771",-81.125,-72.4375,401
"772",-81.125,-72.3125,334
"773",-81.125,-72.1875,351
"774",-81.125,-72.0625,414
"775",-81.125,-71.9375,525
"776",-81.125,-71.8125,576
"777",-81.125,-71.6875,62
"778",-81.125,-71.5625,21
"779",-81.125,-71.4375,390
"780",-81.125,-71.3125,62
"781",-81.125,-71.1875,2
"782",-80.875,-73.3125,55
"783",-80.875,-73.1875,569
"784",-80.875,-73.0625,530
"785",-80.875,-72.9375,349
"786",-80.875,-72.8125,458
"787",-80.875,-72.6875,469
"788",-80.875,-72.5625,452
"789",-80.875,-72.4375,451
"790",-80.875,-72.3125,487
"791",-80.875,-72.1875,498
"792",-80.875,-72.0625,582
"793",-80.875,-71.9375,592
"794",-80.875,-71.8125,478
"795",-80.875,-71.6875,130
"796",-80.875,-71.5625,192
"797",-80.875,-71.4375,456
"798",-80.875,-71.3125,240
"799",-80.875,-71.1875,37
"800",-80.875,-71.0625,1
"801",-80.625,-73.4375,4
"802",-80.625,-73.3125,184
"803",-80.625,-73.1875,411
"804",-80.625,-73.0625,227
"805",-80.625,-72.9375,235
"806",-80.625,-72.8125,375
"807",-80.625,-72.6875,478
"808",-80.625,-72.5625,501
"809",-80.625,-72.4375,571
"810",-80.625,-72.3125,588
"811",-80.625,-72.1875,713
"812",-80.625,-72.0625,873
"813",-80.625,-71.9375,1021
"814",-80.625,-71.8125,787
"815",-80.625,-71.6875,712
"816",-80.625,-71.5625,853
"817",-80.625,-71.4375,1298
"818",-80.625,-71.3125,479
"819",-80.625,-71.1875,67
"820",-80.625,-71.0625,19
"821",-80.375,-73.0625,188
"822",-80.375,-72.9375,233
"823",-80.375,-72.8125,270
"824",-80.375,-72.6875,414
"825",-80.375,-72.5625,617
"826",-80.375,-72.4375,759
"827",-80.375,-72.3125,1092
"828",-80.375,-72.1875,1203
"829",-80.375,-72.0625,1180
"830",-80.375,-71.9375,1183
"831",-80.375,-71.8125,1085
"832",-80.375,-71.6875,1022
"833",-80.375,-71.5625,1459
"834",-80.375,-71.4375,1617
"835",-80.375,-71.3125,898
"836",-80.375,-71.1875,152
"837",-80.375,-71.0625,3
"838",-80.375,-70.9375,5
"839",-80.125,-73.0625,138
"840",-80.125,-72.9375,239
"841",-80.125,-72.8125,251
"842",-80.125,-72.6875,245
"843",-80.125,-72.5625,563
"844",-80.125,-72.4375,839
"845",-80.125,-72.3125,1115
"846",-80.125,-72.1875,1478
"847",-80.125,-72.0625,1136
"848",-80.125,-71.9375,1207
"849",-80.125,-71.8125,1038
"850",-80.125,-71.6875,906
"851",-80.125,-71.5625,1127
"852",-80.125,-71.4375,1897
"853",-80.125,-71.3125,962
"854",-80.125,-71.1875,342
"855",-80.125,-71.0625,13
"856",-80.125,-70.9375,11
"857",-79.875,-73.0625,161
"858",-79.875,-72.9375,197
"859",-79.875,-72.8125,294
"860",-79.875,-72.6875,184
"861",-79.875,-72.5625,475
"862",-79.875,-72.4375,933
"863",-79.875,-72.3125,1279
"864",-79.875,-72.1875,1561
"865",-79.875,-72.0625,1320
"866",-79.875,-71.9375,1064
"867",-79.875,-71.8125,1076
"868",-79.875,-71.6875,1004
"869",-79.875,-71.5625,809
"870",-79.875,-71.4375,1021
"871",-79.875,-71.3125,537
"872",-79.875,-71.1875,186
"873",-79.875,-71.0625,24
"874",-79.875,-70.9375,11
"875",-79.625,-73.3125,89
"876",-79.625,-73.1875,238
"877",-79.625,-73.0625,115
"878",-79.625,-72.9375,372
"879",-79.625,-72.8125,403
"880",-79.625,-72.6875,195
"881",-79.625,-72.5625,276
"882",-79.625,-72.4375,518
"883",-79.625,-72.3125,815
"884",-79.625,-72.1875,990
"885",-79.625,-72.0625,1047
"886",-79.625,-71.9375,873
"887",-79.625,-71.8125,1180
"888",-79.625,-71.6875,1373
"889",-79.625,-71.5625,1199
"890",-79.625,-71.4375,1126
"891",-79.625,-71.3125,267
"892",-79.625,-71.1875,189
"893",-79.625,-71.0625,319
"894",-79.625,-70.9375,2
"895",-79.375,-73.3125,1076
"896",-79.375,-73.1875,309
"897",-79.375,-73.0625,38
"898",-79.375,-72.9375,139
"899",-79.375,-72.8125,238
"900",-79.375,-72.6875,233
"901",-79.375,-72.5625,202
"902",-79.375,-72.4375,218
"903",-79.375,-72.3125,286
"904",-79.375,-72.1875,570
"905",-79.375,-72.0625,633
"906",-79.375,-71.9375,510
"907",-79.375,-71.8125,629
"908",-79.375,-71.6875,1369
"909",-79.375,-71.5625,1462
"910",-79.375,-71.4375,1074
"911",-79.375,-71.3125,290
"912",-79.375,-71.1875,361
"913",-79.375,-71.0625,327
"914",-79.125,-73.3125,306
"915",-79.125,-73.1875,2
"916",-79.125,-73.0625,15
"917",-79.125,-72.9375,11
"918",-79.125,-72.8125,68
"919",-79.125,-72.6875,84
"920",-79.125,-72.5625,84
"921",-79.125,-72.4375,29
"922",-79.125,-72.3125,1
"923",-79.125,-72.1875,267
"924",-79.125,-72.0625,522
"925",-79.125,-71.9375,429
"926",-79.125,-71.8125,395
"927",-79.125,-71.6875,867
"928",-79.125,-71.5625,1451
"929",-79.125,-71.4375,1474
"930",-79.125,-71.3125,474
"931",-79.125,-71.1875,567
"932",-79.125,-71.0625,532
"933",-79.125,-70.8125,182
"934",-79.125,-70.6875,155
"935",-78.875,-73.0625,2
"936",-78.875,-72.9375,22
"937",-78.875,-72.8125,11
"938",-78.875,-72.6875,8
"939",-78.875,-72.5625,27
"940",-78.875,-72.4375,12
"941",-78.875,-72.1875,12
"942",-78.875,-72.0625,404
"943",-78.875,-71.9375,375
"944",-78.875,-71.8125,424
"945",-78.875,-71.6875,734
"946",-78.875,-71.5625,944
"947",-78.875,-71.4375,1282
"948",-78.875,-71.3125,967
"949",-78.875,-71.1875,856
"950",-78.875,-71.0625,385
"951",-78.875,-70.9375,18
"952",-78.875,-70.8125,350
"953",-78.875,-70.6875,165
"954",-78.875,-69.8125,6
"955",-78.625,-72.1875,151
"956",-78.625,-72.0625,303
"957",-78.625,-71.9375,341
"958",-78.625,-71.8125,370
"959",-78.625,-71.6875,617
"960",-78.625,-71.5625,748
"961",-78.625,-71.4375,1048
"962",-78.625,-71.3125,786
"963",-78.625,-71.1875,565
"964",-78.625,-71.0625,130
"965",-78.625,-70.9375,172
"966",-78.625,-70.8125,706
"967",-78.625,-70.6875,97
"968",-78.625,-70.5625,13
"969",-78.625,-70.4375,318
"970",-78.625,-70.3125,11
"971",-78.625,-70.1875,31
"972",-78.625,-70.0625,257
"973",-78.625,-69.9375,15
"974",-78.625,-69.8125,196
"975",-78.625,-69.6875,95
"976",-78.375,-72.3125,21
"977",-78.375,-72.1875,240
"978",-78.375,-72.0625,402
"979",-78.375,-71.9375,381
"980",-78.375,-71.8125,295
"981",-78.375,-71.6875,427
"982",-78.375,-71.5625,665
"983",-78.375,-71.4375,511
"984",-78.375,-71.3125,434
"985",-78.375,-71.1875,380
"986",-78.375,-71.0625,452
"987",-78.375,-70.9375,603
"988",-78.375,-70.8125,749
"989",-78.375,-70.6875,34
"990",-78.375,-70.5625,159
"991",-78.375,-70.4375,459
"992",-78.375,-70.3125,29
"993",-78.375,-70.1875,216
"994",-78.375,-70.0625,388
"995",-78.375,-69.9375,114
"996",-78.375,-69.8125,172
"997",-78.375,-69.6875,205
"998",-78.375,-69.5625,1
"999",-78.375,-69.4375,5
"1000",-78.375,-69.3125,1
"1001",-78.125,-72.3125,129
"1002",-78.125,-72.1875,226
"1003",-78.125,-72.0625,520
"1004",-78.125,-71.9375,558
"1005",-78.125,-71.8125,203
"1006",-78.125,-71.6875,362
"1007",-78.125,-71.5625,523
"1008",-78.125,-71.4375,536
"1009",-78.125,-71.3125,477
"1010",-78.125,-71.1875,441
"1011",-78.125,-71.0625,572
"1012",-78.125,-70.9375,442
"1013",-78.125,-70.8125,188
"1014",-78.125,-70.6875,236
"1015",-78.125,-70.5625,628
"1016",-78.125,-70.4375,649
"1017",-78.125,-70.3125,90
"1018",-78.125,-70.1875,1732
"1019",-78.125,-70.0625,1071
"1020",-78.125,-69.9375,191
"1021",-78.125,-69.8125,384
"1022",-78.125,-69.6875,213
"1023",-78.125,-69.5625,4
"1024",-78.125,-69.4375,290
"1025",-78.125,-69.3125,45
"1026",-77.875,-72.3125,108
"1027",-77.875,-72.1875,184
"1028",-77.875,-72.0625,479
"1029",-77.875,-71.9375,517
"1030",-77.875,-71.8125,250
"1031",-77.875,-71.6875,463
"1032",-77.875,-71.5625,431
"1033",-77.875,-71.4375,479
"1034",-77.875,-71.3125,614
"1035",-77.875,-71.1875,529
"1036",-77.875,-71.0625,387
"1037",-77.875,-70.9375,318
"1038",-77.875,-70.8125,419
"1039",-77.875,-70.6875,488
"1040",-77.875,-70.5625,475
"1041",-77.875,-70.4375,680
"1042",-77.875,-70.3125,381
"1043",-77.875,-70.1875,2286
"1044",-77.875,-70.0625,795
"1045",-77.875,-69.9375,355
"1046",-77.875,-69.8125,371
"1047",-77.875,-69.6875,363
"1048",-77.875,-69.5625,49
"1049",-77.875,-69.4375,265
"1050",-77.875,-69.3125,230
"1051",-77.875,-69.1875,78
"1052",-77.875,-69.0625,4
"1053",-77.625,-72.3125,35
"1054",-77.625,-72.1875,125
"1055",-77.625,-72.0625,398
"1056",-77.625,-71.9375,370
"1057",-77.625,-71.8125,229
"1058",-77.625,-71.6875,547
"1059",-77.625,-71.5625,511
"1060",-77.625,-71.4375,495
"1061",-77.625,-71.3125,535
"1062",-77.625,-71.1875,532
"1063",-77.625,-71.0625,520
"1064",-77.625,-70.9375,454
"1065",-77.625,-70.8125,410
"1066",-77.625,-70.6875,351
"1067",-77.625,-70.5625,343
"1068",-77.625,-70.4375,769
"1069",-77.625,-70.3125,647
"1070",-77.625,-70.1875,1032
"1071",-77.625,-70.0625,948
"1072",-77.625,-69.9375,397
"1073",-77.625,-69.8125,346
"1074",-77.625,-69.6875,369
"1075",-77.625,-69.5625,167
"1076",-77.625,-69.4375,469
"1077",-77.625,-69.3125,309
"1078",-77.625,-69.1875,239
"1079",-77.625,-69.0625,292
"1080",-77.625,-68.9375,26
"1081",-77.375,-72.3125,15
"1082",-77.375,-72.1875,85
"1083",-77.375,-72.0625,343
"1084",-77.375,-71.9375,431
"1085",-77.375,-71.8125,289
"1086",-77.375,-71.6875,460
"1087",-77.375,-71.5625,292
"1088",-77.375,-71.4375,284
"1089",-77.375,-71.3125,258
"1090",-77.375,-71.1875,247
"1091",-77.375,-71.0625,237
"1092",-77.375,-70.9375,324
"1093",-77.375,-70.8125,323
"1094",-77.375,-70.6875,267
"1095",-77.375,-70.5625,425
"1096",-77.375,-70.4375,943
"1097",-77.375,-70.3125,548
"1098",-77.375,-70.1875,467
"1099",-77.375,-70.0625,1496
"1100",-77.375,-69.9375,668
"1101",-77.375,-69.8125,451
"1102",-77.375,-69.6875,444
"1103",-77.375,-69.5625,378
"1104",-77.375,-69.4375,360
"1105",-77.375,-69.3125,403
"1106",-77.375,-69.1875,377
"1107",-77.375,-69.0625,495
"1108",-77.375,-68.9375,262
"1109",-77.375,-68.8125,6
"1110",-77.125,-72.3125,61
"1111",-77.125,-72.1875,122
"1112",-77.125,-72.0625,443
"1113",-77.125,-71.9375,384
"1114",-77.125,-71.8125,378
"1115",-77.125,-71.6875,321
"1116",-77.125,-71.5625,228
"1117",-77.125,-71.4375,184
"1118",-77.125,-71.3125,147
"1119",-77.125,-71.1875,155
"1120",-77.125,-71.0625,181
"1121",-77.125,-70.9375,197
"1122",-77.125,-70.8125,217
"1123",-77.125,-70.6875,201
"1124",-77.125,-70.5625,268
"1125",-77.125,-70.4375,805
"1126",-77.125,-70.3125,612
"1127",-77.125,-70.1875,365
"1128",-77.125,-70.0625,753
"1129",-77.125,-69.9375,840
"1130",-77.125,-69.8125,778
"1131",-77.125,-69.6875,513
"1132",-77.125,-69.5625,642
"1133",-77.125,-69.4375,497
"1134",-77.125,-69.3125,427
"1135",-77.125,-69.1875,496
"1136",-77.125,-69.0625,874
"1137",-77.125,-68.9375,436
"1138",-77.125,-68.8125,73
"1139",-77.125,-68.6875,23
"1140",-77.125,-68.5625,8
"1141",-77.125,-68.4375,4
"1142",-77.125,-68.3125,2
"1143",-76.875,-72.3125,55
"1144",-76.875,-72.1875,124
"1145",-76.875,-72.0625,363
"1146",-76.875,-71.9375,482
"1147",-76.875,-71.8125,374
"1148",-76.875,-71.6875,301
"1149",-76.875,-71.5625,252
"1150",-76.875,-71.4375,201
"1151",-76.875,-71.3125,139
"1152",-76.875,-71.1875,132
"1153",-76.875,-71.0625,133
"1154",-76.875,-70.9375,157
"1155",-76.875,-70.8125,316
"1156",-76.875,-70.6875,173
"1157",-76.875,-70.5625,230
"1158",-76.875,-70.4375,233
"1159",-76.875,-70.3125,286
"1160",-76.875,-70.1875,212
"1161",-76.875,-70.0625,271
"1162",-76.875,-69.9375,385
"1163",-76.875,-69.8125,284
"1164",-76.875,-69.6875,209
"1165",-76.875,-69.5625,425
"1166",-76.875,-69.4375,718
"1167",-76.875,-69.3125,695
"1168",-76.875,-69.1875,829
"1169",-76.875,-69.0625,1036
"1170",-76.875,-68.9375,501
"1171",-76.875,-68.8125,143
"1172",-76.875,-68.6875,4
"1173",-76.875,-68.5625,6
"1174",-76.875,-68.3125,2
"1175",-76.875,-68.1875,6
"1176",-76.625,-72.3125,16
"1177",-76.625,-72.1875,112
"1178",-76.625,-72.0625,261
"1179",-76.625,-71.9375,394
"1180",-76.625,-71.8125,492
"1181",-76.625,-71.6875,306
"1182",-76.625,-71.5625,222
"1183",-76.625,-71.4375,185
"1184",-76.625,-71.3125,163
"1185",-76.625,-71.1875,93
"1186",-76.625,-71.0625,56
"1187",-76.625,-70.9375,133
"1188",-76.625,-70.8125,378
"1189",-76.625,-70.6875,339
"1190",-76.625,-70.5625,169
"1191",-76.625,-70.4375,106
"1192",-76.625,-70.3125,88
"1193",-76.625,-70.1875,103
"1194",-76.625,-70.0625,135
"1195",-76.625,-69.9375,234
"1196",-76.625,-69.8125,173
"1197",-76.625,-69.6875,189
"1198",-76.625,-69.5625,339
"1199",-76.625,-69.4375,551
"1200",-76.625,-69.3125,666
"1201",-76.625,-69.1875,847
"1202",-76.625,-69.0625,1141
"1203",-76.625,-68.9375,668
"1204",-76.625,-68.8125,251
"1205",-76.625,-68.6875,44
"1206",-76.625,-68.5625,53
"1207",-76.625,-68.4375,14
"1208",-76.625,-68.1875,2
"1209",-76.625,-68.0625,2
"1210",-76.375,-72.4375,3
"1211",-76.375,-72.3125,24
"1212",-76.375,-72.1875,55
"1213",-76.375,-72.0625,202
"1214",-76.375,-71.9375,340
"1215",-76.375,-71.8125,366
"1216",-76.375,-71.6875,240
"1217",-76.375,-71.5625,273
"1218",-76.375,-71.4375,187
"1219",-76.375,-71.3125,131
"1220",-76.375,-71.1875,22
"1221",-76.375,-70.9375,13
"1222",-76.375,-70.8125,292
"1223",-76.375,-70.6875,394
"1224",-76.375,-70.5625,142
"1225",-76.375,-70.4375,110
"1226",-76.375,-70.3125,80
"1227",-76.375,-70.1875,112
"1228",-76.375,-70.0625,180
"1229",-76.375,-69.9375,184
"1230",-76.375,-69.8125,115
"1231",-76.375,-69.6875,239
"1232",-76.375,-69.5625,456
"1233",-76.375,-69.4375,669
"1234",-76.375,-69.3125,706
"1235",-76.375,-69.1875,968
"1236",-76.375,-69.0625,1199
"1237",-76.375,-68.9375,895
"1238",-76.375,-68.8125,591
"1239",-76.375,-68.6875,191
"1240",-76.375,-68.5625,58
"1241",-76.375,-68.4375,6
"1242",-76.375,-68.0625,2
"1243",-76.125,-72.3125,16
"1244",-76.125,-72.1875,116
"1245",-76.125,-72.0625,150
"1246",-76.125,-71.9375,211
"1247",-76.125,-71.8125,408
"1248",-76.125,-71.6875,362
"1249",-76.125,-71.5625,260
"1250",-76.125,-71.4375,198
"1251",-76.125,-71.3125,164
"1252",-76.125,-71.1875,21
"1253",-76.125,-70.9375,3
"1254",-76.125,-70.8125,109
"1255",-76.125,-70.6875,222
"1256",-76.125,-70.5625,185
"1257",-76.125,-70.4375,134
"1258",-76.125,-70.3125,134
"1259",-76.125,-70.1875,112
"1260",-76.125,-70.0625,141
"1261",-76.125,-69.9375,178
"1262",-76.125,-69.8125,138
"1263",-76.125,-69.6875,349
"1264",-76.125,-69.5625,505
"1265",-76.125,-69.4375,807
"1266",-76.125,-69.3125,919
"1267",-76.125,-69.1875,1070
"1268",-76.125,-69.0625,1425
"1269",-76.125,-68.9375,1437
"1270",-76.125,-68.8125,1303
"1271",-76.125,-68.6875,622
"1272",-76.125,-68.5625,84
"1273",-76.125,-68.4375,17
"1274",-76.125,-68.0625,4
"1275",-75.875,-72.3125,40
"1276",-75.875,-72.1875,126
"1277",-75.875,-72.0625,100
"1278",-75.875,-71.9375,46
"1279",-75.875,-71.8125,162
"1280",-75.875,-71.6875,177
"1281",-75.875,-71.5625,169
"1282",-75.875,-71.4375,242
"1283",-75.875,-71.3125,195
"1284",-75.875,-71.1875,11
"1285",-75.875,-70.8125,69
"1286",-75.875,-70.6875,183
"1287",-75.875,-70.5625,176
"1288",-75.875,-70.4375,117
"1289",-75.875,-70.3125,154
"1290",-75.875,-70.1875,118
"1291",-75.875,-70.0625,31
"1292",-75.875,-69.9375,35
"1293",-75.875,-69.8125,136
"1294",-75.875,-69.6875,364
"1295",-75.875,-69.5625,661
"1296",-75.875,-69.4375,959
"1297",-75.875,-69.3125,971
"1298",-75.875,-69.1875,1237
"1299",-75.875,-69.0625,1488
"1300",-75.875,-68.9375,2367
"1301",-75.875,-68.8125,3493
"1302",-75.875,-68.6875,1658
"1303",-75.875,-68.5625,812
"1304",-75.875,-68.4375,134
"1305",-75.875,-68.3125,4
"1306",-75.875,-68.0625,3
"1307",-75.875,-67.9375,5
"1308",-75.875,-67.8125,4
"1309",-75.875,-67.6875,10
"1310",-75.875,-67.5625,6
"1311",-75.625,-72.3125,35
"1312",-75.625,-72.1875,81
"1313",-75.625,-72.0625,20
"1314",-75.625,-71.9375,14
"1315",-75.625,-71.8125,9
"1316",-75.625,-71.6875,6
"1317",-75.625,-71.5625,30
"1318",-75.625,-71.4375,174
"1319",-75.625,-71.3125,236
"1320",-75.625,-71.1875,36
"1321",-75.625,-70.8125,39
"1322",-75.625,-70.6875,101
"1323",-75.625,-70.5625,164
"1324",-75.625,-70.4375,135
"1325",-75.625,-70.3125,141
"1326",-75.625,-70.1875,84
"1327",-75.625,-69.8125,39
"1328",-75.625,-69.6875,366
"1329",-75.625,-69.5625,625
"1330",-75.625,-69.4375,1027
"1331",-75.625,-69.3125,1174
"1332",-75.625,-69.1875,1450
"1333",-75.625,-69.0625,1718
"1334",-75.625,-68.9375,3446
"1335",-75.625,-68.8125,5111
"1336",-75.625,-68.6875,2128
"1337",-75.625,-68.5625,289
"1338",-75.625,-68.4375,216
"1339",-75.625,-68.3125,46
"1340",-75.625,-68.1875,8
"1341",-75.625,-68.0625,9
"1342",-75.625,-67.9375,7
"1343",-75.625,-67.8125,1
"1344",-75.625,-67.5625,2
"1345",-75.375,-72.4375,1
"1346",-75.375,-72.3125,57
"1347",-75.375,-72.1875,72
"1348",-75.375,-72.0625,15
"1349",-75.375,-71.9375,2
"1350",-75.375,-71.5625,7
"1351",-75.375,-71.4375,114
"1352",-75.375,-71.3125,246
"1353",-75.375,-71.1875,64
"1354",-75.375,-70.8125,127
"1355",-75.375,-70.6875,84
"1356",-75.375,-70.5625,125
"1357",-75.375,-70.4375,160
"1358",-75.375,-70.3125,139
"1359",-75.375,-70.1875,26
"1360",-75.375,-69.8125,7
"1361",-75.375,-69.6875,311
"1362",-75.375,-69.5625,734
"1363",-75.375,-69.4375,1290
"1364",-75.375,-69.3125,1554
"1365",-75.375,-69.1875,1470
"1366",-75.375,-69.0625,958
"1367",-75.375,-68.9375,2519
"1368",-75.375,-68.8125,4665
"1369",-75.375,-68.6875,2866
"1370",-75.375,-68.5625,930
"1371",-75.375,-68.4375,220
"1372",-75.375,-68.3125,83
"1373",-75.375,-68.1875,29
"1374",-75.375,-68.0625,11
"1375",-75.375,-67.9375,12
"1376",-75.375,-67.5625,2
"1377",-75.125,-72.6875,2
"1378",-75.125,-72.4375,5
"1379",-75.125,-72.3125,46
"1380",-75.125,-72.1875,13
"1381",-75.125,-72.0625,8
"1382",-75.125,-71.4375,57
"1383",-75.125,-71.3125,126
"1384",-75.125,-71.1875,30
"1385",-75.125,-70.8125,9
"1386",-75.125,-70.6875,45
"1387",-75.125,-70.5625,29
"1388",-75.125,-70.4375,70
"1389",-75.125,-70.3125,118
"1390",-75.125,-70.1875,14
"1391",-75.125,-69.6875,263
"1392",-75.125,-69.5625,651
"1393",-75.125,-69.4375,1301
"1394",-75.125,-69.3125,1219
"1395",-75.125,-69.1875,580
"1396",-75.125,-69.0625,1160
"1397",-75.125,-68.9375,2969
"1398",-75.125,-68.8125,3654
"1399",-75.125,-68.6875,3280
"1400",-75.125,-68.5625,1305
"1401",-75.125,-68.4375,359
"1402",-75.125,-68.3125,111
"1403",-75.125,-68.1875,42
"1404",-75.125,-68.0625,28
"1405",-75.125,-67.9375,19
"1406",-75.125,-67.8125,2
"1407",-75.125,-67.6875,5
"1408",-75.125,-67.5625,3
"1409",-75.125,-67.4375,2
"1410",-74.875,-72.8125,12
"1411",-74.875,-72.6875,1
"1412",-74.875,-72.3125,35
"1413",-74.875,-72.1875,17
"1414",-74.875,-71.4375,37
"1415",-74.875,-71.3125,48
"1416",-74.875,-71.1875,29
"1417",-74.875,-70.6875,17
"1418",-74.875,-70.5625,5
"1419",-74.875,-70.4375,80
"1420",-74.875,-70.3125,70
"1421",-74.875,-70.1875,6
"1422",-74.875,-69.8125,28
"1423",-74.875,-69.6875,472
"1424",-74.875,-69.5625,1022
"1425",-74.875,-69.4375,1488
"1426",-74.875,-69.3125,948
"1427",-74.875,-69.1875,1193
"1428",-74.875,-69.0625,1934
"1429",-74.875,-68.9375,2107
"1430",-74.875,-68.8125,1733
"1431",-74.875,-68.6875,2762
"1432",-74.875,-68.5625,1766
"1433",-74.875,-68.4375,984
"1434",-74.875,-68.3125,236
"1435",-74.875,-68.1875,86
"1436",-74.875,-68.0625,45
"1437",-74.875,-67.9375,51
"1438",-74.875,-67.8125,9
"1439",-74.875,-67.6875,3
"1440",-74.875,-67.4375,1
"1441",-74.875,-67.3125,2
"1442",-74.875,-67.1875,3
"1443",-74.875,-66.9375,3
"1444",-74.875,-66.8125,5
"1445",-74.875,-66.6875,5
"1446",-74.625,-72.8125,11
"1447",-74.625,-72.4375,3
"1448",-74.625,-72.3125,30
"1449",-74.625,-72.1875,11
"1450",-74.625,-71.4375,8
"1451",-74.625,-71.3125,54
"1452",-74.625,-71.1875,40
"1453",-74.625,-71.0625,3
"1454",-74.625,-70.6875,2
"1455",-74.625,-70.5625,5
"1456",-74.625,-70.4375,12
"1457",-74.625,-70.3125,11
"1458",-74.625,-70.1875,5
"1459",-74.625,-69.9375,103
"1460",-74.625,-69.8125,525
"1461",-74.625,-69.6875,965
"1462",-74.625,-69.5625,1325
"1463",-74.625,-69.4375,1137
"1464",-74.625,-69.3125,371
"1465",-74.625,-69.1875,865
"1466",-74.625,-69.0625,1529
"1467",-74.625,-68.9375,1525
"1468",-74.625,-68.8125,1990
"1469",-74.625,-68.6875,1922
"1470",-74.625,-68.5625,1115
"1471",-74.625,-68.4375,1114
"1472",-74.625,-68.3125,493
"1473",-74.625,-68.1875,118
"1474",-74.625,-68.0625,135
"1475",-74.625,-67.9375,67
"1476",-74.625,-67.8125,24
"1477",-74.625,-67.6875,14
"1478",-74.625,-67.5625,14
"1479",-74.625,-67.1875,1
"1480",-74.625,-67.0625,3
"1481",-74.625,-66.5625,4
"1482",-74.375,-72.9375,2
"1483",-74.375,-72.8125,2
"1484",-74.375,-72.4375,4
"1485",-74.375,-72.3125,18
"1486",-74.375,-72.1875,8
"1487",-74.375,-71.3125,22
"1488",-74.375,-71.1875,18
"1489",-74.375,-71.0625,3
"1490",-74.375,-69.9375,414
"1491",-74.375,-69.8125,1093
"1492",-74.375,-69.6875,838
"1493",-74.375,-69.5625,871
"1494",-74.375,-69.4375,996
"1495",-74.375,-69.3125,350
"1496",-74.375,-69.1875,407
"1497",-74.375,-69.0625,928
"1498",-74.375,-68.9375,1006
"1499",-74.375,-68.8125,984
"1500",-74.375,-68.6875,712
"1501",-74.375,-68.5625,676
"1502",-74.375,-68.4375,1151
"1503",-74.375,-68.3125,883
"1504",-74.375,-68.1875,417
"1505",-74.375,-68.0625,115
"1506",-74.375,-67.9375,66
"1507",-74.375,-67.8125,53
"1508",-74.375,-67.6875,12
"1509",-74.375,-67.5625,11
"1510",-74.375,-67.4375,2
"1511",-74.375,-66.5625,2
"1512",-74.125,-73.0625,6
"1513",-74.125,-72.9375,10
"1514",-74.125,-72.4375,2
"1515",-74.125,-72.3125,7
"1516",-74.125,-72.1875,7
"1517",-74.125,-71.3125,5
"1518",-74.125,-71.1875,20
"1519",-74.125,-71.0625,4
"1520",-74.125,-69.9375,196
"1521",-74.125,-69.8125,223
"1522",-74.125,-69.6875,395
"1523",-74.125,-69.5625,1319
"1524",-74.125,-69.4375,705
"1525",-74.125,-69.3125,546
"1526",-74.125,-69.1875,356
"1527",-74.125,-69.0625,458
"1528",-74.125,-68.9375,885
"1529",-74.125,-68.8125,1286
"1530",-74.125,-68.6875,1192
"1531",-74.125,-68.5625,933
"1532",-74.125,-68.4375,1807
"1533",-74.125,-68.3125,1321
"1534",-74.125,-68.1875,650
"1535",-74.125,-68.0625,251
"1536",-74.125,-67.9375,73
"1537",-74.125,-67.8125,41
"1538",-74.125,-67.6875,16
"1539",-74.125,-67.5625,1
"1540",-74.125,-67.4375,2
"1541",-74.125,-67.3125,4
"1542",-74.125,-66.5625,2
"1543",-73.875,-73.0625,3
"1544",-73.875,-72.4375,3
"1545",-73.875,-72.3125,12
"1546",-73.875,-72.1875,4
"1547",-73.875,-71.1875,3
"1548",-73.875,-69.9375,162
"1549",-73.875,-69.8125,133
"1550",-73.875,-69.6875,581
"1551",-73.875,-69.5625,520
"1552",-73.875,-69.4375,892
"1553",-73.875,-69.3125,35
"1554",-73.875,-69.1875,216
"1555",-73.875,-69.0625,336
"1556",-73.875,-68.9375,955
"1557",-73.875,-68.8125,1305
"1558",-73.875,-68.6875,1611
"1559",-73.875,-68.5625,1354
"1560",-73.875,-68.4375,1372
"1561",-73.875,-68.3125,1265
"1562",-73.875,-68.1875,761
"1563",-73.875,-68.0625,271
"1564",-73.875,-67.9375,96
"1565",-73.875,-67.8125,37
"1566",-73.875,-67.6875,41
"1567",-73.875,-67.5625,14
"1568",-73.875,-67.4375,1
"1569",-73.875,-67.3125,5
"1570",-73.875,-66.5625,1
"1571",-73.625,-73.0625,4
"1572",-73.625,-72.4375,7
"1573",-73.625,-72.3125,19
"1574",-73.625,-72.1875,14
"1575",-73.625,-69.9375,87
"1576",-73.625,-69.8125,184
"1577",-73.625,-69.6875,589
"1578",-73.625,-69.5625,478
"1579",-73.625,-69.4375,408
"1580",-73.625,-69.3125,64
"1581",-73.625,-69.1875,100
"1582",-73.625,-69.0625,294
"1583",-73.625,-68.9375,649
"1584",-73.625,-68.8125,1176
"1585",-73.625,-68.6875,1579
"1586",-73.625,-68.5625,1237
"1587",-73.625,-68.4375,1492
"1588",-73.625,-68.3125,997
"1589",-73.625,-68.1875,615
"1590",-73.625,-68.0625,217
"1591",-73.625,-67.9375,100
"1592",-73.625,-67.8125,54
"1593",-73.625,-67.6875,35
"1594",-73.625,-67.5625,44
"1595",-73.625,-67.4375,15
"1596",-73.625,-67.3125,6
"1597",-73.625,-67.1875,9
"1598",-73.625,-67.0625,2
"1599",-73.625,-66.5625,1
"1600",-73.625,-65.8125,2
"1601",-73.625,-65.6875,1
"1602",-73.375,-73.0625,1
"1603",-73.375,-72.9375,1
"1604",-73.375,-72.8125,1
"1605",-73.375,-72.6875,3
"1606",-73.375,-72.5625,12
"1607",-73.375,-72.4375,6
"1608",-73.375,-72.3125,5
"1609",-73.375,-72.1875,5
"1610",-73.375,-69.9375,26
"1611",-73.375,-69.8125,133
"1612",-73.375,-69.6875,281
"1613",-73.375,-69.5625,263
"1614",-73.375,-69.4375,202
"1615",-73.375,-69.3125,364
"1616",-73.375,-69.1875,211
"1617",-73.375,-69.0625,243
"1618",-73.375,-68.9375,1893
"1619",-73.375,-68.8125,1914
"1620",-73.375,-68.6875,1643
"1621",-73.375,-68.5625,1430
"1622",-73.375,-68.4375,1357
"1623",-73.375,-68.3125,671
"1624",-73.375,-68.1875,342
"1625",-73.375,-68.0625,505
"1626",-73.375,-67.9375,211
"1627",-73.375,-67.8125,69
"1628",-73.375,-67.6875,52
"1629",-73.375,-67.5625,57
"1630",-73.375,-67.4375,23
"1631",-73.375,-67.3125,11
"1632",-73.375,-67.1875,9
"1633",-73.375,-67.0625,5
"1634",-73.375,-66.9375,1
"1635",-73.375,-66.6875,2
"1636",-73.375,-65.8125,2
"1637",-73.375,-65.6875,1
"1638",-73.375,-65.5625,6
"1639",-73.375,-65.4375,1
"1640",-73.125,-72.9375,4
"1641",-73.125,-72.8125,2
"1642",-73.125,-72.6875,6
"1643",-73.125,-72.5625,2
"1644",-73.125,-72.4375,4
"1645",-73.125,-72.3125,4
"1646",-73.125,-69.8125,87
"1647",-73.125,-69.6875,93
"1648",-73.125,-69.5625,84
"1649",-73.125,-69.4375,64
"1650",-73.125,-69.3125,306
"1651",-73.125,-69.1875,131
"1652",-73.125,-69.0625,326
"1653",-73.125,-68.9375,952
"1654",-73.125,-68.8125,2499
"1655",-73.125,-68.6875,1835
"1656",-73.125,-68.5625,1366
"1657",-73.125,-68.4375,1588
"1658",-73.125,-68.3125,545
"1659",-73.125,-68.1875,567
"1660",-73.125,-68.0625,1800
"1661",-73.125,-67.9375,577
"1662",-73.125,-67.8125,155
"1663",-73.125,-67.6875,51
"1664",-73.125,-67.5625,64
"1665",-73.125,-67.4375,23
"1666",-73.125,-67.3125,47
"1667",-73.125,-67.1875,68
"1668",-73.125,-67.0625,10
"1669",-73.125,-66.9375,7
"1670",-73.125,-66.6875,1
"1671",-73.125,-65.8125,2
"1672",-73.125,-65.6875,1
"1673",-73.125,-65.5625,4
"1674",-73.125,-65.4375,2
"1675",-73.125,-65.3125,2
"1676",-73.125,-65.1875,2
"1677",-72.875,-72.9375,1
"1678",-72.875,-72.6875,8
"1679",-72.875,-72.5625,4
"1680",-72.875,-69.8125,14
"1681",-72.875,-69.6875,22
"1682",-72.875,-69.5625,7
"1683",-72.875,-69.4375,21
"1684",-72.875,-69.3125,105
"1685",-72.875,-69.1875,96
"1686",-72.875,-69.0625,114
"1687",-72.875,-68.9375,687
"1688",-72.875,-68.8125,1263
"1689",-72.875,-68.6875,1599
"1690",-72.875,-68.5625,1874
"1691",-72.875,-68.4375,1660
"1692",-72.875,-68.3125,776
"1693",-72.875,-68.1875,898
"1694",-72.875,-68.0625,2435
"1695",-72.875,-67.9375,1114
"1696",-72.875,-67.8125,155
"1697",-72.875,-67.6875,75
"1698",-72.875,-67.5625,42
"1699",-72.875,-67.4375,92
"1700",-72.875,-67.3125,207
"1701",-72.875,-67.1875,214
"1702",-72.875,-67.0625,71
"1703",-72.875,-66.9375,15
"1704",-72.875,-66.6875,1
"1705",-72.875,-65.8125,1
"1706",-72.875,-65.6875,2
"1707",-72.875,-65.5625,2
"1708",-72.875,-65.4375,6
"1709",-72.875,-65.3125,4
"1710",-72.875,-65.1875,2
"1711",-72.875,-65.0625,1
"1712",-72.625,-69.4375,49
"1713",-72.625,-69.3125,74
"1714",-72.625,-69.1875,171
"1715",-72.625,-69.0625,161
"1716",-72.625,-68.9375,238
"1717",-72.625,-68.8125,737
"1718",-72.625,-68.6875,2123
"1719",-72.625,-68.5625,2458
"1720",-72.625,-68.4375,2001
"1721",-72.625,-68.3125,1749
"1722",-72.625,-68.1875,1340
"1723",-72.625,-68.0625,2616
"1724",-72.625,-67.9375,452
"1725",-72.625,-67.8125,147
"1726",-72.625,-67.6875,246
"1727",-72.625,-67.5625,420
"1728",-72.625,-67.4375,560
"1729",-72.625,-67.3125,669
"1730",-72.625,-67.1875,673
"1731",-72.625,-67.0625,355
"1732",-72.625,-66.9375,56
"1733",-72.625,-66.8125,8
"1734",-72.625,-66.6875,1
"1735",-72.625,-65.8125,1
"1736",-72.625,-65.6875,3
"1737",-72.625,-65.5625,2
"1738",-72.625,-65.4375,7
"1739",-72.625,-65.3125,2
"1740",-72.625,-65.1875,2
"1741",-72.625,-65.0625,2
"1742",-72.375,-69.4375,64
"1743",-72.375,-69.3125,81
"1744",-72.375,-69.1875,167
"1745",-72.375,-69.0625,147
"1746",-72.375,-68.9375,166
"1747",-72.375,-68.8125,584
"1748",-72.375,-68.6875,2232
"1749",-72.375,-68.5625,2055
"1750",-72.375,-68.4375,1723
"1751",-72.375,-68.3125,1837
"1752",-72.375,-68.1875,996
"1753",-72.375,-68.0625,1565
"1754",-72.375,-67.9375,432
"1755",-72.375,-67.8125,483
"1756",-72.375,-67.6875,763
"1757",-72.375,-67.5625,906
"1758",-72.375,-67.4375,826
"1759",-72.375,-67.3125,786
"1760",-72.375,-67.1875,698
"1761",-72.375,-67.0625,612
"1762",-72.375,-66.9375,286
"1763",-72.375,-66.8125,32
"1764",-72.375,-66.5625,1
"1765",-72.375,-65.8125,1
"1766",-72.375,-65.5625,1
"1767",-72.375,-65.4375,1
"1768",-72.375,-65.3125,3
"1769",-72.375,-65.1875,1
"1770",-72.375,-65.0625,2
"1771",-72.125,-69.4375,4
"1772",-72.125,-69.3125,7
"1773",-72.125,-69.1875,462
"1774",-72.125,-69.0625,1300
"1775",-72.125,-68.9375,473
"1776",-72.125,-68.8125,612
"1777",-72.125,-68.6875,1349
"1778",-72.125,-68.5625,1355
"1779",-72.125,-68.4375,1207
"1780",-72.125,-68.3125,1780
"1781",-72.125,-68.1875,1595
"1782",-72.125,-68.0625,1350
"1783",-72.125,-67.9375,779
"1784",-72.125,-67.8125,654
"1785",-72.125,-67.6875,916
"1786",-72.125,-67.5625,892
"1787",-72.125,-67.4375,1030
"1788",-72.125,-67.3125,1007
"1789",-72.125,-67.1875,690
"1790",-72.125,-67.0625,593
"1791",-72.125,-66.9375,549
"1792",-72.125,-66.8125,150
"1793",-72.125,-66.6875,14
"1794",-72.125,-66.5625,1
"1795",-72.125,-65.8125,1
"1796",-72.125,-65.5625,1
"1797",-72.125,-65.4375,2
"1798",-71.875,-69.0625,191
"1799",-71.875,-68.9375,980
"1800",-71.875,-68.8125,917
"1801",-71.875,-68.6875,939
"1802",-71.875,-68.5625,549
"1803",-71.875,-68.4375,358
"1804",-71.875,-68.3125,1950
"1805",-71.875,-68.1875,1918
"1806",-71.875,-68.0625,1065
"1807",-71.875,-67.9375,643
"1808",-71.875,-67.8125,798
"1809",-71.875,-67.6875,1096
"1810",-71.875,-67.5625,1075
"1811",-71.875,-67.4375,1340
"1812",-71.875,-67.3125,969
"1813",-71.875,-67.1875,846
"1814",-71.875,-67.0625,760
"1815",-71.875,-66.9375,559
"1816",-71.875,-66.8125,427
"1817",-71.875,-66.6875,89
"1818",-71.875,-66.5625,9
"1819",-71.875,-66.3125,1
"1820",-71.875,-66.0625,1
"1821",-71.875,-65.9375,1
"1822",-71.625,-68.9375,473
"1823",-71.625,-68.8125,1453
"1824",-71.625,-68.6875,712
"1825",-71.625,-68.5625,353
"1826",-71.625,-68.4375,357
"1827",-71.625,-68.3125,1516
"1828",-71.625,-68.1875,1460
"1829",-71.625,-68.0625,660
"1830",-71.625,-67.9375,655
"1831",-71.625,-67.8125,1117
"1832",-71.625,-67.6875,1160
"1833",-71.625,-67.5625,1190
"1834",-71.625,-67.4375,1577
"1835",-71.625,-67.3125,1172
"1836",-71.625,-67.1875,944
"1837",-71.625,-67.0625,1235
"1838",-71.625,-66.9375,771
"1839",-71.625,-66.8125,413
"1840",-71.625,-66.6875,320
"1841",-71.625,-66.5625,90
"1842",-71.625,-66.4375,14
"1843",-71.625,-66.3125,1
"1844",-71.625,-66.1875,1
"1845",-71.375,-68.9375,27
"1846",-71.375,-68.8125,1103
"1847",-71.375,-68.6875,288
"1848",-71.375,-68.5625,475
"1849",-71.375,-68.4375,359
"1850",-71.375,-68.3125,656
"1851",-71.375,-68.1875,1195
"1852",-71.375,-68.0625,947
"1853",-71.375,-67.9375,941
"1854",-71.375,-67.8125,762
"1855",-71.375,-67.6875,1086
"1856",-71.375,-67.5625,1162
"1857",-71.375,-67.4375,1418
"1858",-71.375,-67.3125,1238
"1859",-71.375,-67.1875,1116
"1860",-71.375,-67.0625,1054
"1861",-71.375,-66.9375,1076
"1862",-71.375,-66.8125,618
"1863",-71.375,-66.6875,351
"1864",-71.375,-66.5625,277
"1865",-71.375,-66.4375,130
"1866",-71.375,-66.3125,20
"1867",-71.375,-66.1875,2
"1868",-71.125,-68.8125,871
"1869",-71.125,-68.6875,541
"1870",-71.125,-68.5625,437
"1871",-71.125,-68.4375,371
"1872",-71.125,-68.3125,593
"1873",-71.125,-68.1875,959
"1874",-71.125,-68.0625,1038
"1875",-71.125,-67.9375,641
"1876",-71.125,-67.8125,954
"1877",-71.125,-67.6875,1274
"1878",-71.125,-67.5625,1132
"1879",-71.125,-67.4375,1482
"1880",-71.125,-67.3125,1395
"1881",-71.125,-67.1875,1243
"1882",-71.125,-67.0625,1367
"1883",-71.125,-66.9375,1160
"1884",-71.125,-66.8125,964
"1885",-71.125,-66.6875,497
"1886",-71.125,-66.5625,280
"1887",-71.125,-66.4375,247
"1888",-71.125,-66.3125,74
"1889",-71.125,-66.1875,16
"1890",-71.125,-66.0625,2
"1891",-70.875,-68.8125,418
"1892",-70.875,-68.6875,829
"1893",-70.875,-68.5625,659
"1894",-70.875,-68.4375,518
"1895",-70.875,-68.3125,566
"1896",-70.875,-68.1875,977
"1897",-70.875,-68.0625,704
"1898",-70.875,-67.9375,798
"1899",-70.875,-67.8125,892
"1900",-70.875,-67.6875,809
"1901",-70.875,-67.5625,834
"1902",-70.875,-67.4375,1256
"1903",-70.875,-67.3125,1332
"1904",-70.875,-67.1875,1282
"1905",-70.875,-67.0625,1234
"1906",-70.875,-66.9375,970
"1907",-70.875,-66.8125,759
"1908",-70.875,-66.6875,641
"1909",-70.875,-66.5625,461
"1910",-70.875,-66.4375,285
"1911",-70.875,-66.3125,121
"1912",-70.875,-66.1875,44
"1913",-70.875,-66.0625,21
"1914",-70.875,-65.9375,3
"1915",-70.875,-65.8125,2
"1916",-70.875,-64.8125,1
"1917",-70.625,-68.8125,429
"1918",-70.625,-68.6875,817
"1919",-70.625,-68.5625,1215
"1920",-70.625,-68.4375,727
"1921",-70.625,-68.3125,1063
"1922",-70.625,-68.1875,808
"1923",-70.625,-68.0625,1082
"1924",-70.625,-67.9375,1027
"1925",-70.625,-67.8125,588
"1926",-70.625,-67.6875,460
"1927",-70.625,-67.5625,818
"1928",-70.625,-67.4375,1178
"1929",-70.625,-67.3125,1055
"1930",-70.625,-67.1875,1312
"1931",-70.625,-67.0625,972
"1932",-70.625,-66.9375,889
"1933",-70.625,-66.8125,902
"1934",-70.625,-66.6875,696
"1935",-70.625,-66.5625,476
"1936",-70.625,-66.4375,441
"1937",-70.625,-66.3125,127
"1938",-70.625,-66.1875,68
"1939",-70.625,-66.0625,71
"1940",-70.625,-65.9375,71
"1941",-70.625,-65.8125,22
"1942",-70.625,-65.6875,7
"1943",-70.625,-65.5625,4
"1944",-70.625,-65.4375,2
"1945",-70.625,-65.3125,3
"1946",-70.625,-65.1875,1
"1947",-70.625,-65.0625,5
"1948",-70.625,-64.9375,3
"1949",-70.625,-64.8125,3
"1950",-70.625,-64.6875,4
"1951",-70.625,-64.5625,1
"1952",-70.375,-68.8125,1553
"1953",-70.375,-68.6875,1589
"1954",-70.375,-68.5625,581
"1955",-70.375,-68.4375,762
"1956",-70.375,-68.3125,884
"1957",-70.375,-68.1875,2449
"1958",-70.375,-68.0625,2187
"1959",-70.375,-67.9375,721
"1960",-70.375,-67.8125,302
"1961",-70.375,-67.6875,367
"1962",-70.375,-67.5625,700
"1963",-70.375,-67.4375,969
"1964",-70.375,-67.3125,1032
"1965",-70.375,-67.1875,1217
"1966",-70.375,-67.0625,981
"1967",-70.375,-66.9375,764
"1968",-70.375,-66.8125,867
"1969",-70.375,-66.6875,792
"1970",-70.375,-66.5625,484
"1971",-70.375,-66.4375,536
"1972",-70.375,-66.3125,227
"1973",-70.375,-66.1875,137
"1974",-70.375,-66.0625,189
"1975",-70.375,-65.9375,148
"1976",-70.375,-65.8125,97
"1977",-70.375,-65.6875,46
"1978",-70.375,-65.5625,12
"1979",-70.375,-65.4375,6
"1980",-70.375,-65.3125,5
"1981",-70.375,-65.1875,8
"1982",-70.375,-65.0625,15
"1983",-70.375,-64.9375,12
"1984",-70.375,-64.8125,3
"1985",-70.375,-64.6875,13
"1986",-70.375,-64.5625,2
"1987",-70.375,-64.4375,1
"1988",-70.125,-69.3125,9
"1989",-70.125,-69.1875,57
"1990",-70.125,-69.0625,289
"1991",-70.125,-68.9375,227
"1992",-70.125,-68.8125,1345
"1993",-70.125,-68.6875,762
"1994",-70.125,-68.5625,522
"1995",-70.125,-68.4375,1013
"1996",-70.125,-68.3125,1767
"1997",-70.125,-68.1875,3410
"1998",-70.125,-68.0625,779
"1999",-70.125,-67.9375,582
"2000",-70.125,-67.8125,241
"2001",-70.125,-67.6875,284
"2002",-70.125,-67.5625,541
"2003",-70.125,-67.4375,1052
"2004",-70.125,-67.3125,847
"2005",-70.125,-67.1875,1121
"2006",-70.125,-67.0625,1002
"2007",-70.125,-66.9375,809
"2008",-70.125,-66.8125,822
"2009",-70.125,-66.6875,598
"2010",-70.125,-66.5625,536
"2011",-70.125,-66.4375,614
"2012",-70.125,-66.3125,280
"2013",-70.125,-66.1875,329
"2014",-70.125,-66.0625,836
"2015",-70.125,-65.9375,475
"2016",-70.125,-65.8125,293
"2017",-70.125,-65.6875,143
"2018",-70.125,-65.5625,59
"2019",-70.125,-65.4375,45
"2020",-70.125,-65.3125,27
"2021",-70.125,-65.1875,33
"2022",-70.125,-65.0625,14
"2023",-70.125,-64.8125,2
"2024",-70.125,-64.6875,4
"2025",-70.125,-64.5625,11
"2026",-70.125,-64.4375,4
"2027",-70.125,-64.3125,1
"2028",-69.875,-69.3125,114
"2029",-69.875,-69.1875,383
"2030",-69.875,-69.0625,1098
"2031",-69.875,-68.9375,704
"2032",-69.875,-68.8125,495
"2033",-69.875,-68.6875,7
"2034",-69.875,-68.5625,77
"2035",-69.875,-68.4375,464
"2036",-69.875,-68.3125,52
"2037",-69.875,-68.1875,327
"2038",-69.875,-68.0625,239
"2039",-69.875,-67.9375,163
"2040",-69.875,-67.8125,124
"2041",-69.875,-67.6875,173
"2042",-69.875,-67.5625,456
"2043",-69.875,-67.4375,888
"2044",-69.875,-67.3125,1434
"2045",-69.875,-67.1875,1282
"2046",-69.875,-67.0625,935
"2047",-69.875,-66.9375,724
"2048",-69.875,-66.8125,762
"2049",-69.875,-66.6875,608
"2050",-69.875,-66.5625,548
"2051",-69.875,-66.4375,601
"2052",-69.875,-66.3125,503
"2053",-69.875,-66.1875,621
"2054",-69.875,-66.0625,878
"2055",-69.875,-65.9375,968
"2056",-69.875,-65.8125,846
"2057",-69.875,-65.6875,334
"2058",-69.875,-65.5625,128
"2059",-69.875,-65.4375,105
"2060",-69.875,-65.3125,47
"2061",-69.875,-65.1875,25
"2062",-69.875,-65.0625,23
"2063",-69.875,-64.5625,1
"2064",-69.875,-64.3125,3
"2065",-69.875,-64.0625,1
"2066",-69.625,-69.4375,4
"2067",-69.625,-69.3125,53
"2068",-69.625,-69.1875,48
"2069",-69.625,-69.0625,23
"2070",-69.625,-68.9375,38
"2071",-69.625,-68.6875,2
"2072",-69.625,-68.5625,1
"2073",-69.625,-68.4375,29
"2074",-69.625,-68.3125,92
"2075",-69.625,-68.1875,13
"2076",-69.625,-68.0625,15
"2077",-69.625,-67.9375,41
"2078",-69.625,-67.8125,66
"2079",-69.625,-67.6875,141
"2080",-69.625,-67.5625,436
"2081",-69.625,-67.4375,2819
"2082",-69.625,-67.3125,2542
"2083",-69.625,-67.1875,861
"2084",-69.625,-67.0625,870
"2085",-69.625,-66.9375,613
"2086",-69.625,-66.8125,703
"2087",-69.625,-66.6875,732
"2088",-69.625,-66.5625,510
"2089",-69.625,-66.4375,613
"2090",-69.625,-66.3125,535
"2091",-69.625,-66.1875,807
"2092",-69.625,-66.0625,1440
"2093",-69.625,-65.9375,1373
"2094",-69.625,-65.8125,1020
"2095",-69.625,-65.6875,575
"2096",-69.625,-65.5625,270
"2097",-69.625,-65.4375,113
"2098",-69.625,-65.3125,57
"2099",-69.625,-65.1875,25
"2100",-69.625,-65.0625,19
"2101",-69.625,-64.1875,3
"2102",-69.375,-69.4375,33
"2103",-69.375,-69.3125,20
"2104",-69.375,-68.3125,90
"2105",-69.375,-67.8125,25
"2106",-69.375,-67.6875,69
"2107",-69.375,-67.5625,289
"2108",-69.375,-67.4375,1347
"2109",-69.375,-67.3125,641
"2110",-69.375,-67.1875,578
"2111",-69.375,-67.0625,783
"2112",-69.375,-66.9375,578
"2113",-69.375,-66.8125,523
"2114",-69.375,-66.6875,731
"2115",-69.375,-66.5625,538
"2116",-69.375,-66.4375,572
"2117",-69.375,-66.3125,602
"2118",-69.375,-66.1875,741
"2119",-69.375,-66.0625,964
"2120",-69.375,-65.9375,717
"2121",-69.375,-65.8125,694
"2122",-69.375,-65.6875,973
"2123",-69.375,-65.5625,596
"2124",-69.375,-65.4375,341
"2125",-69.375,-65.3125,163
"2126",-69.375,-65.1875,67
"2127",-69.375,-65.0625,33
"2128",-69.375,-64.9375,4
"2129",-69.375,-64.4375,3
"2130",-69.375,-64.3125,2
"2131",-69.375,-64.1875,4
"2132",-69.375,-64.0625,1
"2133",-69.125,-69.4375,29
"2134",-69.125,-69.3125,2
"2135",-69.125,-68.3125,29
"2136",-69.125,-67.9375,1
"2137",-69.125,-67.8125,2
"2138",-69.125,-67.6875,35
"2139",-69.125,-67.5625,46
"2140",-69.125,-67.4375,70
"2141",-69.125,-67.3125,117
"2142",-69.125,-67.1875,381
"2143",-69.125,-67.0625,452
"2144",-69.125,-66.9375,539
"2145",-69.125,-66.8125,616
"2146",-69.125,-66.6875,562
"2147",-69.125,-66.5625,681
"2148",-69.125,-66.4375,571
"2149",-69.125,-66.3125,442
"2150",-69.125,-66.1875,741
"2151",-69.125,-66.0625,1221
"2152",-69.125,-65.9375,1446
"2153",-69.125,-65.8125,828
"2154",-69.125,-65.6875,1681
"2155",-69.125,-65.5625,1314
"2156",-69.125,-65.4375,1157
"2157",-69.125,-65.3125,573
"2158",-69.125,-65.1875,250
"2159",-69.125,-65.0625,117
"2160",-69.125,-64.9375,47
"2161",-69.125,-64.8125,25
"2162",-69.125,-64.6875,6
"2163",-69.125,-64.5625,19
"2164",-69.125,-64.4375,47
"2165",-69.125,-64.3125,28
"2166",-69.125,-64.1875,2
"2167",-68.875,-69.5625,42
"2168",-68.875,-69.4375,15
"2169",-68.875,-68.3125,2
"2170",-68.875,-68.1875,2
"2171",-68.875,-68.0625,2
"2172",-68.875,-67.9375,8
"2173",-68.875,-67.8125,14
"2174",-68.875,-67.6875,4
"2175",-68.875,-67.3125,93
"2176",-68.875,-67.1875,160
"2177",-68.875,-67.0625,256
"2178",-68.875,-66.9375,265
"2179",-68.875,-66.8125,339
"2180",-68.875,-66.6875,502
"2181",-68.875,-66.5625,719
"2182",-68.875,-66.4375,642
"2183",-68.875,-66.3125,482
"2184",-68.875,-66.1875,582
"2185",-68.875,-66.0625,660
"2186",-68.875,-65.9375,682
"2187",-68.875,-65.8125,904
"2188",-68.875,-65.6875,435
"2189",-68.875,-65.5625,425
"2190",-68.875,-65.4375,827
"2191",-68.875,-65.3125,971
"2192",-68.875,-65.1875,653
"2193",-68.875,-65.0625,311
"2194",-68.875,-64.9375,203
"2195",-68.875,-64.8125,88
"2196",-68.875,-64.6875,58
"2197",-68.875,-64.5625,88
"2198",-68.875,-64.4375,48
"2199",-68.875,-64.3125,28
"2200",-68.875,-64.1875,1
"2201",-68.875,-59.3125,2
"2202",-68.875,-59.1875,2
"2203",-68.625,-67.1875,24
"2204",-68.625,-67.0625,132
"2205",-68.625,-66.9375,208
"2206",-68.625,-66.8125,185
"2207",-68.625,-66.6875,266
"2208",-68.625,-66.5625,597
"2209",-68.625,-66.4375,652
"2210",-68.625,-66.3125,472
"2211",-68.625,-66.1875,387
"2212",-68.625,-66.0625,171
"2213",-68.625,-65.9375,460
"2214",-68.625,-65.8125,591
"2215",-68.625,-65.6875,751
"2216",-68.625,-65.5625,646
"2217",-68.625,-65.4375,765
"2218",-68.625,-65.3125,889
"2219",-68.625,-65.1875,918
"2220",-68.625,-65.0625,445
"2221",-68.625,-64.9375,328
"2222",-68.625,-64.8125,228
"2223",-68.625,-64.6875,137
"2224",-68.625,-64.5625,76
"2225",-68.625,-64.4375,39
"2226",-68.625,-64.3125,10
"2227",-68.625,-60.0625,1
"2228",-68.625,-59.9375,1
"2229",-68.625,-59.8125,1
"2230",-68.625,-59.5625,4
"2231",-68.625,-59.4375,3
"2232",-68.625,-59.3125,4
"2233",-68.625,-59.0625,2
"2234",-68.625,-58.9375,1
"2235",-68.375,-66.9375,124
"2236",-68.375,-66.8125,76
"2237",-68.375,-66.6875,167
"2238",-68.375,-66.5625,427
"2239",-68.375,-66.4375,675
"2240",-68.375,-66.3125,442
"2241",-68.375,-66.1875,344
"2242",-68.375,-66.0625,449
"2243",-68.375,-65.9375,336
"2244",-68.375,-65.8125,404
"2245",-68.375,-65.6875,565
"2246",-68.375,-65.5625,748
"2247",-68.375,-65.4375,839
"2248",-68.375,-65.3125,849
"2249",-68.375,-65.1875,841
"2250",-68.375,-65.0625,788
"2251",-68.375,-64.9375,447
"2252",-68.375,-64.8125,359
"2253",-68.375,-64.6875,221
"2254",-68.375,-64.5625,111
"2255",-68.375,-64.4375,52
"2256",-68.375,-64.3125,19
"2257",-68.375,-64.1875,9
"2258",-68.375,-60.0625,2
"2259",-68.375,-59.9375,4
"2260",-68.375,-59.8125,2
"2261",-68.375,-59.6875,3
"2262",-68.375,-59.5625,3
"2263",-68.375,-59.4375,3
"2264",-68.375,-59.3125,5
"2265",-68.375,-59.1875,3
"2266",-68.375,-59.0625,1
"2267",-68.375,-58.9375,3
"2268",-68.125,-66.8125,6
"2269",-68.125,-66.6875,119
"2270",-68.125,-66.5625,318
"2271",-68.125,-66.4375,607
"2272",-68.125,-66.3125,436
"2273",-68.125,-66.1875,343
"2274",-68.125,-66.0625,323
"2275",-68.125,-65.9375,359
"2276",-68.125,-65.8125,474
"2277",-68.125,-65.6875,582
"2278",-68.125,-65.5625,757
"2279",-68.125,-65.4375,1030
"2280",-68.125,-65.3125,1053
"2281",-68.125,-65.1875,936
"2282",-68.125,-65.0625,994
"2283",-68.125,-64.9375,630
"2284",-68.125,-64.8125,442
"2285",-68.125,-64.6875,340
"2286",-68.125,-64.5625,167
"2287",-68.125,-64.4375,62
"2288",-68.125,-64.3125,30
"2289",-68.125,-64.1875,8
"2290",-68.125,-60.0625,1
"2291",-68.125,-59.9375,1
"2292",-68.125,-59.8125,2
"2293",-68.125,-59.6875,2
"2294",-68.125,-59.5625,4
"2295",-68.125,-59.4375,3
"2296",-68.125,-59.3125,1
"2297",-68.125,-59.1875,4
"2298",-68.125,-59.0625,4
"2299",-68.125,-58.9375,2
"2300",-67.875,-66.9375,43
"2301",-67.875,-66.8125,75
"2302",-67.875,-66.6875,32
"2303",-67.875,-66.5625,329
"2304",-67.875,-66.4375,462
"2305",-67.875,-66.3125,535
"2306",-67.875,-66.1875,365
"2307",-67.875,-66.0625,365
"2308",-67.875,-65.9375,474
"2309",-67.875,-65.8125,516
"2310",-67.875,-65.6875,528
"2311",-67.875,-65.5625,565
"2312",-67.875,-65.4375,631
"2313",-67.875,-65.3125,828
"2314",-67.875,-65.1875,878
"2315",-67.875,-65.0625,960
"2316",-67.875,-64.9375,893
"2317",-67.875,-64.8125,614
"2318",-67.875,-64.6875,358
"2319",-67.875,-64.5625,299
"2320",-67.875,-64.4375,93
"2321",-67.875,-64.3125,43
"2322",-67.875,-64.1875,8
"2323",-67.875,-64.0625,4
"2324",-67.875,-63.9375,6
"2325",-67.875,-63.8125,2
"2326",-67.875,-60.0625,1
"2327",-67.875,-59.9375,3
"2328",-67.875,-59.6875,1
"2329",-67.875,-59.5625,3
"2330",-67.875,-59.4375,3
"2331",-67.875,-59.3125,3
"2332",-67.875,-59.1875,3
"2333",-67.875,-59.0625,5
"2334",-67.875,-58.9375,3
"2335",-67.625,-66.9375,8
"2336",-67.625,-66.8125,26
"2337",-67.625,-66.6875,390
"2338",-67.625,-66.5625,1293
"2339",-67.625,-66.4375,700
"2340",-67.625,-66.3125,542
"2341",-67.625,-66.1875,531
"2342",-67.625,-66.0625,528
"2343",-67.625,-65.9375,574
"2344",-67.625,-65.8125,542
"2345",-67.625,-65.6875,507
"2346",-67.625,-65.5625,390
"2347",-67.625,-65.4375,609
"2348",-67.625,-65.3125,777
"2349",-67.625,-65.1875,795
"2350",-67.625,-65.0625,1136
"2351",-67.625,-64.9375,973
"2352",-67.625,-64.8125,680
"2353",-67.625,-64.6875,1069
"2354",-67.625,-64.5625,392
"2355",-67.625,-64.4375,298
"2356",-67.625,-64.3125,50
"2357",-67.625,-64.1875,17
"2358",-67.625,-64.0625,5
"2359",-67.625,-63.9375,6
"2360",-67.625,-63.8125,8
"2361",-67.625,-60.0625,1
"2362",-67.625,-59.9375,3
"2363",-67.625,-59.8125,1
"2364",-67.625,-59.6875,1
"2365",-67.625,-59.5625,9
"2366",-67.625,-59.4375,9
"2367",-67.625,-59.3125,5
"2368",-67.625,-59.1875,6
"2369",-67.625,-59.0625,5
"2370",-67.625,-58.9375,3
"2371",-67.375,-66.6875,220
"2372",-67.375,-66.5625,881
"2373",-67.375,-66.4375,477
"2374",-67.375,-66.3125,355
"2375",-67.375,-66.1875,433
"2376",-67.375,-66.0625,471
"2377",-67.375,-65.9375,498
"2378",-67.375,-65.8125,412
"2379",-67.375,-65.6875,412
"2380",-67.375,-65.5625,405
"2381",-67.375,-65.4375,577
"2382",-67.375,-65.3125,870
"2383",-67.375,-65.1875,739
"2384",-67.375,-65.0625,1120
"2385",-67.375,-64.9375,1291
"2386",-67.375,-64.8125,1123
"2387",-67.375,-64.6875,868
"2388",-67.375,-64.5625,390
"2389",-67.375,-64.4375,425
"2390",-67.375,-64.3125,116
"2391",-67.375,-64.1875,20
"2392",-67.375,-64.0625,18
"2393",-67.375,-63.9375,7
"2394",-67.375,-60.0625,1
"2395",-67.375,-59.9375,3
"2396",-67.375,-59.8125,1
"2397",-67.375,-59.6875,1
"2398",-67.375,-59.5625,1
"2399",-67.375,-59.4375,4
"2400",-67.375,-59.3125,2
"2401",-67.375,-59.1875,5
"2402",-67.375,-59.0625,1
"2403",-67.375,-58.9375,3
"2404",-67.125,-66.9375,4
"2405",-67.125,-66.8125,11
"2406",-67.125,-66.6875,22
"2407",-67.125,-66.5625,49
"2408",-67.125,-66.4375,132
"2409",-67.125,-66.3125,200
"2410",-67.125,-66.1875,249
"2411",-67.125,-66.0625,493
"2412",-67.125,-65.9375,589
"2413",-67.125,-65.8125,441
"2414",-67.125,-65.6875,582
"2415",-67.125,-65.5625,499
"2416",-67.125,-65.4375,732
"2417",-67.125,-65.3125,862
"2418",-67.125,-65.1875,873
"2419",-67.125,-65.0625,957
"2420",-67.125,-64.9375,1463
"2421",-67.125,-64.8125,1598
"2422",-67.125,-64.6875,1501
"2423",-67.125,-64.5625,684
"2424",-67.125,-64.4375,289
"2425",-67.125,-64.3125,142
"2426",-67.125,-64.1875,40
"2427",-67.125,-64.0625,19
"2428",-67.125,-63.9375,7
"2429",-67.125,-59.9375,3
"2430",-67.125,-59.8125,4
"2431",-67.125,-59.6875,5
"2432",-67.125,-59.5625,3
"2433",-67.125,-59.4375,1
"2434",-67.125,-59.3125,7
"2435",-67.125,-59.0625,6
"2436",-67.125,-58.9375,2
"2437",-66.875,-66.9375,4
"2438",-66.875,-66.8125,2
"2439",-66.875,-66.4375,15
"2440",-66.875,-66.3125,24
"2441",-66.875,-66.1875,28
"2442",-66.875,-66.0625,177
"2443",-66.875,-65.9375,346
"2444",-66.875,-65.8125,484
"2445",-66.875,-65.6875,436
"2446",-66.875,-65.5625,451
"2447",-66.875,-65.4375,652
"2448",-66.875,-65.3125,714
"2449",-66.875,-65.1875,845
"2450",-66.875,-65.0625,834
"2451",-66.875,-64.9375,1275
"2452",-66.875,-64.8125,1450
"2453",-66.875,-64.6875,1622
"2454",-66.875,-64.5625,1309
"2455",-66.875,-64.4375,946
"2456",-66.875,-64.3125,296
"2457",-66.875,-64.1875,102
"2458",-66.875,-64.0625,17
"2459",-66.875,-63.9375,11
"2460",-66.875,-62.8125,1
"2461",-66.875,-59.9375,2
"2462",-66.875,-59.8125,2
"2463",-66.875,-59.6875,4
"2464",-66.875,-59.5625,16
"2465",-66.875,-59.4375,9
"2466",-66.875,-59.3125,2
"2467",-66.875,-59.0625,11
"2468",-66.875,-58.9375,1
"2469",-66.875,-58.8125,3
"2470",-66.625,-66.0625,106
"2471",-66.625,-65.9375,330
"2472",-66.625,-65.8125,371
"2473",-66.625,-65.6875,528
"2474",-66.625,-65.5625,812
"2475",-66.625,-65.4375,454
"2476",-66.625,-65.3125,596
"2477",-66.625,-65.1875,739
"2478",-66.625,-65.0625,899
"2479",-66.625,-64.9375,2001
"2480",-66.625,-64.8125,1232
"2481",-66.625,-64.6875,1301
"2482",-66.625,-64.5625,1113
"2483",-66.625,-64.4375,998
"2484",-66.625,-64.3125,655
"2485",-66.625,-64.1875,258
"2486",-66.625,-64.0625,99
"2487",-66.625,-63.9375,12
"2488",-66.625,-63.8125,3
"2489",-66.625,-62.9375,3
"2490",-66.625,-62.6875,3
"2491",-66.625,-62.5625,2
"2492",-66.625,-62.4375,1
"2493",-66.625,-62.3125,1
"2494",-66.625,-59.9375,1
"2495",-66.625,-59.8125,4
"2496",-66.625,-59.5625,1
"2497",-66.625,-59.4375,2
"2498",-66.625,-59.3125,1
"2499",-66.625,-59.1875,1
"2500",-66.625,-58.9375,3
"2501",-66.625,-58.8125,1
"2502",-66.625,-58.6875,2
"2503",-66.375,-66.0625,14
"2504",-66.375,-65.9375,171
"2505",-66.375,-65.8125,54
"2506",-66.375,-65.6875,149
"2507",-66.375,-65.5625,438
"2508",-66.375,-65.4375,409
"2509",-66.375,-65.3125,548
"2510",-66.375,-65.1875,590
"2511",-66.375,-65.0625,866
"2512",-66.375,-64.9375,795
"2513",-66.375,-64.8125,613
"2514",-66.375,-64.6875,583
"2515",-66.375,-64.5625,871
"2516",-66.375,-64.4375,1027
"2517",-66.375,-64.3125,858
"2518",-66.375,-64.1875,712
"2519",-66.375,-64.0625,356
"2520",-66.375,-63.9375,109
"2521",-66.375,-63.8125,13
"2522",-66.375,-62.9375,1
"2523",-66.375,-62.8125,3
"2524",-66.375,-62.6875,4
"2525",-66.375,-62.5625,4
"2526",-66.375,-62.4375,4
"2527",-66.375,-62.3125,5
"2528",-66.375,-62.1875,4
"2529",-66.375,-62.0625,2
"2530",-66.375,-59.8125,7
"2531",-66.375,-59.0625,1
"2532",-66.375,-58.9375,1
"2533",-66.375,-58.8125,2
"2534",-66.375,-58.6875,1
"2535",-66.125,-65.8125,2
"2536",-66.125,-65.6875,19
"2537",-66.125,-65.5625,93
"2538",-66.125,-65.4375,229
"2539",-66.125,-65.3125,397
"2540",-66.125,-65.1875,493
"2541",-66.125,-65.0625,470
"2542",-66.125,-64.9375,552
"2543",-66.125,-64.8125,862
"2544",-66.125,-64.6875,1182
"2545",-66.125,-64.5625,1061
"2546",-66.125,-64.4375,1162
"2547",-66.125,-64.3125,1248
"2548",-66.125,-64.1875,1068
"2549",-66.125,-64.0625,979
"2550",-66.125,-63.9375,440
"2551",-66.125,-63.8125,114
"2552",-66.125,-63.6875,11
"2553",-66.125,-62.9375,5
"2554",-66.125,-62.8125,2
"2555",-66.125,-62.6875,10
"2556",-66.125,-62.5625,11
"2557",-66.125,-62.4375,4
"2558",-66.125,-62.3125,7
"2559",-66.125,-62.1875,8
"2560",-66.125,-62.0625,2
"2561",-66.125,-59.9375,2
"2562",-66.125,-59.8125,6
"2563",-66.125,-59.6875,5
"2564",-66.125,-59.0625,2
"2565",-66.125,-58.9375,1
"2566",-66.125,-58.6875,3
"2567",-65.875,-65.9375,1
"2568",-65.875,-65.5625,14
"2569",-65.875,-65.4375,82
"2570",-65.875,-65.3125,251
"2571",-65.875,-65.1875,356
"2572",-65.875,-65.0625,400
"2573",-65.875,-64.9375,664
"2574",-65.875,-64.8125,1234
"2575",-65.875,-64.6875,1085
"2576",-65.875,-64.5625,1359
"2577",-65.875,-64.4375,1287
"2578",-65.875,-64.3125,1203
"2579",-65.875,-64.1875,1216
"2580",-65.875,-64.0625,960
"2581",-65.875,-63.9375,945
"2582",-65.875,-63.8125,424
"2583",-65.875,-63.6875,88
"2584",-65.875,-63.5625,13
"2585",-65.875,-63.0625,2
"2586",-65.875,-62.8125,7
"2587",-65.875,-62.6875,7
"2588",-65.875,-62.5625,5
"2589",-65.875,-62.4375,7
"2590",-65.875,-62.3125,3
"2591",-65.875,-62.1875,6
"2592",-65.875,-62.0625,5
"2593",-65.875,-60.3125,1
"2594",-65.875,-60.1875,1
"2595",-65.875,-60.0625,3
"2596",-65.875,-59.9375,3
"2597",-65.875,-59.8125,3
"2598",-65.875,-59.6875,3
"2599",-65.875,-59.5625,3
"2600",-65.875,-59.1875,2
"2601",-65.875,-58.9375,1
"2602",-65.875,-58.8125,1
"2603",-65.875,-58.6875,2
"2604",-65.625,-65.9375,6
"2605",-65.625,-65.4375,21
"2606",-65.625,-65.3125,229
"2607",-65.625,-65.1875,266
"2608",-65.625,-65.0625,448
"2609",-65.625,-64.9375,1062
"2610",-65.625,-64.8125,3922
"2611",-65.625,-64.6875,1033
"2612",-65.625,-64.5625,1050
"2613",-65.625,-64.4375,1459
"2614",-65.625,-64.3125,1559
"2615",-65.625,-64.1875,1169
"2616",-65.625,-64.0625,1386
"2617",-65.625,-63.9375,1067
"2618",-65.625,-63.8125,725
"2619",-65.625,-63.6875,242
"2620",-65.625,-63.5625,101
"2621",-65.625,-63.4375,30
"2622",-65.625,-63.3125,7
"2623",-65.625,-63.1875,8
"2624",-65.625,-63.0625,7
"2625",-65.625,-62.9375,5
"2626",-65.625,-62.8125,1
"2627",-65.625,-62.6875,1
"2628",-65.625,-62.5625,6
"2629",-65.625,-62.4375,5
"2630",-65.625,-62.3125,6
"2631",-65.625,-62.1875,5
"2632",-65.625,-62.0625,3
"2633",-65.625,-61.0625,2
"2634",-65.625,-60.9375,1
"2635",-65.625,-60.8125,3
"2636",-65.625,-60.6875,4
"2637",-65.625,-60.5625,5
"2638",-65.625,-60.4375,4
"2639",-65.625,-60.3125,9
"2640",-65.625,-60.1875,11
"2641",-65.625,-60.0625,4
"2642",-65.625,-59.9375,12
"2643",-65.625,-59.8125,8
"2644",-65.625,-59.6875,4
"2645",-65.625,-59.5625,2
"2646",-65.625,-59.4375,1
"2647",-65.625,-59.3125,5
"2648",-65.625,-59.1875,1
"2649",-65.625,-58.9375,1
"2650",-65.625,-58.8125,2
"2651",-65.375,-65.8125,8
"2652",-65.375,-65.6875,8
"2653",-65.375,-65.5625,17
"2654",-65.375,-65.4375,79
"2655",-65.375,-65.3125,201
"2656",-65.375,-65.1875,382
"2657",-65.375,-65.0625,1028
"2658",-65.375,-64.9375,933
"2659",-65.375,-64.8125,2409
"2660",-65.375,-64.6875,1780
"2661",-65.375,-64.5625,1107
"2662",-65.375,-64.4375,1307
"2663",-65.375,-64.3125,1165
"2664",-65.375,-64.1875,1279
"2665",-65.375,-64.0625,1142
"2666",-65.375,-63.9375,1184
"2667",-65.375,-63.8125,818
"2668",-65.375,-63.6875,346
"2669",-65.375,-63.5625,214
"2670",-65.375,-63.4375,133
"2671",-65.375,-63.3125,67
"2672",-65.375,-63.1875,44
"2673",-65.375,-63.0625,45
"2674",-65.375,-62.9375,24
"2675",-65.375,-62.8125,9
"2676",-65.375,-62.6875,2
"2677",-65.375,-62.5625,3
"2678",-65.375,-62.4375,4
"2679",-65.375,-62.3125,4
"2680",-65.375,-62.1875,4
"2681",-65.375,-62.0625,3
"2682",-65.375,-61.3125,1
"2683",-65.375,-61.1875,5
"2684",-65.375,-61.0625,9
"2685",-65.375,-60.9375,6
"2686",-65.375,-60.8125,9
"2687",-65.375,-60.6875,11
"2688",-65.375,-60.5625,11
"2689",-65.375,-60.4375,11
"2690",-65.375,-60.3125,14
"2691",-65.375,-60.1875,9
"2692",-65.375,-60.0625,11
"2693",-65.375,-59.9375,14
"2694",-65.375,-59.8125,11
"2695",-65.375,-59.6875,14
"2696",-65.375,-59.5625,10
"2697",-65.375,-59.4375,6
"2698",-65.375,-59.3125,10
"2699",-65.375,-58.9375,1
"2700",-65.375,-58.8125,1
"2701",-65.375,-58.5625,1
"2702",-65.125,-65.8125,6
"2703",-65.125,-65.6875,8
"2704",-65.125,-65.5625,34
"2705",-65.125,-65.4375,188
"2706",-65.125,-65.3125,242
"2707",-65.125,-65.1875,725
"2708",-65.125,-65.0625,222
"2709",-65.125,-64.9375,318
"2710",-65.125,-64.8125,620
"2711",-65.125,-64.6875,679
"2712",-65.125,-64.5625,814
"2713",-65.125,-64.4375,809
"2714",-65.125,-64.3125,1034
"2715",-65.125,-64.1875,1144
"2716",-65.125,-64.0625,1144
"2717",-65.125,-63.9375,1123
"2718",-65.125,-63.8125,955
"2719",-65.125,-63.6875,664
"2720",-65.125,-63.5625,299
"2721",-65.125,-63.4375,236
"2722",-65.125,-63.3125,137
"2723",-65.125,-63.1875,106
"2724",-65.125,-63.0625,91
"2725",-65.125,-62.9375,46
"2726",-65.125,-62.8125,10
"2727",-65.125,-62.6875,6
"2728",-65.125,-62.5625,5
"2729",-65.125,-62.4375,2
"2730",-65.125,-62.3125,2
"2731",-65.125,-62.1875,2
"2732",-65.125,-62.0625,2
"2733",-65.125,-61.9375,1
"2734",-65.125,-61.4375,1
"2735",-65.125,-61.3125,8
"2736",-65.125,-61.1875,5
"2737",-65.125,-61.0625,3
"2738",-65.125,-60.9375,5
"2739",-65.125,-60.8125,5
"2740",-65.125,-60.6875,11
"2741",-65.125,-60.5625,12
"2742",-65.125,-60.4375,10
"2743",-65.125,-60.3125,14
"2744",-65.125,-60.1875,15
"2745",-65.125,-60.0625,12
"2746",-65.125,-59.9375,23
"2747",-65.125,-59.8125,26
"2748",-65.125,-59.6875,25
"2749",-65.125,-59.5625,16
"2750",-65.125,-59.4375,6
"2751",-65.125,-59.3125,7
"2752",-65.125,-59.1875,1
"2753",-65.125,-58.9375,1
"2754",-65.125,-58.8125,1
"2755",-64.875,-65.6875,4
"2756",-64.875,-65.5625,49
"2757",-64.875,-65.4375,15
"2758",-64.875,-65.3125,105
"2759",-64.875,-65.1875,75
"2760",-64.875,-65.0625,55
"2761",-64.875,-64.9375,128
"2762",-64.875,-64.8125,171
"2763",-64.875,-64.6875,87
"2764",-64.875,-64.5625,382
"2765",-64.875,-64.4375,634
"2766",-64.875,-64.3125,642
"2767",-64.875,-64.1875,874
"2768",-64.875,-64.0625,992
"2769",-64.875,-63.9375,929
"2770",-64.875,-63.8125,912
"2771",-64.875,-63.6875,850
"2772",-64.875,-63.5625,663
"2773",-64.875,-63.4375,363
"2774",-64.875,-63.3125,179
"2775",-64.875,-63.1875,91
"2776",-64.875,-63.0625,85
"2777",-64.875,-62.9375,70
"2778",-64.875,-62.8125,13
"2779",-64.875,-62.6875,8
"2780",-64.875,-62.5625,3
"2781",-64.875,-62.4375,2
"2782",-64.875,-62.3125,3
"2783",-64.875,-62.1875,3
"2784",-64.875,-62.0625,2
"2785",-64.875,-61.5625,1
"2786",-64.875,-61.4375,7
"2787",-64.875,-61.3125,4
"2788",-64.875,-61.1875,9
"2789",-64.875,-61.0625,14
"2790",-64.875,-60.9375,13
"2791",-64.875,-60.8125,10
"2792",-64.875,-60.6875,16
"2793",-64.875,-60.5625,13
"2794",-64.875,-60.4375,11
"2795",-64.875,-60.3125,20
"2796",-64.875,-60.1875,15
"2797",-64.875,-60.0625,24
"2798",-64.875,-59.9375,40
"2799",-64.875,-59.8125,51
"2800",-64.875,-59.6875,27
"2801",-64.875,-59.5625,20
"2802",-64.875,-59.4375,13
"2803",-64.875,-59.3125,8
"2804",-64.875,-59.1875,4
"2805",-64.875,-58.8125,2
"2806",-64.875,-58.3125,1
"2807",-64.625,-65.4375,14
"2808",-64.625,-65.3125,4
"2809",-64.625,-65.1875,7
"2810",-64.625,-64.9375,11
"2811",-64.625,-64.8125,44
"2812",-64.625,-64.6875,13
"2813",-64.625,-64.5625,103
"2814",-64.625,-64.4375,235
"2815",-64.625,-64.3125,419
"2816",-64.625,-64.1875,560
"2817",-64.625,-64.0625,892
"2818",-64.625,-63.9375,762
"2819",-64.625,-63.8125,921
"2820",-64.625,-63.6875,1377
"2821",-64.625,-63.5625,3897
"2822",-64.625,-63.4375,788
"2823",-64.625,-63.3125,251
"2824",-64.625,-63.1875,116
"2825",-64.625,-63.0625,173
"2826",-64.625,-62.9375,61
"2827",-64.625,-62.8125,112
"2828",-64.625,-62.6875,10
"2829",-64.625,-62.5625,2
"2830",-64.625,-62.3125,1
"2831",-64.625,-61.6875,1
"2832",-64.625,-61.5625,7
"2833",-64.625,-61.4375,13
"2834",-64.625,-61.3125,9
"2835",-64.625,-61.1875,9
"2836",-64.625,-61.0625,5
"2837",-64.625,-60.9375,7
"2838",-64.625,-60.8125,24
"2839",-64.625,-60.6875,18
"2840",-64.625,-60.5625,24
"2841",-64.625,-60.4375,23
"2842",-64.625,-60.3125,20
"2843",-64.625,-60.1875,22
"2844",-64.625,-60.0625,26
"2845",-64.625,-59.9375,31
"2846",-64.625,-59.8125,46
"2847",-64.625,-59.6875,41
"2848",-64.625,-59.5625,31
"2849",-64.625,-59.4375,21
"2850",-64.625,-59.3125,15
"2851",-64.625,-59.1875,8
"2852",-64.625,-58.8125,1
"2853",-64.625,-58.6875,1
"2854",-64.625,-58.0625,1
"2855",-64.625,-57.5625,1
"2856",-64.625,-57.4375,3
"2857",-64.625,-57.3125,4
"2858",-64.625,-57.1875,9
"2859",-64.625,-57.0625,3
"2860",-64.625,-56.9375,1
"2861",-64.625,-56.8125,2
"2862",-64.375,-64.6875,3
"2863",-64.375,-64.5625,4
"2864",-64.375,-64.4375,42
"2865",-64.375,-64.3125,238
"2866",-64.375,-64.1875,521
"2867",-64.375,-64.0625,762
"2868",-64.375,-63.9375,726
"2869",-64.375,-63.8125,724
"2870",-64.375,-63.6875,1189
"2871",-64.375,-63.5625,2028
"2872",-64.375,-63.4375,1052
"2873",-64.375,-63.3125,613
"2874",-64.375,-63.1875,193
"2875",-64.375,-63.0625,162
"2876",-64.375,-62.9375,44
"2877",-64.375,-62.8125,31
"2878",-64.375,-62.6875,16
"2879",-64.375,-62.5625,1
"2880",-64.375,-61.6875,6
"2881",-64.375,-61.5625,16
"2882",-64.375,-61.4375,18
"2883",-64.375,-61.3125,11
"2884",-64.375,-61.1875,9
"2885",-64.375,-61.0625,9
"2886",-64.375,-60.9375,10
"2887",-64.375,-60.8125,23
"2888",-64.375,-60.6875,24
"2889",-64.375,-60.5625,30
"2890",-64.375,-60.4375,28
"2891",-64.375,-60.3125,29
"2892",-64.375,-60.1875,28
"2893",-64.375,-60.0625,22
"2894",-64.375,-59.9375,18
"2895",-64.375,-59.8125,16
"2896",-64.375,-59.6875,20
"2897",-64.375,-59.5625,30
"2898",-64.375,-59.4375,29
"2899",-64.375,-59.3125,31
"2900",-64.375,-59.1875,18
"2901",-64.375,-59.0625,5
"2902",-64.375,-58.6875,1
"2903",-64.375,-57.9375,1
"2904",-64.375,-57.6875,5
"2905",-64.375,-57.5625,11
"2906",-64.375,-57.4375,6
"2907",-64.375,-57.3125,1
"2908",-64.375,-57.1875,2
"2909",-64.375,-57.0625,9
"2910",-64.375,-56.9375,6
"2911",-64.375,-56.8125,8
"2912",-64.375,-56.6875,1
"2913",-64.125,-64.4375,13
"2914",-64.125,-64.3125,141
"2915",-64.125,-64.1875,354
"2916",-64.125,-64.0625,657
"2917",-64.125,-63.9375,701
"2918",-64.125,-63.8125,714
"2919",-64.125,-63.6875,798
"2920",-64.125,-63.5625,876
"2921",-64.125,-63.4375,1063
"2922",-64.125,-63.3125,952
"2923",-64.125,-63.1875,568
"2924",-64.125,-63.0625,195
"2925",-64.125,-62.9375,80
"2926",-64.125,-62.8125,114
"2927",-64.125,-62.6875,65
"2928",-64.125,-62.5625,14
"2929",-64.125,-62.4375,96
"2930",-64.125,-62.3125,15
"2931",-64.125,-62.1875,6
"2932",-64.125,-62.0625,11
"2933",-64.125,-61.9375,21
"2934",-64.125,-61.8125,26
"2935",-64.125,-61.6875,21
"2936",-64.125,-61.5625,23
"2937",-64.125,-61.4375,11
"2938",-64.125,-61.3125,8
"2939",-64.125,-61.1875,15
"2940",-64.125,-61.0625,12
"2941",-64.125,-60.9375,26
"2942",-64.125,-60.8125,28
"2943",-64.125,-60.6875,23
"2944",-64.125,-60.5625,26
"2945",-64.125,-60.4375,30
"2946",-64.125,-60.3125,21
"2947",-64.125,-60.1875,24
"2948",-64.125,-60.0625,20
"2949",-64.125,-59.9375,5
"2950",-64.125,-59.8125,14
"2951",-64.125,-59.6875,23
"2952",-64.125,-59.5625,15
"2953",-64.125,-59.4375,28
"2954",-64.125,-59.3125,11
"2955",-64.125,-59.1875,15
"2956",-64.125,-59.0625,15
"2957",-64.125,-58.9375,5
"2958",-64.125,-58.5625,1
"2959",-64.125,-57.8125,2
"2960",-64.125,-57.6875,1
"2961",-64.125,-57.5625,5
"2962",-64.125,-57.4375,2
"2963",-64.125,-57.3125,2
"2964",-64.125,-57.1875,1
"2965",-64.125,-57.0625,3
"2966",-64.125,-56.8125,3
"2967",-64.125,-56.6875,1
"2968",-63.875,-64.4375,3
"2969",-63.875,-64.3125,59
"2970",-63.875,-64.1875,127
"2971",-63.875,-64.0625,448
"2972",-63.875,-63.9375,516
"2973",-63.875,-63.8125,633
"2974",-63.875,-63.6875,595
"2975",-63.875,-63.5625,622
"2976",-63.875,-63.4375,836
"2977",-63.875,-63.3125,1158
"2978",-63.875,-63.1875,1250
"2979",-63.875,-63.0625,722
"2980",-63.875,-62.9375,111
"2981",-63.875,-62.8125,59
"2982",-63.875,-62.6875,61
"2983",-63.875,-62.5625,37
"2984",-63.875,-62.4375,40
"2985",-63.875,-62.3125,72
"2986",-63.875,-62.1875,53
"2987",-63.875,-62.0625,24
"2988",-63.875,-61.9375,30
"2989",-63.875,-61.8125,26
"2990",-63.875,-61.6875,53
"2991",-63.875,-61.5625,58
"2992",-63.875,-61.4375,45
"2993",-63.875,-61.3125,39
"2994",-63.875,-61.1875,55
"2995",-63.875,-61.0625,46
"2996",-63.875,-60.9375,58
"2997",-63.875,-60.8125,55
"2998",-63.875,-60.6875,34
"2999",-63.875,-60.5625,23
"3000",-63.875,-60.4375,18
"3001",-63.875,-60.3125,25
"3002",-63.875,-60.1875,26
"3003",-63.875,-60.0625,8
"3004",-63.875,-59.9375,10
"3005",-63.875,-59.8125,7
"3006",-63.875,-59.6875,17
"3007",-63.875,-59.5625,13
"3008",-63.875,-59.4375,24
"3009",-63.875,-59.3125,26
"3010",-63.875,-59.1875,16
"3011",-63.875,-59.0625,23
"3012",-63.875,-58.9375,7
"3013",-63.875,-58.8125,4
"3014",-63.875,-58.5625,1
"3015",-63.875,-58.4375,1
"3016",-63.875,-57.9375,4
"3017",-63.875,-57.8125,2
"3018",-63.875,-57.6875,7
"3019",-63.875,-57.5625,2
"3020",-63.875,-57.4375,1
"3021",-63.875,-57.3125,7
"3022",-63.875,-57.1875,2
"3023",-63.875,-57.0625,4
"3024",-63.875,-56.9375,2
"3025",-63.875,-56.8125,1
"3026",-63.875,-56.6875,2
"3027",-63.875,-56.5625,1
"3028",-63.875,-56.4375,1
"3029",-63.875,-56.3125,1
"3030",-63.875,-56.1875,1
"3031",-63.875,-56.0625,1
"3032",-63.625,-64.3125,6
"3033",-63.625,-64.1875,27
"3034",-63.625,-64.0625,218
"3035",-63.625,-63.9375,326
"3036",-63.625,-63.8125,449
"3037",-63.625,-63.6875,525
"3038",-63.625,-63.5625,533
"3039",-63.625,-63.4375,583
"3040",-63.625,-63.3125,859
"3041",-63.625,-63.1875,862
"3042",-63.625,-63.0625,966
"3043",-63.625,-62.9375,294
"3044",-63.625,-62.8125,84
"3045",-63.625,-62.6875,70
"3046",-63.625,-62.5625,84
"3047",-63.625,-62.4375,124
"3048",-63.625,-62.3125,46
"3049",-63.625,-62.1875,60
"3050",-63.625,-62.0625,139
"3051",-63.625,-61.9375,49
"3052",-63.625,-61.8125,65
"3053",-63.625,-61.6875,74
"3054",-63.625,-61.5625,94
"3055",-63.625,-61.4375,108
"3056",-63.625,-61.3125,72
"3057",-63.625,-61.1875,85
"3058",-63.625,-61.0625,38
"3059",-63.625,-60.9375,80
"3060",-63.625,-60.8125,73
"3061",-63.625,-60.6875,41
"3062",-63.625,-60.5625,28
"3063",-63.625,-60.4375,29
"3064",-63.625,-60.3125,25
"3065",-63.625,-60.1875,23
"3066",-63.625,-60.0625,26
"3067",-63.625,-59.9375,9
"3068",-63.625,-59.8125,11
"3069",-63.625,-59.6875,8
"3070",-63.625,-59.5625,15
"3071",-63.625,-59.4375,28
"3072",-63.625,-59.3125,34
"3073",-63.625,-59.1875,19
"3074",-63.625,-59.0625,16
"3075",-63.625,-58.9375,11
"3076",-63.625,-58.8125,7
"3077",-63.625,-58.6875,2
"3078",-63.625,-58.4375,1
"3079",-63.625,-57.9375,3
"3080",-63.625,-57.8125,1
"3081",-63.625,-57.5625,2
"3082",-63.625,-57.4375,1
"3083",-63.625,-57.3125,3
"3084",-63.625,-57.1875,2
"3085",-63.625,-55.9375,1
"3086",-63.375,-64.3125,2
"3087",-63.375,-64.1875,19
"3088",-63.375,-64.0625,136
"3089",-63.375,-63.9375,280
"3090",-63.375,-63.8125,354
"3091",-63.375,-63.6875,333
"3092",-63.375,-63.5625,442
"3093",-63.375,-63.4375,679
"3094",-63.375,-63.3125,560
"3095",-63.375,-63.1875,594
"3096",-63.375,-63.0625,783
"3097",-63.375,-62.9375,782
"3098",-63.375,-62.8125,197
"3099",-63.375,-62.6875,83
"3100",-63.375,-62.5625,60
"3101",-63.375,-62.4375,75
"3102",-63.375,-62.3125,88
"3103",-63.375,-62.1875,101
"3104",-63.375,-62.0625,61
"3105",-63.375,-61.9375,99
"3106",-63.375,-61.8125,83
"3107",-63.375,-61.6875,93
"3108",-63.375,-61.5625,114
"3109",-63.375,-61.4375,173
"3110",-63.375,-61.3125,150
"3111",-63.375,-61.1875,69
"3112",-63.375,-61.0625,83
"3113",-63.375,-60.9375,99
"3114",-63.375,-60.8125,74
"3115",-63.375,-60.6875,48
"3116",-63.375,-60.5625,51
"3117",-63.375,-60.4375,34
"3118",-63.375,-60.3125,42
"3119",-63.375,-60.1875,48
"3120",-63.375,-60.0625,18
"3121",-63.375,-59.9375,5
"3122",-63.375,-59.8125,2
"3123",-63.375,-59.6875,2
"3124",-63.375,-59.5625,9
"3125",-63.375,-59.4375,11
"3126",-63.375,-59.3125,11
"3127",-63.375,-59.1875,22
"3128",-63.375,-59.0625,21
"3129",-63.375,-58.9375,16
"3130",-63.375,-58.8125,13
"3131",-63.375,-58.6875,4
"3132",-63.375,-58.3125,1
"3133",-63.375,-58.0625,2
"3134",-63.375,-57.9375,1
"3135",-63.375,-57.8125,1
"3136",-63.375,-57.6875,2
"3137",-63.375,-57.3125,1
"3138",-63.375,-57.1875,1
"3139",-63.375,-56.1875,1
"3140",-63.375,-55.9375,2
"3141",-63.375,-55.8125,1
"3142",-63.125,-64.3125,19
"3143",-63.125,-64.1875,20
"3144",-63.125,-64.0625,76
"3145",-63.125,-63.9375,215
"3146",-63.125,-63.8125,315
"3147",-63.125,-63.6875,323
"3148",-63.125,-63.5625,1054
"3149",-63.125,-63.4375,406
"3150",-63.125,-63.3125,639
"3151",-63.125,-63.1875,578
"3152",-63.125,-63.0625,620
"3153",-63.125,-62.9375,688
"3154",-63.125,-62.8125,532
"3155",-63.125,-62.6875,185
"3156",-63.125,-62.5625,96
"3157",-63.125,-62.4375,95
"3158",-63.125,-62.3125,76
"3159",-63.125,-62.1875,94
"3160",-63.125,-62.0625,199
"3161",-63.125,-61.9375,98
"3162",-63.125,-61.8125,149
"3163",-63.125,-61.6875,173
"3164",-63.125,-61.5625,180
"3165",-63.125,-61.4375,204
"3166",-63.125,-61.3125,188
"3167",-63.125,-61.1875,177
"3168",-63.125,-61.0625,140
"3169",-63.125,-60.9375,113
"3170",-63.125,-60.8125,66
"3171",-63.125,-60.6875,37
"3172",-63.125,-60.5625,62
"3173",-63.125,-60.4375,28
"3174",-63.125,-60.3125,69
"3175",-63.125,-60.1875,38
"3176",-63.125,-60.0625,25
"3177",-63.125,-59.9375,10
"3178",-63.125,-59.8125,6
"3179",-63.125,-59.6875,2
"3180",-63.125,-59.5625,6
"3181",-63.125,-59.4375,9
"3182",-63.125,-59.3125,20
"3183",-63.125,-59.1875,19
"3184",-63.125,-59.0625,23
"3185",-63.125,-58.9375,25
"3186",-63.125,-58.8125,9
"3187",-63.125,-58.6875,4
"3188",-63.125,-58.5625,1
"3189",-63.125,-58.3125,1
"3190",-63.125,-58.1875,1
"3191",-63.125,-58.0625,3
"3192",-63.125,-57.9375,1
"3193",-63.125,-57.8125,1
"3194",-63.125,-56.3125,3
"3195",-63.125,-56.1875,2
"3196",-63.125,-56.0625,3
"3197",-63.125,-55.8125,1
"3198",-63.125,-55.6875,3
"3199",-62.875,-64.4375,3
"3200",-62.875,-64.3125,30
"3201",-62.875,-64.1875,4
"3202",-62.875,-64.0625,34
"3203",-62.875,-63.9375,68
"3204",-62.875,-63.8125,144
"3205",-62.875,-63.6875,283
"3206",-62.875,-63.5625,325
"3207",-62.875,-63.4375,340
"3208",-62.875,-63.3125,461
"3209",-62.875,-63.1875,492
"3210",-62.875,-63.0625,575
"3211",-62.875,-62.9375,602
"3212",-62.875,-62.8125,728
"3213",-62.875,-62.6875,445
"3214",-62.875,-62.5625,318
"3215",-62.875,-62.4375,209
"3216",-62.875,-62.3125,176
"3217",-62.875,-62.1875,134
"3218",-62.875,-62.0625,179
"3219",-62.875,-61.9375,172
"3220",-62.875,-61.8125,220
"3221",-62.875,-61.6875,167
"3222",-62.875,-61.5625,186
"3223",-62.875,-61.4375,189
"3224",-62.875,-61.3125,239
"3225",-62.875,-61.1875,205
"3226",-62.875,-61.0625,221
"3227",-62.875,-60.9375,154
"3228",-62.875,-60.8125,83
"3229",-62.875,-60.6875,73
"3230",-62.875,-60.5625,72
"3231",-62.875,-60.4375,52
"3232",-62.875,-60.3125,50
"3233",-62.875,-60.1875,39
"3234",-62.875,-60.0625,26
"3235",-62.875,-59.9375,18
"3236",-62.875,-59.8125,9
"3237",-62.875,-59.6875,5
"3238",-62.875,-59.5625,6
"3239",-62.875,-59.4375,7
"3240",-62.875,-59.3125,19
"3241",-62.875,-59.1875,24
"3242",-62.875,-59.0625,24
"3243",-62.875,-58.9375,25
"3244",-62.875,-58.8125,12
"3245",-62.875,-58.6875,4
"3246",-62.875,-58.5625,1
"3247",-62.875,-58.3125,1
"3248",-62.875,-58.0625,2
"3249",-62.875,-57.9375,1
"3250",-62.875,-57.3125,1
"3251",-62.875,-57.1875,1
"3252",-62.875,-56.8125,1
"3253",-62.875,-56.6875,1
"3254",-62.875,-56.5625,1
"3255",-62.875,-56.4375,1
"3256",-62.875,-56.3125,2
"3257",-62.875,-55.9375,1
"3258",-62.875,-55.8125,1
"3259",-62.875,-55.6875,1
"3260",-62.625,-64.4375,13
"3261",-62.625,-63.9375,7
"3262",-62.625,-63.8125,63
"3263",-62.625,-63.6875,117
"3264",-62.625,-63.5625,179
"3265",-62.625,-63.4375,180
"3266",-62.625,-63.3125,197
"3267",-62.625,-63.1875,242
"3268",-62.625,-63.0625,519
"3269",-62.625,-62.9375,409
"3270",-62.625,-62.8125,688
"3271",-62.625,-62.6875,628
"3272",-62.625,-62.5625,540
"3273",-62.625,-62.4375,420
"3274",-62.625,-62.3125,313
"3275",-62.625,-62.1875,268
"3276",-62.625,-62.0625,405
"3277",-62.625,-61.9375,343
"3278",-62.625,-61.8125,296
"3279",-62.625,-61.6875,187
"3280",-62.625,-61.5625,215
"3281",-62.625,-61.4375,254
"3282",-62.625,-61.3125,222
"3283",-62.625,-61.1875,189
"3284",-62.625,-61.0625,155
"3285",-62.625,-60.9375,128
"3286",-62.625,-60.8125,98
"3287",-62.625,-60.6875,93
"3288",-62.625,-60.5625,115
"3289",-62.625,-60.4375,85
"3290",-62.625,-60.3125,83
"3291",-62.625,-60.1875,83
"3292",-62.625,-60.0625,60
"3293",-62.625,-59.9375,36
"3294",-62.625,-59.8125,27
"3295",-62.625,-59.6875,4
"3296",-62.625,-59.5625,7
"3297",-62.625,-59.4375,11
"3298",-62.625,-59.3125,20
"3299",-62.625,-59.1875,21
"3300",-62.625,-59.0625,23
"3301",-62.625,-58.9375,23
"3302",-62.625,-58.8125,9
"3303",-62.625,-58.6875,7
"3304",-62.625,-58.4375,1
"3305",-62.625,-58.3125,1
"3306",-62.625,-57.0625,1
"3307",-62.625,-56.9375,1
"3308",-62.625,-56.5625,1
"3309",-62.625,-55.8125,1
"3310",-62.625,-55.6875,3
"3311",-62.625,-55.5625,2
"3312",-62.375,-64.4375,12
"3313",-62.375,-63.8125,15
"3314",-62.375,-63.6875,37
"3315",-62.375,-63.5625,123
"3316",-62.375,-63.4375,148
"3317",-62.375,-63.3125,108
"3318",-62.375,-63.1875,142
"3319",-62.375,-63.0625,310
"3320",-62.375,-62.9375,221
"3321",-62.375,-62.8125,427
"3322",-62.375,-62.6875,594
"3323",-62.375,-62.5625,629
"3324",-62.375,-62.4375,522
"3325",-62.375,-62.3125,413
"3326",-62.375,-62.1875,289
"3327",-62.375,-62.0625,398
"3328",-62.375,-61.9375,490
"3329",-62.375,-61.8125,329
"3330",-62.375,-61.6875,318
"3331",-62.375,-61.5625,267
"3332",-62.375,-61.4375,194
"3333",-62.375,-61.3125,153
"3334",-62.375,-61.1875,119
"3335",-62.375,-61.0625,82
"3336",-62.375,-60.9375,101
"3337",-62.375,-60.8125,92
"3338",-62.375,-60.6875,103
"3339",-62.375,-60.5625,71
"3340",-62.375,-60.4375,68
"3341",-62.375,-60.3125,107
"3342",-62.375,-60.1875,78
"3343",-62.375,-60.0625,41
"3344",-62.375,-59.9375,47
"3345",-62.375,-59.8125,26
"3346",-62.375,-59.6875,8
"3347",-62.375,-59.5625,8
"3348",-62.375,-59.4375,8
"3349",-62.375,-59.3125,11
"3350",-62.375,-59.1875,19
"3351",-62.375,-59.0625,17
"3352",-62.375,-58.9375,17
"3353",-62.375,-58.8125,7
"3354",-62.375,-58.6875,9
"3355",-62.375,-58.5625,4
"3356",-62.375,-58.4375,2
"3357",-62.375,-58.1875,4
"3358",-62.375,-57.3125,3
"3359",-62.375,-57.1875,1
"3360",-62.375,-57.0625,1
"3361",-62.375,-56.9375,1
"3362",-62.375,-56.6875,1
"3363",-62.375,-56.5625,1
"3364",-62.375,-56.3125,1
"3365",-62.375,-56.1875,1
"3366",-62.375,-55.6875,2
"3367",-62.375,-55.5625,1
"3368",-62.125,-63.8125,1
"3369",-62.125,-63.6875,2
"3370",-62.125,-63.5625,67
"3371",-62.125,-63.4375,112
"3372",-62.125,-63.3125,41
"3373",-62.125,-63.1875,103
"3374",-62.125,-63.0625,139
"3375",-62.125,-62.9375,353
"3376",-62.125,-62.8125,460
"3377",-62.125,-62.6875,530
"3378",-62.125,-62.5625,396
"3379",-62.125,-62.4375,440
"3380",-62.125,-62.3125,349
"3381",-62.125,-62.1875,340
"3382",-62.125,-62.0625,595
"3383",-62.125,-61.9375,458
"3384",-62.125,-61.8125,522
"3385",-62.125,-61.6875,481
"3386",-62.125,-61.5625,285
"3387",-62.125,-61.4375,132
"3388",-62.125,-61.3125,120
"3389",-62.125,-61.1875,106
"3390",-62.125,-61.0625,80
"3391",-62.125,-60.9375,101
"3392",-62.125,-60.8125,112
"3393",-62.125,-60.6875,100
"3394",-62.125,-60.5625,84
"3395",-62.125,-60.4375,85
"3396",-62.125,-60.3125,112
"3397",-62.125,-60.1875,86
"3398",-62.125,-60.0625,54
"3399",-62.125,-59.9375,40
"3400",-62.125,-59.8125,23
"3401",-62.125,-59.6875,7
"3402",-62.125,-59.5625,7
"3403",-62.125,-59.4375,8
"3404",-62.125,-59.3125,11
"3405",-62.125,-59.1875,18
"3406",-62.125,-59.0625,28
"3407",-62.125,-58.9375,14
"3408",-62.125,-58.8125,21
"3409",-62.125,-58.6875,15
"3410",-62.125,-58.5625,8
"3411",-62.125,-58.4375,4
"3412",-62.125,-58.3125,4
"3413",-62.125,-58.1875,6
"3414",-62.125,-58.0625,2
"3415",-62.125,-57.9375,4
"3416",-62.125,-57.8125,1
"3417",-62.125,-57.6875,4
"3418",-62.125,-57.5625,2
"3419",-62.125,-57.4375,6
"3420",-62.125,-57.3125,3
"3421",-62.125,-56.6875,1
"3422",-62.125,-55.9375,1
"3423",-62.125,-55.6875,9
"3424",-62.125,-55.5625,3
"3425",-61.875,-64.1875,25
"3426",-61.875,-64.0625,7
"3427",-61.875,-63.9375,5
"3428",-61.875,-63.8125,4
"3429",-61.875,-63.6875,8
"3430",-61.875,-63.5625,31
"3431",-61.875,-63.4375,113
"3432",-61.875,-63.3125,75
"3433",-61.875,-63.1875,181
"3434",-61.875,-63.0625,480
"3435",-61.875,-62.9375,435
"3436",-61.875,-62.8125,331
"3437",-61.875,-62.6875,312
"3438",-61.875,-62.5625,348
"3439",-61.875,-62.4375,423
"3440",-61.875,-62.3125,372
"3441",-61.875,-62.1875,301
"3442",-61.875,-62.0625,310
"3443",-61.875,-61.9375,365
"3444",-61.875,-61.8125,396
"3445",-61.875,-61.6875,461
"3446",-61.875,-61.5625,369
"3447",-61.875,-61.4375,181
"3448",-61.875,-61.3125,147
"3449",-61.875,-61.1875,120
"3450",-61.875,-61.0625,99
"3451",-61.875,-60.9375,99
"3452",-61.875,-60.8125,105
"3453",-61.875,-60.6875,80
"3454",-61.875,-60.5625,72
"3455",-61.875,-60.4375,80
"3456",-61.875,-60.3125,56
"3457",-61.875,-60.1875,86
"3458",-61.875,-60.0625,47
"3459",-61.875,-59.9375,26
"3460",-61.875,-59.8125,22
"3461",-61.875,-59.6875,10
"3462",-61.875,-59.5625,3
"3463",-61.875,-59.4375,17
"3464",-61.875,-59.3125,20
"3465",-61.875,-59.1875,22
"3466",-61.875,-59.0625,32
"3467",-61.875,-58.9375,23
"3468",-61.875,-58.8125,19
"3469",-61.875,-58.6875,15
"3470",-61.875,-58.5625,9
"3471",-61.875,-58.3125,8
"3472",-61.875,-58.1875,8
"3473",-61.875,-58.0625,3
"3474",-61.875,-57.9375,2
"3475",-61.875,-57.8125,3
"3476",-61.875,-57.6875,3
"3477",-61.875,-57.5625,6
"3478",-61.875,-57.4375,6
"3479",-61.875,-57.3125,3
"3480",-61.875,-56.5625,1
"3481",-61.875,-56.1875,1
"3482",-61.875,-55.5625,7
"3483",-61.875,-55.4375,1
"3484",-61.625,-64.1875,17
"3485",-61.625,-64.0625,5
"3486",-61.625,-63.8125,1
"3487",-61.625,-63.6875,3
"3488",-61.625,-63.5625,22
"3489",-61.625,-63.4375,82
"3490",-61.625,-63.3125,102
"3491",-61.625,-63.1875,318
"3492",-61.625,-63.0625,519
"3493",-61.625,-62.9375,391
"3494",-61.625,-62.8125,110
"3495",-61.625,-62.6875,171
"3496",-61.625,-62.5625,239
"3497",-61.625,-62.4375,332
"3498",-61.625,-62.3125,458
"3499",-61.625,-62.1875,332
"3500",-61.625,-62.0625,338
"3501",-61.625,-61.9375,339
"3502",-61.625,-61.8125,570
"3503",-61.625,-61.6875,470
"3504",-61.625,-61.5625,295
"3505",-61.625,-61.4375,217
"3506",-61.625,-61.3125,149
"3507",-61.625,-61.1875,108
"3508",-61.625,-61.0625,123
"3509",-61.625,-60.9375,85
"3510",-61.625,-60.8125,78
"3511",-61.625,-60.6875,83
"3512",-61.625,-60.5625,68
"3513",-61.625,-60.4375,58
"3514",-61.625,-60.3125,62
"3515",-61.625,-60.1875,73
"3516",-61.625,-60.0625,25
"3517",-61.625,-59.9375,19
"3518",-61.625,-59.8125,19
"3519",-61.625,-59.6875,12
"3520",-61.625,-59.5625,2
"3521",-61.625,-59.4375,9
"3522",-61.625,-59.3125,22
"3523",-61.625,-59.1875,47
"3524",-61.625,-59.0625,49
"3525",-61.625,-58.9375,37
"3526",-61.625,-58.8125,31
"3527",-61.625,-58.6875,15
"3528",-61.625,-58.5625,11
"3529",-61.625,-58.4375,9
"3530",-61.625,-58.3125,3
"3531",-61.625,-58.0625,1
"3532",-61.625,-57.9375,5
"3533",-61.625,-57.8125,3
"3534",-61.625,-57.6875,4
"3535",-61.625,-57.5625,8
"3536",-61.625,-57.4375,5
"3537",-61.625,-56.1875,2
"3538",-61.625,-56.0625,2
"3539",-61.625,-55.9375,3
"3540",-61.625,-55.5625,1
"3541",-61.625,-55.4375,4
"3542",-61.375,-63.8125,7
"3543",-61.375,-63.6875,20
"3544",-61.375,-63.5625,10
"3545",-61.375,-63.4375,62
"3546",-61.375,-63.3125,119
"3547",-61.375,-63.1875,316
"3548",-61.375,-63.0625,492
"3549",-61.375,-62.9375,302
"3550",-61.375,-62.8125,108
"3551",-61.375,-62.6875,61
"3552",-61.375,-62.5625,101
"3553",-61.375,-62.4375,193
"3554",-61.375,-62.3125,440
"3555",-61.375,-62.1875,364
"3556",-61.375,-62.0625,341
"3557",-61.375,-61.9375,338
"3558",-61.375,-61.8125,472
"3559",-61.375,-61.6875,465
"3560",-61.375,-61.5625,193
"3561",-61.375,-61.4375,212
"3562",-61.375,-61.3125,157
"3563",-61.375,-61.1875,90
"3564",-61.375,-61.0625,98
"3565",-61.375,-60.9375,83
"3566",-61.375,-60.8125,73
"3567",-61.375,-60.6875,74
"3568",-61.375,-60.5625,70
"3569",-61.375,-60.4375,76
"3570",-61.375,-60.3125,71
"3571",-61.375,-60.1875,38
"3572",-61.375,-60.0625,33
"3573",-61.375,-59.9375,15
"3574",-61.375,-59.8125,9
"3575",-61.375,-59.6875,5
"3576",-61.375,-59.5625,3
"3577",-61.375,-59.4375,18
"3578",-61.375,-59.3125,37
"3579",-61.375,-59.1875,47
"3580",-61.375,-59.0625,40
"3581",-61.375,-58.9375,36
"3582",-61.375,-58.8125,29
"3583",-61.375,-58.6875,8
"3584",-61.375,-58.5625,3
"3585",-61.375,-58.4375,17
"3586",-61.375,-58.3125,17
"3587",-61.375,-58.1875,3
"3588",-61.375,-58.0625,3
"3589",-61.375,-57.9375,5
"3590",-61.375,-57.8125,11
"3591",-61.375,-57.6875,11
"3592",-61.375,-57.5625,3
"3593",-61.375,-56.5625,1
"3594",-61.375,-56.4375,1
"3595",-61.375,-55.4375,2
"3596",-61.375,-55.3125,2
"3597",-61.125,-63.5625,6
"3598",-61.125,-63.4375,57
"3599",-61.125,-63.3125,78
"3600",-61.125,-63.1875,324
"3601",-61.125,-63.0625,557
"3602",-61.125,-62.9375,349
"3603",-61.125,-62.8125,154
"3604",-61.125,-62.6875,67
"3605",-61.125,-62.5625,106
"3606",-61.125,-62.4375,90
"3607",-61.125,-62.3125,252
"3608",-61.125,-62.1875,417
"3609",-61.125,-62.0625,302
"3610",-61.125,-61.9375,371
"3611",-61.125,-61.8125,516
"3612",-61.125,-61.6875,372
"3613",-61.125,-61.5625,233
"3614",-61.125,-61.4375,237
"3615",-61.125,-61.3125,177
"3616",-61.125,-61.1875,97
"3617",-61.125,-61.0625,108
"3618",-61.125,-60.9375,97
"3619",-61.125,-60.8125,73
"3620",-61.125,-60.6875,74
"3621",-61.125,-60.5625,110
"3622",-61.125,-60.4375,79
"3623",-61.125,-60.3125,75
"3624",-61.125,-60.1875,51
"3625",-61.125,-60.0625,30
"3626",-61.125,-59.9375,22
"3627",-61.125,-59.8125,12
"3628",-61.125,-59.6875,11
"3629",-61.125,-59.5625,18
"3630",-61.125,-59.4375,33
"3631",-61.125,-59.3125,43
"3632",-61.125,-59.1875,60
"3633",-61.125,-59.0625,63
"3634",-61.125,-58.9375,42
"3635",-61.125,-58.8125,30
"3636",-61.125,-58.6875,11
"3637",-61.125,-58.5625,1
"3638",-61.125,-58.4375,3
"3639",-61.125,-58.3125,13
"3640",-61.125,-58.1875,11
"3641",-61.125,-58.0625,4
"3642",-61.125,-57.9375,9
"3643",-61.125,-57.8125,8
"3644",-61.125,-57.6875,6
"3645",-61.125,-57.5625,4
"3646",-61.125,-57.4375,1
"3647",-61.125,-56.3125,3
"3648",-61.125,-56.0625,1
"3649",-61.125,-55.9375,1
"3650",-61.125,-55.4375,2
"3651",-61.125,-55.3125,1
"3652",-60.875,-63.4375,12
"3653",-60.875,-63.3125,38
"3654",-60.875,-63.1875,221
"3655",-60.875,-63.0625,559
"3656",-60.875,-62.9375,237
"3657",-60.875,-62.8125,247
"3658",-60.875,-62.6875,104
"3659",-60.875,-62.5625,46
"3660",-60.875,-62.4375,64
"3661",-60.875,-62.3125,164
"3662",-60.875,-62.1875,374
"3663",-60.875,-62.0625,387
"3664",-60.875,-61.9375,359
"3665",-60.875,-61.8125,392
"3666",-60.875,-61.6875,373
"3667",-60.875,-61.5625,290
"3668",-60.875,-61.4375,254
"3669",-60.875,-61.3125,137
"3670",-60.875,-61.1875,141
"3671",-60.875,-61.0625,129
"3672",-60.875,-60.9375,98
"3673",-60.875,-60.8125,78
"3674",-60.875,-60.6875,88
"3675",-60.875,-60.5625,105
"3676",-60.875,-60.4375,97
"3677",-60.875,-60.3125,83
"3678",-60.875,-60.1875,68
"3679",-60.875,-60.0625,52
"3680",-60.875,-59.9375,44
"3681",-60.875,-59.8125,19
"3682",-60.875,-59.6875,16
"3683",-60.875,-59.5625,22
"3684",-60.875,-59.4375,58
"3685",-60.875,-59.3125,74
"3686",-60.875,-59.1875,62
"3687",-60.875,-59.0625,45
"3688",-60.875,-58.9375,26
"3689",-60.875,-58.8125,25
"3690",-60.875,-58.6875,8
"3691",-60.875,-58.5625,10
"3692",-60.875,-58.4375,3
"3693",-60.875,-58.3125,33
"3694",-60.875,-58.1875,8
"3695",-60.875,-58.0625,12
"3696",-60.875,-57.9375,12
"3697",-60.875,-57.8125,12
"3698",-60.875,-57.6875,5
"3699",-60.875,-57.5625,6
"3700",-60.875,-57.4375,4
"3701",-60.875,-57.3125,2
"3702",-60.875,-56.1875,1
"3703",-60.875,-55.8125,1
"3704",-60.875,-55.5625,1
"3705",-60.875,-55.4375,2
"3706",-60.875,-55.3125,1
"3707",-60.625,-63.3125,7
"3708",-60.625,-63.1875,81
"3709",-60.625,-63.0625,421
"3710",-60.625,-62.9375,140
"3711",-60.625,-62.8125,632
"3712",-60.625,-62.6875,355
"3713",-60.625,-62.4375,41
"3714",-60.625,-62.3125,117
"3715",-60.625,-62.1875,227
"3716",-60.625,-62.0625,392
"3717",-60.625,-61.9375,393
"3718",-60.625,-61.8125,485
"3719",-60.625,-61.6875,378
"3720",-60.625,-61.5625,358
"3721",-60.625,-61.4375,203
"3722",-60.625,-61.3125,124
"3723",-60.625,-61.1875,123
"3724",-60.625,-61.0625,119
"3725",-60.625,-60.9375,150
"3726",-60.625,-60.8125,109
"3727",-60.625,-60.6875,65
"3728",-60.625,-60.5625,99
"3729",-60.625,-60.4375,96
"3730",-60.625,-60.3125,98
"3731",-60.625,-60.1875,78
"3732",-60.625,-60.0625,60
"3733",-60.625,-59.9375,72
"3734",-60.625,-59.8125,59
"3735",-60.625,-59.6875,39
"3736",-60.625,-59.5625,24
"3737",-60.625,-59.4375,46
"3738",-60.625,-59.3125,41
"3739",-60.625,-59.1875,71
"3740",-60.625,-59.0625,48
"3741",-60.625,-58.9375,31
"3742",-60.625,-58.8125,22
"3743",-60.625,-58.6875,11
"3744",-60.625,-58.5625,2
"3745",-60.625,-58.4375,7
"3746",-60.625,-58.3125,18
"3747",-60.625,-58.1875,9
"3748",-60.625,-58.0625,5
"3749",-60.625,-57.9375,2
"3750",-60.625,-57.8125,7
"3751",-60.625,-57.6875,11
"3752",-60.625,-57.5625,12
"3753",-60.625,-57.4375,8
"3754",-60.625,-57.3125,2
"3755",-60.625,-56.0625,2
"3756",-60.625,-55.8125,1
"3757",-60.625,-55.5625,1
"3758",-60.625,-55.3125,1
"3759",-60.375,-63.4375,3
"3760",-60.375,-63.3125,1
"3761",-60.375,-63.1875,42
"3762",-60.375,-63.0625,239
"3763",-60.375,-62.9375,410
"3764",-60.375,-62.8125,566
"3765",-60.375,-62.6875,103
"3766",-60.375,-62.5625,42
"3767",-60.375,-62.4375,54
"3768",-60.375,-62.3125,113
"3769",-60.375,-62.1875,130
"3770",-60.375,-62.0625,267
"3771",-60.375,-61.9375,415
"3772",-60.375,-61.8125,410
"3773",-60.375,-61.6875,386
"3774",-60.375,-61.5625,390
"3775",-60.375,-61.4375,250
"3776",-60.375,-61.3125,179
"3777",-60.375,-61.1875,148
"3778",-60.375,-61.0625,95
"3779",-60.375,-60.9375,116
"3780",-60.375,-60.8125,102
"3781",-60.375,-60.6875,85
"3782",-60.375,-60.5625,75
"3783",-60.375,-60.4375,60
"3784",-60.375,-60.3125,117
"3785",-60.375,-60.1875,132
"3786",-60.375,-60.0625,76
"3787",-60.375,-59.9375,89
"3788",-60.375,-59.8125,67
"3789",-60.375,-59.6875,52
"3790",-60.375,-59.5625,59
"3791",-60.375,-59.4375,47
"3792",-60.375,-59.3125,40
"3793",-60.375,-59.1875,39
"3794",-60.375,-59.0625,30
"3795",-60.375,-58.9375,23
"3796",-60.375,-58.8125,24
"3797",-60.375,-58.6875,25
"3798",-60.375,-58.5625,8
"3799",-60.375,-58.4375,4
"3800",-60.375,-58.3125,5
"3801",-60.375,-58.1875,11
"3802",-60.375,-58.0625,8
"3803",-60.375,-57.9375,3
"3804",-60.375,-57.8125,4
"3805",-60.375,-57.6875,9
"3806",-60.375,-57.5625,5
"3807",-60.375,-57.4375,2
"3808",-60.375,-57.1875,1
"3809",-60.375,-55.4375,1
"3810",-60.125,-63.5625,8
"3811",-60.125,-63.1875,19
"3812",-60.125,-63.0625,83
"3813",-60.125,-62.9375,222
"3814",-60.125,-62.8125,328
"3815",-60.125,-62.6875,85
"3816",-60.125,-62.5625,3
"3817",-60.125,-62.4375,22
"3818",-60.125,-62.3125,48
"3819",-60.125,-62.1875,53
"3820",-60.125,-62.0625,133
"3821",-60.125,-61.9375,350
"3822",-60.125,-61.8125,462
"3823",-60.125,-61.6875,416
"3824",-60.125,-61.5625,352
"3825",-60.125,-61.4375,413
"3826",-60.125,-61.3125,234
"3827",-60.125,-61.1875,169
"3828",-60.125,-61.0625,137
"3829",-60.125,-60.9375,115
"3830",-60.125,-60.8125,113
"3831",-60.125,-60.6875,90
"3832",-60.125,-60.5625,88
"3833",-60.125,-60.4375,94
"3834",-60.125,-60.3125,104
"3835",-60.125,-60.1875,173
"3836",-60.125,-60.0625,147
"3837",-60.125,-59.9375,74
"3838",-60.125,-59.8125,71
"3839",-60.125,-59.6875,51
"3840",-60.125,-59.5625,54
"3841",-60.125,-59.4375,53
"3842",-60.125,-59.3125,58
"3843",-60.125,-59.1875,57
"3844",-60.125,-59.0625,49
"3845",-60.125,-58.9375,45
"3846",-60.125,-58.8125,38
"3847",-60.125,-58.6875,32
"3848",-60.125,-58.5625,27
"3849",-60.125,-58.4375,8
"3850",-60.125,-58.3125,12
"3851",-60.125,-58.1875,13
"3852",-60.125,-58.0625,11
"3853",-60.125,-57.9375,8
"3854",-60.125,-57.8125,4
"3855",-60.125,-57.6875,9
"3856",-60.125,-57.5625,7
"3857",-60.125,-57.4375,4
"3858",-60.125,-57.3125,1
"3859",-60.125,-57.0625,2
"3860",-60.125,-55.3125,1
"3861",-59.875,-63.4375,11
"3862",-59.875,-63.3125,12
"3863",-59.875,-63.1875,5
"3864",-59.875,-63.0625,32
"3865",-59.875,-62.9375,90
"3866",-59.875,-62.8125,244
"3867",-59.875,-62.6875,260
"3868",-59.875,-62.5625,50
"3869",-59.875,-62.4375,18
"3870",-59.875,-62.3125,47
"3871",-59.875,-62.1875,92
"3872",-59.875,-62.0625,113
"3873",-59.875,-61.9375,209
"3874",-59.875,-61.8125,431
"3875",-59.875,-61.6875,465
"3876",-59.875,-61.5625,326
"3877",-59.875,-61.4375,301
"3878",-59.875,-61.3125,276
"3879",-59.875,-61.1875,201
"3880",-59.875,-61.0625,135
"3881",-59.875,-60.9375,131
"3882",-59.875,-60.8125,94
"3883",-59.875,-60.6875,77
"3884",-59.875,-60.5625,84
"3885",-59.875,-60.4375,89
"3886",-59.875,-60.3125,92
"3887",-59.875,-60.1875,96
"3888",-59.875,-60.0625,86
"3889",-59.875,-59.9375,88
"3890",-59.875,-59.8125,74
"3891",-59.875,-59.6875,88
"3892",-59.875,-59.5625,123
"3893",-59.875,-59.4375,100
"3894",-59.875,-59.3125,137
"3895",-59.875,-59.1875,188
"3896",-59.875,-59.0625,190
"3897",-59.875,-58.9375,164
"3898",-59.875,-58.8125,90
"3899",-59.875,-58.6875,53
"3900",-59.875,-58.5625,30
"3901",-59.875,-58.4375,34
"3902",-59.875,-58.3125,16
"3903",-59.875,-58.1875,21
"3904",-59.875,-58.0625,18
"3905",-59.875,-57.9375,7
"3906",-59.875,-57.8125,10
"3907",-59.875,-57.6875,3
"3908",-59.875,-57.4375,8
"3909",-59.875,-57.3125,2
"3910",-59.875,-56.9375,2
"3911",-59.625,-63.1875,3
"3912",-59.625,-63.0625,12
"3913",-59.625,-62.9375,38
"3914",-59.625,-62.8125,121
"3915",-59.625,-62.6875,338
"3916",-59.625,-62.5625,195
"3917",-59.625,-62.4375,85
"3918",-59.625,-62.3125,91
"3919",-59.625,-62.1875,32
"3920",-59.625,-62.0625,150
"3921",-59.625,-61.9375,112
"3922",-59.625,-61.8125,347
"3923",-59.625,-61.6875,457
"3924",-59.625,-61.5625,410
"3925",-59.625,-61.4375,569
"3926",-59.625,-61.3125,316
"3927",-59.625,-61.1875,226
"3928",-59.625,-61.0625,259
"3929",-59.625,-60.9375,170
"3930",-59.625,-60.8125,111
"3931",-59.625,-60.6875,80
"3932",-59.625,-60.5625,73
"3933",-59.625,-60.4375,105
"3934",-59.625,-60.3125,123
"3935",-59.625,-60.1875,79
"3936",-59.625,-60.0625,83
"3937",-59.625,-59.9375,81
"3938",-59.625,-59.8125,111
"3939",-59.625,-59.6875,155
"3940",-59.625,-59.5625,167
"3941",-59.625,-59.4375,197
"3942",-59.625,-59.3125,219
"3943",-59.625,-59.1875,224
"3944",-59.625,-59.0625,236
"3945",-59.625,-58.9375,280
"3946",-59.625,-58.8125,211
"3947",-59.625,-58.6875,144
"3948",-59.625,-58.5625,103
"3949",-59.625,-58.4375,39
"3950",-59.625,-58.3125,38
"3951",-59.625,-58.1875,34
"3952",-59.625,-58.0625,37
"3953",-59.625,-57.9375,10
"3954",-59.625,-57.8125,11
"3955",-59.625,-57.6875,3
"3956",-59.625,-57.5625,2
"3957",-59.625,-57.4375,4
"3958",-59.625,-57.1875,1
"3959",-59.625,-56.8125,3
"3960",-59.625,-56.5625,1
"3961",-59.625,-56.3125,1
"3962",-59.625,-56.1875,1
"3963",-59.625,-55.4375,2
"3964",-59.375,-63.3125,5
"3965",-59.375,-63.1875,12
"3966",-59.375,-63.0625,8
"3967",-59.375,-62.9375,27
"3968",-59.375,-62.8125,74
"3969",-59.375,-62.6875,166
"3970",-59.375,-62.5625,195
"3971",-59.375,-62.4375,166
"3972",-59.375,-62.3125,52
"3973",-59.375,-62.1875,52
"3974",-59.375,-62.0625,86
"3975",-59.375,-61.9375,64
"3976",-59.375,-61.8125,200
"3977",-59.375,-61.6875,435
"3978",-59.375,-61.5625,496
"3979",-59.375,-61.4375,432
"3980",-59.375,-61.3125,394
"3981",-59.375,-61.1875,231
"3982",-59.375,-61.0625,216
"3983",-59.375,-60.9375,166
"3984",-59.375,-60.8125,133
"3985",-59.375,-60.6875,96
"3986",-59.375,-60.5625,94
"3987",-59.375,-60.4375,89
"3988",-59.375,-60.3125,144
"3989",-59.375,-60.1875,123
"3990",-59.375,-60.0625,64
"3991",-59.375,-59.9375,87
"3992",-59.375,-59.8125,129
"3993",-59.375,-59.6875,210
"3994",-59.375,-59.5625,223
"3995",-59.375,-59.4375,235
"3996",-59.375,-59.3125,238
"3997",-59.375,-59.1875,269
"3998",-59.375,-59.0625,304
"3999",-59.375,-58.9375,256
"4000",-59.375,-58.8125,278
"4001",-59.375,-58.6875,262
"4002",-59.375,-58.5625,160
"4003",-59.375,-58.4375,90
"4004",-59.375,-58.3125,62
"4005",-59.375,-58.1875,37
"4006",-59.375,-58.0625,25
"4007",-59.375,-57.9375,15
"4008",-59.375,-57.8125,9
"4009",-59.375,-57.6875,10
"4010",-59.375,-57.5625,7
"4011",-59.375,-57.4375,1
"4012",-59.375,-57.3125,2
"4013",-59.375,-57.1875,4
"4014",-59.375,-56.8125,3
"4015",-59.375,-56.6875,1
"4016",-59.375,-56.5625,1
"4017",-59.375,-56.3125,1
"4018",-59.125,-63.1875,4
"4019",-59.125,-63.0625,9
"4020",-59.125,-62.9375,26
"4021",-59.125,-62.8125,74
"4022",-59.125,-62.6875,156
"4023",-59.125,-62.5625,144
"4024",-59.125,-62.4375,198
"4025",-59.125,-62.3125,60
"4026",-59.125,-62.1875,46
"4027",-59.125,-62.0625,41
"4028",-59.125,-61.9375,55
"4029",-59.125,-61.8125,124
"4030",-59.125,-61.6875,296
"4031",-59.125,-61.5625,501
"4032",-59.125,-61.4375,393
"4033",-59.125,-61.3125,289
"4034",-59.125,-61.1875,333
"4035",-59.125,-61.0625,305
"4036",-59.125,-60.9375,179
"4037",-59.125,-60.8125,149
"4038",-59.125,-60.6875,113
"4039",-59.125,-60.5625,83
"4040",-59.125,-60.4375,105
"4041",-59.125,-60.3125,97
"4042",-59.125,-60.1875,54
"4043",-59.125,-60.0625,74
"4044",-59.125,-59.9375,90
"4045",-59.125,-59.8125,150
"4046",-59.125,-59.6875,223
"4047",-59.125,-59.5625,209
"4048",-59.125,-59.4375,332
"4049",-59.125,-59.3125,337
"4050",-59.125,-59.1875,372
"4051",-59.125,-59.0625,323
"4052",-59.125,-58.9375,354
"4053",-59.125,-58.8125,298
"4054",-59.125,-58.6875,293
"4055",-59.125,-58.5625,224
"4056",-59.125,-58.4375,136
"4057",-59.125,-58.3125,98
"4058",-59.125,-58.1875,42
"4059",-59.125,-58.0625,37
"4060",-59.125,-57.9375,22
"4061",-59.125,-57.8125,13
"4062",-59.125,-57.6875,12
"4063",-59.125,-57.5625,3
"4064",-59.125,-57.4375,4
"4065",-59.125,-57.1875,1
"4066",-59.125,-57.0625,4
"4067",-59.125,-56.9375,1
"4068",-59.125,-56.8125,5
"4069",-59.125,-56.6875,1
"4070",-59.125,-56.3125,1
"4071",-59.125,-56.1875,1
"4072",-59.125,-56.0625,1
"4073",-59.125,-55.8125,2
"4074",-59.125,-55.4375,1
"4075",-58.875,-62.9375,19
"4076",-58.875,-62.8125,74
"4077",-58.875,-62.6875,101
"4078",-58.875,-62.5625,128
"4079",-58.875,-62.4375,193
"4080",-58.875,-62.3125,56
"4081",-58.875,-62.1875,73
"4082",-58.875,-62.0625,22
"4083",-58.875,-61.9375,24
"4084",-58.875,-61.8125,83
"4085",-58.875,-61.6875,199
"4086",-58.875,-61.5625,441
"4087",-58.875,-61.4375,411
"4088",-58.875,-61.3125,349
"4089",-58.875,-61.1875,347
"4090",-58.875,-61.0625,350
"4091",-58.875,-60.9375,278
"4092",-58.875,-60.8125,151
"4093",-58.875,-60.6875,137
"4094",-58.875,-60.5625,104
"4095",-58.875,-60.4375,105
"4096",-58.875,-60.3125,81
"4097",-58.875,-60.1875,77
"4098",-58.875,-60.0625,83
"4099",-58.875,-59.9375,111
"4100",-58.875,-59.8125,234
"4101",-58.875,-59.6875,254
"4102",-58.875,-59.5625,245
"4103",-58.875,-59.4375,286
"4104",-58.875,-59.3125,351
"4105",-58.875,-59.1875,369
"4106",-58.875,-59.0625,392
"4107",-58.875,-58.9375,352
"4108",-58.875,-58.8125,377
"4109",-58.875,-58.6875,257
"4110",-58.875,-58.5625,291
"4111",-58.875,-58.4375,197
"4112",-58.875,-58.3125,120
"4113",-58.875,-58.1875,67
"4114",-58.875,-58.0625,32
"4115",-58.875,-57.9375,35
"4116",-58.875,-57.8125,20
"4117",-58.875,-57.6875,14
"4118",-58.875,-57.5625,6
"4119",-58.875,-57.4375,4
"4120",-58.875,-57.3125,2
"4121",-58.875,-57.0625,4
"4122",-58.875,-56.8125,6
"4123",-58.875,-56.6875,1
"4124",-58.875,-56.5625,1
"4125",-58.875,-56.4375,1
"4126",-58.875,-55.5625,1
"4127",-58.625,-62.8125,43
"4128",-58.625,-62.6875,109
"4129",-58.625,-62.5625,148
"4130",-58.625,-62.4375,186
"4131",-58.625,-62.3125,110
"4132",-58.625,-62.1875,55
"4133",-58.625,-61.9375,9
"4134",-58.625,-61.8125,53
"4135",-58.625,-61.6875,130
"4136",-58.625,-61.5625,306
"4137",-58.625,-61.4375,421
"4138",-58.625,-61.3125,401
"4139",-58.625,-61.1875,385
"4140",-58.625,-61.0625,452
"4141",-58.625,-60.9375,338
"4142",-58.625,-60.8125,180
"4143",-58.625,-60.6875,149
"4144",-58.625,-60.5625,108
"4145",-58.625,-60.4375,117
"4146",-58.625,-60.3125,87
"4147",-58.625,-60.1875,76
"4148",-58.625,-60.0625,85
"4149",-58.625,-59.9375,152
"4150",-58.625,-59.8125,254
"4151",-58.625,-59.6875,284
"4152",-58.625,-59.5625,263
"4153",-58.625,-59.4375,246
"4154",-58.625,-59.3125,298
"4155",-58.625,-59.1875,320
"4156",-58.625,-59.0625,360
"4157",-58.625,-58.9375,361
"4158",-58.625,-58.8125,330
"4159",-58.625,-58.6875,323
"4160",-58.625,-58.5625,297
"4161",-58.625,-58.4375,246
"4162",-58.625,-58.3125,154
"4163",-58.625,-58.1875,92
"4164",-58.625,-58.0625,53
"4165",-58.625,-57.9375,32
"4166",-58.625,-57.8125,21
"4167",-58.625,-57.6875,33
"4168",-58.625,-57.5625,16
"4169",-58.625,-57.4375,4
"4170",-58.625,-57.3125,4
"4171",-58.625,-57.1875,9
"4172",-58.625,-57.0625,3
"4173",-58.625,-56.9375,1
"4174",-58.625,-56.8125,4
"4175",-58.625,-56.6875,1
"4176",-58.625,-56.4375,2
"4177",-58.625,-56.1875,1
"4178",-58.625,-56.0625,1
"4179",-58.625,-55.6875,1
"4180",-58.625,-55.4375,1
"4181",-58.375,-62.8125,2
"4182",-58.375,-62.6875,59
"4183",-58.375,-62.5625,67
"4184",-58.375,-62.4375,119
"4185",-58.375,-62.3125,135
"4186",-58.375,-62.1875,146
"4187",-58.375,-61.9375,26
"4188",-58.375,-61.8125,46
"4189",-58.375,-61.6875,122
"4190",-58.375,-61.5625,208
"4191",-58.375,-61.4375,463
"4192",-58.375,-61.3125,395
"4193",-58.375,-61.1875,399
"4194",-58.375,-61.0625,466
"4195",-58.375,-60.9375,368
"4196",-58.375,-60.8125,226
"4197",-58.375,-60.6875,147
"4198",-58.375,-60.5625,115
"4199",-58.375,-60.4375,116
"4200",-58.375,-60.3125,111
"4201",-58.375,-60.1875,110
"4202",-58.375,-60.0625,128
"4203",-58.375,-59.9375,183
"4204",-58.375,-59.8125,237
"4205",-58.375,-59.6875,254
"4206",-58.375,-59.5625,278
"4207",-58.375,-59.4375,269
"4208",-58.375,-59.3125,311
"4209",-58.375,-59.1875,348
"4210",-58.375,-59.0625,403
"4211",-58.375,-58.9375,425
"4212",-58.375,-58.8125,445
"4213",-58.375,-58.6875,430
"4214",-58.375,-58.5625,338
"4215",-58.375,-58.4375,246
"4216",-58.375,-58.3125,193
"4217",-58.375,-58.1875,118
"4218",-58.375,-58.0625,83
"4219",-58.375,-57.9375,41
"4220",-58.375,-57.8125,39
"4221",-58.375,-57.6875,27
"4222",-58.375,-57.5625,36
"4223",-58.375,-57.4375,16
"4224",-58.375,-57.3125,6
"4225",-58.375,-57.1875,11
"4226",-58.375,-57.0625,4
"4227",-58.375,-56.9375,6
"4228",-58.375,-56.8125,5
"4229",-58.375,-56.6875,1
"4230",-58.375,-56.5625,1
"4231",-58.375,-56.4375,1
"4232",-58.375,-56.3125,2
"4233",-58.375,-55.8125,1
"4234",-58.125,-62.6875,6
"4235",-58.125,-62.5625,31
"4236",-58.125,-62.4375,59
"4237",-58.125,-62.3125,100
"4238",-58.125,-62.1875,139
"4239",-58.125,-62.0625,10
"4240",-58.125,-61.9375,14
"4241",-58.125,-61.8125,38
"4242",-58.125,-61.6875,69
"4243",-58.125,-61.5625,178
"4244",-58.125,-61.4375,434
"4245",-58.125,-61.3125,417
"4246",-58.125,-61.1875,419
"4247",-58.125,-61.0625,502
"4248",-58.125,-60.9375,356
"4249",-58.125,-60.8125,208
"4250",-58.125,-60.6875,166
"4251",-58.125,-60.5625,103
"4252",-58.125,-60.4375,150
"4253",-58.125,-60.3125,112
"4254",-58.125,-60.1875,126
"4255",-58.125,-60.0625,171
"4256",-58.125,-59.9375,153
"4257",-58.125,-59.8125,242
"4258",-58.125,-59.6875,293
"4259",-58.125,-59.5625,267
"4260",-58.125,-59.4375,260
"4261",-58.125,-59.3125,328
"4262",-58.125,-59.1875,308
"4263",-58.125,-59.0625,387
"4264",-58.125,-58.9375,438
"4265",-58.125,-58.8125,455
"4266",-58.125,-58.6875,378
"4267",-58.125,-58.5625,318
"4268",-58.125,-58.4375,287
"4269",-58.125,-58.3125,216
"4270",-58.125,-58.1875,189
"4271",-58.125,-58.0625,120
"4272",-58.125,-57.9375,77
"4273",-58.125,-57.8125,44
"4274",-58.125,-57.6875,42
"4275",-58.125,-57.5625,30
"4276",-58.125,-57.4375,29
"4277",-58.125,-57.3125,26
"4278",-58.125,-57.1875,20
"4279",-58.125,-57.0625,12
"4280",-58.125,-56.9375,4
"4281",-58.125,-56.8125,3
"4282",-58.125,-56.6875,2
"4283",-58.125,-56.5625,1
"4284",-58.125,-56.4375,3
"4285",-58.125,-56.1875,4
"4286",-58.125,-56.0625,2
"4287",-58.125,-55.9375,1
"4288",-58.125,-55.8125,2
"4289",-58.125,-55.5625,1
"4290",-57.875,-62.5625,9
"4291",-57.875,-62.4375,27
"4292",-57.875,-62.3125,55
"4293",-57.875,-62.1875,80
"4294",-57.875,-62.0625,229
"4295",-57.875,-61.9375,89
"4296",-57.875,-61.8125,95
"4297",-57.875,-61.6875,100
"4298",-57.875,-61.5625,167
"4299",-57.875,-61.4375,361
"4300",-57.875,-61.3125,396
"4301",-57.875,-61.1875,409
"4302",-57.875,-61.0625,375
"4303",-57.875,-60.9375,282
"4304",-57.875,-60.8125,161
"4305",-57.875,-60.6875,185
"4306",-57.875,-60.5625,120
"4307",-57.875,-60.4375,144
"4308",-57.875,-60.3125,121
"4309",-57.875,-60.1875,117
"4310",-57.875,-60.0625,137
"4311",-57.875,-59.9375,180
"4312",-57.875,-59.8125,291
"4313",-57.875,-59.6875,247
"4314",-57.875,-59.5625,278
"4315",-57.875,-59.4375,338
"4316",-57.875,-59.3125,324
"4317",-57.875,-59.1875,356
"4318",-57.875,-59.0625,340
"4319",-57.875,-58.9375,447
"4320",-57.875,-58.8125,417
"4321",-57.875,-58.6875,318
"4322",-57.875,-58.5625,259
"4323",-57.875,-58.4375,249
"4324",-57.875,-58.3125,246
"4325",-57.875,-58.1875,209
"4326",-57.875,-58.0625,160
"4327",-57.875,-57.9375,98
"4328",-57.875,-57.8125,51
"4329",-57.875,-57.6875,58
"4330",-57.875,-57.5625,32
"4331",-57.875,-57.4375,37
"4332",-57.875,-57.3125,42
"4333",-57.875,-57.1875,22
"4334",-57.875,-57.0625,17
"4335",-57.875,-56.9375,8
"4336",-57.875,-56.8125,2
"4337",-57.875,-56.3125,2
"4338",-57.875,-56.1875,4
"4339",-57.875,-56.0625,3
"4340",-57.875,-55.8125,1
"4341",-57.625,-62.5625,6
"4342",-57.625,-62.4375,12
"4343",-57.625,-62.3125,27
"4344",-57.625,-62.1875,53
"4345",-57.625,-62.0625,97
"4346",-57.625,-61.9375,120
"4347",-57.625,-61.8125,72
"4348",-57.625,-61.6875,54
"4349",-57.625,-61.5625,130
"4350",-57.625,-61.4375,318
"4351",-57.625,-61.3125,420
"4352",-57.625,-61.1875,416
"4353",-57.625,-61.0625,384
"4354",-57.625,-60.9375,226
"4355",-57.625,-60.8125,171
"4356",-57.625,-60.6875,166
"4357",-57.625,-60.5625,154
"4358",-57.625,-60.4375,139
"4359",-57.625,-60.3125,169
"4360",-57.625,-60.1875,150
"4361",-57.625,-60.0625,231
"4362",-57.625,-59.9375,269
"4363",-57.625,-59.8125,315
"4364",-57.625,-59.6875,215
"4365",-57.625,-59.5625,286
"4366",-57.625,-59.4375,295
"4367",-57.625,-59.3125,345
"4368",-57.625,-59.1875,371
"4369",-57.625,-59.0625,367
"4370",-57.625,-58.9375,444
"4371",-57.625,-58.8125,412
"4372",-57.625,-58.6875,359
"4373",-57.625,-58.5625,240
"4374",-57.625,-58.4375,195
"4375",-57.625,-58.3125,232
"4376",-57.625,-58.1875,236
"4377",-57.625,-58.0625,197
"4378",-57.625,-57.9375,147
"4379",-57.625,-57.8125,73
"4380",-57.625,-57.6875,54
"4381",-57.625,-57.5625,34
"4382",-57.625,-57.4375,44
"4383",-57.625,-57.3125,49
"4384",-57.625,-57.1875,40
"4385",-57.625,-57.0625,14
"4386",-57.625,-56.9375,4
"4387",-57.625,-56.8125,4
"4388",-57.625,-56.6875,2
"4389",-57.625,-56.5625,1
"4390",-57.625,-56.4375,2
"4391",-57.625,-56.3125,1
"4392",-57.625,-56.0625,3
"4393",-57.625,-55.6875,2
"4394",-57.375,-62.5625,1
"4395",-57.375,-62.4375,11
"4396",-57.375,-62.3125,18
"4397",-57.375,-62.1875,26
"4398",-57.375,-62.0625,75
"4399",-57.375,-61.9375,71
"4400",-57.375,-61.8125,41
"4401",-57.375,-61.6875,14
"4402",-57.375,-61.5625,78
"4403",-57.375,-61.4375,277
"4404",-57.375,-61.3125,419
"4405",-57.375,-61.1875,423
"4406",-57.375,-61.0625,346
"4407",-57.375,-60.9375,229
"4408",-57.375,-60.8125,192
"4409",-57.375,-60.6875,180
"4410",-57.375,-60.5625,213
"4411",-57.375,-60.4375,205
"4412",-57.375,-60.3125,182
"4413",-57.375,-60.1875,167
"4414",-57.375,-60.0625,250
"4415",-57.375,-59.9375,286
"4416",-57.375,-59.8125,289
"4417",-57.375,-59.6875,280
"4418",-57.375,-59.5625,259
"4419",-57.375,-59.4375,324
"4420",-57.375,-59.3125,323
"4421",-57.375,-59.1875,382
"4422",-57.375,-59.0625,423
"4423",-57.375,-58.9375,406
"4424",-57.375,-58.8125,318
"4425",-57.375,-58.6875,298
"4426",-57.375,-58.5625,261
"4427",-57.375,-58.4375,247
"4428",-57.375,-58.3125,190
"4429",-57.375,-58.1875,208
"4430",-57.375,-58.0625,184
"4431",-57.375,-57.9375,145
"4432",-57.375,-57.8125,106
"4433",-57.375,-57.6875,44
"4434",-57.375,-57.5625,62
"4435",-57.375,-57.4375,54
"4436",-57.375,-57.3125,58
"4437",-57.375,-57.1875,57
"4438",-57.375,-57.0625,28
"4439",-57.375,-56.9375,8
"4440",-57.375,-56.8125,7
"4441",-57.375,-56.3125,4
"4442",-57.375,-56.1875,2
"4443",-57.375,-56.0625,2
"4444",-57.375,-55.9375,2
"4445",-57.375,-55.8125,1
"4446",-57.375,-55.5625,1
"4447",-57.125,-62.4375,2
"4448",-57.125,-62.3125,3
"4449",-57.125,-62.1875,13
"4450",-57.125,-62.0625,47
"4451",-57.125,-61.9375,63
"4452",-57.125,-61.8125,64
"4453",-57.125,-61.6875,10
"4454",-57.125,-61.5625,53
"4455",-57.125,-61.4375,202
"4456",-57.125,-61.3125,376
"4457",-57.125,-61.1875,419
"4458",-57.125,-61.0625,451
"4459",-57.125,-60.9375,246
"4460",-57.125,-60.8125,302
"4461",-57.125,-60.6875,224
"4462",-57.125,-60.5625,206
"4463",-57.125,-60.4375,200
"4464",-57.125,-60.3125,227
"4465",-57.125,-60.1875,208
"4466",-57.125,-60.0625,199
"4467",-57.125,-59.9375,249
"4468",-57.125,-59.8125,225
"4469",-57.125,-59.6875,282
"4470",-57.125,-59.5625,296
"4471",-57.125,-59.4375,358
"4472",-57.125,-59.3125,354
"4473",-57.125,-59.1875,430
"4474",-57.125,-59.0625,406
"4475",-57.125,-58.9375,350
"4476",-57.125,-58.8125,282
"4477",-57.125,-58.6875,253
"4478",-57.125,-58.5625,259
"4479",-57.125,-58.4375,219
"4480",-57.125,-58.3125,186
"4481",-57.125,-58.1875,189
"4482",-57.125,-58.0625,180
"4483",-57.125,-57.9375,183
"4484",-57.125,-57.8125,110
"4485",-57.125,-57.6875,93
"4486",-57.125,-57.5625,72
"4487",-57.125,-57.4375,80
"4488",-57.125,-57.3125,47
"4489",-57.125,-57.1875,51
"4490",-57.125,-57.0625,21
"4491",-57.125,-56.9375,13
"4492",-57.125,-56.8125,3
"4493",-57.125,-56.6875,2
"4494",-57.125,-56.5625,3
"4495",-57.125,-56.4375,7
"4496",-57.125,-56.3125,4
"4497",-57.125,-56.1875,2
"4498",-57.125,-56.0625,3
"4499",-57.125,-55.9375,6
"4500",-57.125,-55.8125,1
"4501",-56.875,-62.3125,2
"4502",-56.875,-62.1875,10
"4503",-56.875,-62.0625,35
"4504",-56.875,-61.9375,56
"4505",-56.875,-61.8125,48
"4506",-56.875,-61.6875,37
"4507",-56.875,-61.5625,40
"4508",-56.875,-61.4375,107
"4509",-56.875,-61.3125,293
"4510",-56.875,-61.1875,399
"4511",-56.875,-61.0625,430
"4512",-56.875,-60.9375,313
"4513",-56.875,-60.8125,254
"4514",-56.875,-60.6875,318
"4515",-56.875,-60.5625,245
"4516",-56.875,-60.4375,195
"4517",-56.875,-60.3125,236
"4518",-56.875,-60.1875,257
"4519",-56.875,-60.0625,226
"4520",-56.875,-59.9375,231
"4521",-56.875,-59.8125,240
"4522",-56.875,-59.6875,276
"4523",-56.875,-59.5625,382
"4524",-56.875,-59.4375,385
"4525",-56.875,-59.3125,380
"4526",-56.875,-59.1875,406
"4527",-56.875,-59.0625,401
"4528",-56.875,-58.9375,382
"4529",-56.875,-58.8125,260
"4530",-56.875,-58.6875,264
"4531",-56.875,-58.5625,209
"4532",-56.875,-58.4375,224
"4533",-56.875,-58.3125,208
"4534",-56.875,-58.1875,194
"4535",-56.875,-58.0625,159
"4536",-56.875,-57.9375,148
"4537",-56.875,-57.8125,115
"4538",-56.875,-57.6875,106
"4539",-56.875,-57.5625,101
"4540",-56.875,-57.4375,91
"4541",-56.875,-57.3125,89
"4542",-56.875,-57.1875,45
"4543",-56.875,-57.0625,40
"4544",-56.875,-56.9375,22
"4545",-56.875,-56.8125,4
"4546",-56.875,-56.6875,5
"4547",-56.875,-56.5625,3
"4548",-56.875,-56.4375,5
"4549",-56.875,-56.3125,1
"4550",-56.875,-56.1875,1
"4551",-56.875,-56.0625,2
"4552",-56.875,-55.9375,3
"4553",-56.875,-55.8125,3
"4554",-56.875,-55.6875,4
"4555",-56.875,-55.5625,1
"4556",-56.625,-62.1875,5
"4557",-56.625,-62.0625,25
"4558",-56.625,-61.9375,47
"4559",-56.625,-61.8125,50
"4560",-56.625,-61.6875,36
"4561",-56.625,-61.5625,30
"4562",-56.625,-61.4375,75
"4563",-56.625,-61.3125,182
"4564",-56.625,-61.1875,341
"4565",-56.625,-61.0625,404
"4566",-56.625,-60.9375,481
"4567",-56.625,-60.8125,340
"4568",-56.625,-60.6875,321
"4569",-56.625,-60.5625,281
"4570",-56.625,-60.4375,382
"4571",-56.625,-60.3125,330
"4572",-56.625,-60.1875,210
"4573",-56.625,-60.0625,187
"4574",-56.625,-59.9375,217
"4575",-56.625,-59.8125,229
"4576",-56.625,-59.6875,317
"4577",-56.625,-59.5625,353
"4578",-56.625,-59.4375,422
"4579",-56.625,-59.3125,438
"4580",-56.625,-59.1875,421
"4581",-56.625,-59.0625,404
"4582",-56.625,-58.9375,424
"4583",-56.625,-58.8125,301
"4584",-56.625,-58.6875,239
"4585",-56.625,-58.5625,207
"4586",-56.625,-58.4375,196
"4587",-56.625,-58.3125,191
"4588",-56.625,-58.1875,147
"4589",-56.625,-58.0625,118
"4590",-56.625,-57.9375,110
"4591",-56.625,-57.8125,118
"4592",-56.625,-57.6875,98
"4593",-56.625,-57.5625,97
"4594",-56.625,-57.4375,80
"4595",-56.625,-57.3125,87
"4596",-56.625,-57.1875,64
"4597",-56.625,-57.0625,35
"4598",-56.625,-56.9375,30
"4599",-56.625,-56.8125,17
"4600",-56.625,-56.6875,10
"4601",-56.625,-56.5625,8
"4602",-56.625,-56.4375,5
"4603",-56.625,-56.3125,9
"4604",-56.625,-56.1875,5
"4605",-56.625,-56.0625,10
"4606",-56.625,-55.9375,5
"4607",-56.625,-55.8125,8
"4608",-56.625,-55.6875,4
"4609",-56.625,-55.5625,3
"4610",-56.625,-55.4375,1
"4611",-56.375,-62.1875,3
"4612",-56.375,-62.0625,2
"4613",-56.375,-61.9375,27
"4614",-56.375,-61.8125,42
"4615",-56.375,-61.6875,55
"4616",-56.375,-61.5625,43
"4617",-56.375,-61.4375,88
"4618",-56.375,-61.3125,121
"4619",-56.375,-61.1875,182
"4620",-56.375,-61.0625,306
"4621",-56.375,-60.9375,342
"4622",-56.375,-60.8125,472
"4623",-56.375,-60.6875,427
"4624",-56.375,-60.5625,415
"4625",-56.375,-60.4375,356
"4626",-56.375,-60.3125,335
"4627",-56.375,-60.1875,229
"4628",-56.375,-60.0625,212
"4629",-56.375,-59.9375,226
"4630",-56.375,-59.8125,317
"4631",-56.375,-59.6875,323
"4632",-56.375,-59.5625,427
"4633",-56.375,-59.4375,498
"4634",-56.375,-59.3125,434
"4635",-56.375,-59.1875,389
"4636",-56.375,-59.0625,427
"4637",-56.375,-58.9375,419
"4638",-56.375,-58.8125,353
"4639",-56.375,-58.6875,236
"4640",-56.375,-58.5625,195
"4641",-56.375,-58.4375,143
"4642",-56.375,-58.3125,140
"4643",-56.375,-58.1875,94
"4644",-56.375,-58.0625,91
"4645",-56.375,-57.9375,104
"4646",-56.375,-57.8125,114
"4647",-56.375,-57.6875,129
"4648",-56.375,-57.5625,137
"4649",-56.375,-57.4375,95
"4650",-56.375,-57.3125,70
"4651",-56.375,-57.1875,55
"4652",-56.375,-57.0625,40
"4653",-56.375,-56.9375,31
"4654",-56.375,-56.8125,15
"4655",-56.375,-56.6875,10
"4656",-56.375,-56.5625,4
"4657",-56.375,-56.4375,5
"4658",-56.375,-56.3125,4
"4659",-56.375,-56.1875,9
"4660",-56.375,-56.0625,8
"4661",-56.375,-55.9375,6
"4662",-56.375,-55.8125,3
"4663",-56.375,-55.6875,4
"4664",-56.375,-55.5625,6
"4665",-56.375,-55.4375,3
"4666",-56.375,-55.3125,6
"4667",-56.375,-55.1875,3
"4668",-56.125,-62.1875,3
"4669",-56.125,-62.0625,1
"4670",-56.125,-61.9375,1
"4671",-56.125,-61.8125,48
"4672",-56.125,-61.6875,71
"4673",-56.125,-61.5625,60
"4674",-56.125,-61.4375,76
"4675",-56.125,-61.3125,64
"4676",-56.125,-61.1875,100
"4677",-56.125,-61.0625,179
"4678",-56.125,-60.9375,256
"4679",-56.125,-60.8125,286
"4680",-56.125,-60.6875,341
"4681",-56.125,-60.5625,408
"4682",-56.125,-60.4375,536
"4683",-56.125,-60.3125,407
"4684",-56.125,-60.1875,292
"4685",-56.125,-60.0625,266
"4686",-56.125,-59.9375,270
"4687",-56.125,-59.8125,335
"4688",-56.125,-59.6875,411
"4689",-56.125,-59.5625,456
"4690",-56.125,-59.4375,470
"4691",-56.125,-59.3125,396
"4692",-56.125,-59.1875,398
"4693",-56.125,-59.0625,423
"4694",-56.125,-58.9375,455
"4695",-56.125,-58.8125,346
"4696",-56.125,-58.6875,207
"4697",-56.125,-58.5625,194
"4698",-56.125,-58.4375,138
"4699",-56.125,-58.3125,89
"4700",-56.125,-58.1875,78
"4701",-56.125,-58.0625,53
"4702",-56.125,-57.9375,73
"4703",-56.125,-57.8125,117
"4704",-56.125,-57.6875,148
"4705",-56.125,-57.5625,149
"4706",-56.125,-57.4375,138
"4707",-56.125,-57.3125,86
"4708",-56.125,-57.1875,57
"4709",-56.125,-57.0625,40
"4710",-56.125,-56.9375,32
"4711",-56.125,-56.8125,27
"4712",-56.125,-56.6875,15
"4713",-56.125,-56.5625,7
"4714",-56.125,-56.4375,7
"4715",-56.125,-56.3125,9
"4716",-56.125,-56.1875,13
"4717",-56.125,-56.0625,10
"4718",-56.125,-55.9375,3
"4719",-56.125,-55.8125,14
"4720",-56.125,-55.6875,5
"4721",-56.125,-55.5625,6
"4722",-56.125,-55.4375,4
"4723",-56.125,-55.3125,1
"4724",-55.875,-62.1875,1
"4725",-55.875,-62.0625,3
"4726",-55.875,-61.8125,24
"4727",-55.875,-61.6875,65
"4728",-55.875,-61.5625,58
"4729",-55.875,-61.4375,66
"4730",-55.875,-61.3125,50
"4731",-55.875,-61.1875,70
"4732",-55.875,-61.0625,59
"4733",-55.875,-60.9375,101
"4734",-55.875,-60.8125,206
"4735",-55.875,-60.6875,204
"4736",-55.875,-60.5625,289
"4737",-55.875,-60.4375,450
"4738",-55.875,-60.3125,478
"4739",-55.875,-60.1875,333
"4740",-55.875,-60.0625,313
"4741",-55.875,-59.9375,386
"4742",-55.875,-59.8125,404
"4743",-55.875,-59.6875,438
"4744",-55.875,-59.5625,436
"4745",-55.875,-59.4375,458
"4746",-55.875,-59.3125,366
"4747",-55.875,-59.1875,411
"4748",-55.875,-59.0625,446
"4749",-55.875,-58.9375,480
"4750",-55.875,-58.8125,300
"4751",-55.875,-58.6875,224
"4752",-55.875,-58.5625,187
"4753",-55.875,-58.4375,127
"4754",-55.875,-58.3125,108
"4755",-55.875,-58.1875,67
"4756",-55.875,-58.0625,72
"4757",-55.875,-57.9375,73
"4758",-55.875,-57.8125,87
"4759",-55.875,-57.6875,163
"4760",-55.875,-57.5625,134
"4761",-55.875,-57.4375,135
"4762",-55.875,-57.3125,104
"4763",-55.875,-57.1875,62
"4764",-55.875,-57.0625,67
"4765",-55.875,-56.9375,24
"4766",-55.875,-56.8125,26
"4767",-55.875,-56.6875,16
"4768",-55.875,-56.5625,10
"4769",-55.875,-56.4375,7
"4770",-55.875,-56.3125,11
"4771",-55.875,-56.1875,8
"4772",-55.875,-56.0625,9
"4773",-55.875,-55.9375,4
"4774",-55.875,-55.8125,14
"4775",-55.875,-55.6875,7
"4776",-55.875,-55.5625,8
"4777",-55.875,-55.4375,5
"4778",-55.875,-55.3125,5
"4779",-55.875,-55.1875,4
"4780",-55.625,-62.0625,17
"4781",-55.625,-61.9375,12
"4782",-55.625,-61.8125,42
"4783",-55.625,-61.6875,39
"4784",-55.625,-61.5625,113
"4785",-55.625,-61.4375,56
"4786",-55.625,-61.3125,54
"4787",-55.625,-61.1875,17
"4788",-55.625,-61.0625,18
"4789",-55.625,-60.9375,35
"4790",-55.625,-60.8125,72
"4791",-55.625,-60.6875,185
"4792",-55.625,-60.5625,267
"4793",-55.625,-60.4375,363
"4794",-55.625,-60.3125,518
"4795",-55.625,-60.1875,425
"4796",-55.625,-60.0625,517
"4797",-55.625,-59.9375,496
"4798",-55.625,-59.8125,486
"4799",-55.625,-59.6875,439
"4800",-55.625,-59.5625,463
"4801",-55.625,-59.4375,388
"4802",-55.625,-59.3125,410
"4803",-55.625,-59.1875,400
"4804",-55.625,-59.0625,433
"4805",-55.625,-58.9375,408
"4806",-55.625,-58.8125,306
"4807",-55.625,-58.6875,246
"4808",-55.625,-58.5625,181
"4809",-55.625,-58.4375,169
"4810",-55.625,-58.3125,83
"4811",-55.625,-58.1875,60
"4812",-55.625,-58.0625,52
"4813",-55.625,-57.9375,54
"4814",-55.625,-57.8125,61
"4815",-55.625,-57.6875,97
"4816",-55.625,-57.5625,108
"4817",-55.625,-57.4375,110
"4818",-55.625,-57.3125,99
"4819",-55.625,-57.1875,75
"4820",-55.625,-57.0625,53
"4821",-55.625,-56.9375,40
"4822",-55.625,-56.8125,37
"4823",-55.625,-56.6875,31
"4824",-55.625,-56.5625,17
"4825",-55.625,-56.4375,16
"4826",-55.625,-56.3125,21
"4827",-55.625,-56.1875,21
"4828",-55.625,-56.0625,16
"4829",-55.625,-55.9375,21
"4830",-55.625,-55.8125,23
"4831",-55.625,-55.6875,7
"4832",-55.625,-55.5625,13
"4833",-55.625,-55.4375,7
"4834",-55.625,-55.3125,5
"4835",-55.625,-55.1875,8
"4836",-55.375,-62.0625,3
"4837",-55.375,-61.9375,4
"4838",-55.375,-61.6875,12
"4839",-55.375,-61.5625,79
"4840",-55.375,-61.4375,110
"4841",-55.375,-61.3125,71
"4842",-55.375,-61.1875,2
"4843",-55.375,-60.9375,13
"4844",-55.375,-60.8125,89
"4845",-55.375,-60.6875,155
"4846",-55.375,-60.5625,214
"4847",-55.375,-60.4375,396
"4848",-55.375,-60.3125,496
"4849",-55.375,-60.1875,492
"4850",-55.375,-60.0625,505
"4851",-55.375,-59.9375,479
"4852",-55.375,-59.8125,467
"4853",-55.375,-59.6875,417
"4854",-55.375,-59.5625,373
"4855",-55.375,-59.4375,359
"4856",-55.375,-59.3125,415
"4857",-55.375,-59.1875,441
"4858",-55.375,-59.0625,375
"4859",-55.375,-58.9375,360
"4860",-55.375,-58.8125,246
"4861",-55.375,-58.6875,224
"4862",-55.375,-58.5625,192
"4863",-55.375,-58.4375,145
"4864",-55.375,-58.3125,95
"4865",-55.375,-58.1875,68
"4866",-55.375,-58.0625,51
"4867",-55.375,-57.9375,49
"4868",-55.375,-57.8125,47
"4869",-55.375,-57.6875,68
"4870",-55.375,-57.5625,110
"4871",-55.375,-57.4375,88
"4872",-55.375,-57.3125,68
"4873",-55.375,-57.1875,68
"4874",-55.375,-57.0625,52
"4875",-55.375,-56.9375,35
"4876",-55.375,-56.8125,51
"4877",-55.375,-56.6875,30
"4878",-55.375,-56.5625,30
"4879",-55.375,-56.4375,15
"4880",-55.375,-56.3125,13
"4881",-55.375,-56.1875,17
"4882",-55.375,-56.0625,10
"4883",-55.375,-55.9375,12
"4884",-55.375,-55.8125,8
"4885",-55.375,-55.6875,17
"4886",-55.375,-55.5625,17
"4887",-55.375,-55.4375,18
"4888",-55.375,-55.3125,14
"4889",-55.375,-55.1875,10
"4890",-55.375,-55.0625,4
"4891",-55.375,-54.9375,3
"4892",-55.125,-62.0625,1
"4893",-55.125,-61.6875,18
"4894",-55.125,-61.5625,10
"4895",-55.125,-61.4375,54
"4896",-55.125,-61.3125,30
"4897",-55.125,-61.1875,7
"4898",-55.125,-61.0625,3
"4899",-55.125,-60.9375,37
"4900",-55.125,-60.8125,107
"4901",-55.125,-60.6875,163
"4902",-55.125,-60.5625,228
"4903",-55.125,-60.4375,423
"4904",-55.125,-60.3125,477
"4905",-55.125,-60.1875,510
"4906",-55.125,-60.0625,590
"4907",-55.125,-59.9375,516
"4908",-55.125,-59.8125,459
"4909",-55.125,-59.6875,433
"4910",-55.125,-59.5625,354
"4911",-55.125,-59.4375,377
"4912",-55.125,-59.3125,370
"4913",-55.125,-59.1875,443
"4914",-55.125,-59.0625,319
"4915",-55.125,-58.9375,303
"4916",-55.125,-58.8125,265
"4917",-55.125,-58.6875,209
"4918",-55.125,-58.5625,156
"4919",-55.125,-58.4375,102
"4920",-55.125,-58.3125,113
"4921",-55.125,-58.1875,62
"4922",-55.125,-58.0625,44
"4923",-55.125,-57.9375,46
"4924",-55.125,-57.8125,54
"4925",-55.125,-57.6875,59
"4926",-55.125,-57.5625,59
"4927",-55.125,-57.4375,80
"4928",-55.125,-57.3125,75
"4929",-55.125,-57.1875,73
"4930",-55.125,-57.0625,59
"4931",-55.125,-56.9375,37
"4932",-55.125,-56.8125,30
"4933",-55.125,-56.6875,30
"4934",-55.125,-56.5625,35
"4935",-55.125,-56.4375,25
"4936",-55.125,-56.3125,22
"4937",-55.125,-56.1875,16
"4938",-55.125,-56.0625,12
"4939",-55.125,-55.9375,11
"4940",-55.125,-55.8125,7
"4941",-55.125,-55.6875,8
"4942",-55.125,-55.5625,21
"4943",-55.125,-55.4375,23
"4944",-55.125,-55.3125,19
"4945",-55.125,-55.1875,20
"4946",-55.125,-55.0625,9
"4947",-55.125,-54.9375,6
"4948",-55.125,-54.8125,1
"4949",-54.875,-61.8125,2
"4950",-54.875,-61.6875,16
"4951",-54.875,-61.5625,3
"4952",-54.875,-61.4375,20
"4953",-54.875,-61.3125,35
"4954",-54.875,-61.1875,32
"4955",-54.875,-61.0625,10
"4956",-54.875,-60.9375,35
"4957",-54.875,-60.8125,130
"4958",-54.875,-60.6875,229
"4959",-54.875,-60.5625,316
"4960",-54.875,-60.4375,503
"4961",-54.875,-60.3125,470
"4962",-54.875,-60.1875,434
"4963",-54.875,-60.0625,425
"4964",-54.875,-59.9375,475
"4965",-54.875,-59.8125,479
"4966",-54.875,-59.6875,431
"4967",-54.875,-59.5625,365
"4968",-54.875,-59.4375,333
"4969",-54.875,-59.3125,370
"4970",-54.875,-59.1875,408
"4971",-54.875,-59.0625,314
"4972",-54.875,-58.9375,279
"4973",-54.875,-58.8125,236
"4974",-54.875,-58.6875,169
"4975",-54.875,-58.5625,129
"4976",-54.875,-58.4375,106
"4977",-54.875,-58.3125,100
"4978",-54.875,-58.1875,45
"4979",-54.875,-58.0625,44
"4980",-54.875,-57.9375,47
"4981",-54.875,-57.8125,73
"4982",-54.875,-57.6875,49
"4983",-54.875,-57.5625,69
"4984",-54.875,-57.4375,43
"4985",-54.875,-57.3125,47
"4986",-54.875,-57.1875,48
"4987",-54.875,-57.0625,60
"4988",-54.875,-56.9375,30
"4989",-54.875,-56.8125,31
"4990",-54.875,-56.6875,28
"4991",-54.875,-56.5625,28
"4992",-54.875,-56.4375,26
"4993",-54.875,-56.3125,13
"4994",-54.875,-56.1875,14
"4995",-54.875,-56.0625,7
"4996",-54.875,-55.9375,7
"4997",-54.875,-55.8125,12
"4998",-54.875,-55.6875,7
"4999",-54.875,-55.5625,20
"5000",-54.875,-55.4375,20
"5001",-54.875,-55.3125,13
"5002",-54.875,-55.1875,17
"5003",-54.875,-55.0625,23
"5004",-54.875,-54.9375,12
"5005",-54.875,-54.8125,4
"5006",-54.875,-54.6875,3
"5007",-54.625,-61.6875,4
"5008",-54.625,-61.5625,7
"5009",-54.625,-61.4375,19
"5010",-54.625,-61.3125,17
"5011",-54.625,-61.1875,26
"5012",-54.625,-61.0625,32
"5013",-54.625,-60.9375,22
"5014",-54.625,-60.8125,110
"5015",-54.625,-60.6875,268
"5016",-54.625,-60.5625,414
"5017",-54.625,-60.4375,505
"5018",-54.625,-60.3125,460
"5019",-54.625,-60.1875,473
"5020",-54.625,-60.0625,562
"5021",-54.625,-59.9375,492
"5022",-54.625,-59.8125,378
"5023",-54.625,-59.6875,361
"5024",-54.625,-59.5625,370
"5025",-54.625,-59.4375,337
"5026",-54.625,-59.3125,359
"5027",-54.625,-59.1875,378
"5028",-54.625,-59.0625,305
"5029",-54.625,-58.9375,297
"5030",-54.625,-58.8125,237
"5031",-54.625,-58.6875,134
"5032",-54.625,-58.5625,120
"5033",-54.625,-58.4375,104
"5034",-54.625,-58.3125,111
"5035",-54.625,-58.1875,61
"5036",-54.625,-58.0625,36
"5037",-54.625,-57.9375,65
"5038",-54.625,-57.8125,74
"5039",-54.625,-57.6875,70
"5040",-54.625,-57.5625,84
"5041",-54.625,-57.4375,60
"5042",-54.625,-57.3125,43
"5043",-54.625,-57.1875,47
"5044",-54.625,-57.0625,36
"5045",-54.625,-56.9375,39
"5046",-54.625,-56.8125,34
"5047",-54.625,-56.6875,26
"5048",-54.625,-56.5625,23
"5049",-54.625,-56.4375,19
"5050",-54.625,-56.3125,16
"5051",-54.625,-56.1875,6
"5052",-54.625,-56.0625,6
"5053",-54.625,-55.9375,5
"5054",-54.625,-55.8125,9
"5055",-54.625,-55.6875,13
"5056",-54.625,-55.5625,7
"5057",-54.625,-55.4375,13
"5058",-54.625,-55.3125,3
"5059",-54.625,-55.1875,9
"5060",-54.625,-55.0625,12
"5061",-54.625,-54.9375,17
"5062",-54.625,-54.8125,12
"5063",-54.625,-54.6875,12
"5064",-54.625,-54.5625,2
"5065",-54.375,-61.5625,2
"5066",-54.375,-61.4375,5
"5067",-54.375,-61.3125,17
"5068",-54.375,-61.1875,16
"5069",-54.375,-61.0625,7
"5070",-54.375,-60.9375,18
"5071",-54.375,-60.8125,66
"5072",-54.375,-60.6875,240
"5073",-54.375,-60.5625,345
"5074",-54.375,-60.4375,406
"5075",-54.375,-60.3125,426
"5076",-54.375,-60.1875,396
"5077",-54.375,-60.0625,346
"5078",-54.375,-59.9375,354
"5079",-54.375,-59.8125,397
"5080",-54.375,-59.6875,362
"5081",-54.375,-59.5625,314
"5082",-54.375,-59.4375,342
"5083",-54.375,-59.3125,305
"5084",-54.375,-59.1875,321
"5085",-54.375,-59.0625,314
"5086",-54.375,-58.9375,328
"5087",-54.375,-58.8125,257
"5088",-54.375,-58.6875,159
"5089",-54.375,-58.5625,118
"5090",-54.375,-58.4375,100
"5091",-54.375,-58.3125,60
"5092",-54.375,-58.1875,71
"5093",-54.375,-58.0625,39
"5094",-54.375,-57.9375,49
"5095",-54.375,-57.8125,76
"5096",-54.375,-57.6875,69
"5097",-54.375,-57.5625,101
"5098",-54.375,-57.4375,70
"5099",-54.375,-57.3125,47
"5100",-54.375,-57.1875,40
"5101",-54.375,-57.0625,40
"5102",-54.375,-56.9375,32
"5103",-54.375,-56.8125,30
"5104",-54.375,-56.6875,32
"5105",-54.375,-56.5625,38
"5106",-54.375,-56.4375,29
"5107",-54.375,-56.3125,13
"5108",-54.375,-56.1875,4
"5109",-54.375,-56.0625,3
"5110",-54.375,-55.9375,9
"5111",-54.375,-55.8125,1
"5112",-54.375,-55.6875,2
"5113",-54.375,-55.5625,6
"5114",-54.375,-55.4375,4
"5115",-54.375,-55.3125,4
"5116",-54.375,-55.1875,3
"5117",-54.375,-55.0625,9
"5118",-54.375,-54.9375,12
"5119",-54.375,-54.8125,20
"5120",-54.375,-54.6875,6
"5121",-54.375,-54.5625,6
"5122",-54.375,-54.4375,1
"5123",-54.125,-61.3125,12
"5124",-54.125,-61.1875,7
"5125",-54.125,-61.0625,21
"5126",-54.125,-60.9375,25
"5127",-54.125,-60.8125,61
"5128",-54.125,-60.6875,159
"5129",-54.125,-60.5625,244
"5130",-54.125,-60.4375,457
"5131",-54.125,-60.3125,391
"5132",-54.125,-60.1875,317
"5133",-54.125,-60.0625,226
"5134",-54.125,-59.9375,269
"5135",-54.125,-59.8125,354
"5136",-54.125,-59.6875,336
"5137",-54.125,-59.5625,340
"5138",-54.125,-59.4375,315
"5139",-54.125,-59.3125,295
"5140",-54.125,-59.1875,282
"5141",-54.125,-59.0625,249
"5142",-54.125,-58.9375,271
"5143",-54.125,-58.8125,265
"5144",-54.125,-58.6875,189
"5145",-54.125,-58.5625,149
"5146",-54.125,-58.4375,110
"5147",-54.125,-58.3125,63
"5148",-54.125,-58.1875,61
"5149",-54.125,-58.0625,48
"5150",-54.125,-57.9375,68
"5151",-54.125,-57.8125,92
"5152",-54.125,-57.6875,89
"5153",-54.125,-57.5625,97
"5154",-54.125,-57.4375,128
"5155",-54.125,-57.3125,75
"5156",-54.125,-57.1875,55
"5157",-54.125,-57.0625,42
"5158",-54.125,-56.9375,39
"5159",-54.125,-56.8125,67
"5160",-54.125,-56.6875,51
"5161",-54.125,-56.5625,33
"5162",-54.125,-56.4375,24
"5163",-54.125,-56.3125,14
"5164",-54.125,-56.1875,9
"5165",-54.125,-56.0625,4
"5166",-54.125,-55.9375,6
"5167",-54.125,-55.8125,1
"5168",-54.125,-55.6875,1
"5169",-54.125,-55.5625,1
"5170",-54.125,-55.4375,6
"5171",-54.125,-55.3125,5
"5172",-54.125,-55.1875,6
"5173",-54.125,-55.0625,5
"5174",-54.125,-54.9375,7
"5175",-54.125,-54.8125,16
"5176",-54.125,-54.6875,8
"5177",-54.125,-54.5625,7
"5178",-54.125,-54.4375,7
"5179",-54.125,-54.3125,2
"5180",-53.875,-60.9375,20
"5181",-53.875,-60.8125,44
"5182",-53.875,-60.6875,92
"5183",-53.875,-60.5625,239
"5184",-53.875,-60.4375,266
"5185",-53.875,-60.3125,290
"5186",-53.875,-60.1875,240
"5187",-53.875,-60.0625,194
"5188",-53.875,-59.9375,225
"5189",-53.875,-59.8125,226
"5190",-53.875,-59.6875,309
"5191",-53.875,-59.5625,338
"5192",-53.875,-59.4375,306
"5193",-53.875,-59.3125,292
"5194",-53.875,-59.1875,289
"5195",-53.875,-59.0625,280
"5196",-53.875,-58.9375,209
"5197",-53.875,-58.8125,243
"5198",-53.875,-58.6875,249
"5199",-53.875,-58.5625,162
"5200",-53.875,-58.4375,89
"5201",-53.875,-58.3125,77
"5202",-53.875,-58.1875,68
"5203",-53.875,-58.0625,72
"5204",-53.875,-57.9375,80
"5205",-53.875,-57.8125,100
"5206",-53.875,-57.6875,86
"5207",-53.875,-57.5625,98
"5208",-53.875,-57.4375,87
"5209",-53.875,-57.3125,97
"5210",-53.875,-57.1875,71
"5211",-53.875,-57.0625,57
"5212",-53.875,-56.9375,56
"5213",-53.875,-56.8125,40
"5214",-53.875,-56.6875,37
"5215",-53.875,-56.5625,41
"5216",-53.875,-56.4375,28
"5217",-53.875,-56.3125,22
"5218",-53.875,-56.1875,9
"5219",-53.875,-56.0625,7
"5220",-53.875,-55.9375,10
"5221",-53.875,-55.8125,10
"5222",-53.875,-55.6875,4
"5223",-53.875,-55.5625,8
"5224",-53.875,-55.4375,13
"5225",-53.875,-55.3125,12
"5226",-53.875,-55.1875,4
"5227",-53.875,-55.0625,5
"5228",-53.875,-54.9375,13
"5229",-53.875,-54.8125,12
"5230",-53.875,-54.6875,12
"5231",-53.875,-54.5625,4
"5232",-53.875,-54.4375,6
"5233",-53.625,-61.3125,1
"5234",-53.625,-61.1875,1
"5235",-53.625,-61.0625,1
"5236",-53.625,-60.9375,10
"5237",-53.625,-60.8125,31
"5238",-53.625,-60.6875,60
"5239",-53.625,-60.5625,126
"5240",-53.625,-60.4375,301
"5241",-53.625,-60.3125,220
"5242",-53.625,-60.1875,221
"5243",-53.625,-60.0625,198
"5244",-53.625,-59.9375,233
"5245",-53.625,-59.8125,210
"5246",-53.625,-59.6875,227
"5247",-53.625,-59.5625,283
"5248",-53.625,-59.4375,324
"5249",-53.625,-59.3125,311
"5250",-53.625,-59.1875,290
"5251",-53.625,-59.0625,273
"5252",-53.625,-58.9375,242
"5253",-53.625,-58.8125,222
"5254",-53.625,-58.6875,250
"5255",-53.625,-58.5625,155
"5256",-53.625,-58.4375,141
"5257",-53.625,-58.3125,90
"5258",-53.625,-58.1875,83
"5259",-53.625,-58.0625,78
"5260",-53.625,-57.9375,112
"5261",-53.625,-57.8125,108
"5262",-53.625,-57.6875,102
"5263",-53.625,-57.5625,87
"5264",-53.625,-57.4375,97
"5265",-53.625,-57.3125,65
"5266",-53.625,-57.1875,70
"5267",-53.625,-57.0625,73
"5268",-53.625,-56.9375,61
"5269",-53.625,-56.8125,37
"5270",-53.625,-56.6875,41
"5271",-53.625,-56.5625,35
"5272",-53.625,-56.4375,30
"5273",-53.625,-56.3125,32
"5274",-53.625,-56.1875,17
"5275",-53.625,-56.0625,21
"5276",-53.625,-55.9375,12
"5277",-53.625,-55.8125,6
"5278",-53.625,-55.6875,8
"5279",-53.625,-55.5625,19
"5280",-53.625,-55.4375,19
"5281",-53.625,-55.3125,9
"5282",-53.625,-55.1875,6
"5283",-53.625,-55.0625,13
"5284",-53.625,-54.9375,11
"5285",-53.625,-54.8125,22
"5286",-53.625,-54.6875,18
"5287",-53.625,-54.5625,11
"5288",-53.625,-54.4375,6
"5289",-53.625,-54.3125,1
"5290",-53.375,-61.3125,3
"5291",-53.375,-60.9375,8
"5292",-53.375,-60.8125,23
"5293",-53.375,-60.6875,31
"5294",-53.375,-60.5625,93
"5295",-53.375,-60.4375,149
"5296",-53.375,-60.3125,214
"5297",-53.375,-60.1875,229
"5298",-53.375,-60.0625,245
"5299",-53.375,-59.9375,188
"5300",-53.375,-59.8125,238
"5301",-53.375,-59.6875,247
"5302",-53.375,-59.5625,296
"5303",-53.375,-59.4375,301
"5304",-53.375,-59.3125,333
"5305",-53.375,-59.1875,271
"5306",-53.375,-59.0625,320
"5307",-53.375,-58.9375,286
"5308",-53.375,-58.8125,204
"5309",-53.375,-58.6875,212
"5310",-53.375,-58.5625,210
"5311",-53.375,-58.4375,197
"5312",-53.375,-58.3125,146
"5313",-53.375,-58.1875,139
"5314",-53.375,-58.0625,128
"5315",-53.375,-57.9375,128
"5316",-53.375,-57.8125,144
"5317",-53.375,-57.6875,141
"5318",-53.375,-57.5625,116
"5319",-53.375,-57.4375,105
"5320",-53.375,-57.3125,69
"5321",-53.375,-57.1875,97
"5322",-53.375,-57.0625,67
"5323",-53.375,-56.9375,59
"5324",-53.375,-56.8125,36
"5325",-53.375,-56.6875,18
"5326",-53.375,-56.5625,13
"5327",-53.375,-56.4375,26
"5328",-53.375,-56.3125,20
"5329",-53.375,-56.1875,14
"5330",-53.375,-56.0625,28
"5331",-53.375,-55.9375,19
"5332",-53.375,-55.8125,12
"5333",-53.375,-55.6875,8
"5334",-53.375,-55.5625,4
"5335",-53.375,-55.4375,23
"5336",-53.375,-55.3125,23
"5337",-53.375,-55.1875,26
"5338",-53.375,-55.0625,29
"5339",-53.375,-54.9375,25
"5340",-53.375,-54.8125,8
"5341",-53.375,-54.6875,9
"5342",-53.375,-54.5625,14
"5343",-53.375,-54.4375,6
"5344",-53.375,-50.8125,1
"5345",-53.375,-50.6875,1
"5346",-53.375,-50.5625,1
"5347",-53.375,-50.4375,1
"5348",-53.375,-50.3125,1
"5349",-53.375,-50.1875,2
"5350",-53.375,-50.0625,3
"5351",-53.125,-61.5625,6
"5352",-53.125,-61.3125,3
"5353",-53.125,-61.0625,2
"5354",-53.125,-60.9375,3
"5355",-53.125,-60.8125,115
"5356",-53.125,-60.6875,47
"5357",-53.125,-60.5625,76
"5358",-53.125,-60.4375,270
"5359",-53.125,-60.3125,261
"5360",-53.125,-60.1875,226
"5361",-53.125,-60.0625,201
"5362",-53.125,-59.9375,173
"5363",-53.125,-59.8125,223
"5364",-53.125,-59.6875,234
"5365",-53.125,-59.5625,306
"5366",-53.125,-59.4375,316
"5367",-53.125,-59.3125,311
"5368",-53.125,-59.1875,312
"5369",-53.125,-59.0625,362
"5370",-53.125,-58.9375,317
"5371",-53.125,-58.8125,276
"5372",-53.125,-58.6875,240
"5373",-53.125,-58.5625,189
"5374",-53.125,-58.4375,186
"5375",-53.125,-58.3125,194
"5376",-53.125,-58.1875,183
"5377",-53.125,-58.0625,163
"5378",-53.125,-57.9375,162
"5379",-53.125,-57.8125,145
"5380",-53.125,-57.6875,145
"5381",-53.125,-57.5625,116
"5382",-53.125,-57.4375,122
"5383",-53.125,-57.3125,97
"5384",-53.125,-57.1875,106
"5385",-53.125,-57.0625,69
"5386",-53.125,-56.9375,53
"5387",-53.125,-56.8125,41
"5388",-53.125,-56.6875,12
"5389",-53.125,-56.5625,14
"5390",-53.125,-56.4375,30
"5391",-53.125,-56.3125,15
"5392",-53.125,-56.1875,10
"5393",-53.125,-56.0625,23
"5394",-53.125,-55.9375,21
"5395",-53.125,-55.8125,7
"5396",-53.125,-55.6875,11
"5397",-53.125,-55.5625,14
"5398",-53.125,-55.4375,13
"5399",-53.125,-55.3125,28
"5400",-53.125,-55.1875,34
"5401",-53.125,-55.0625,35
"5402",-53.125,-54.9375,26
"5403",-53.125,-54.8125,19
"5404",-53.125,-54.6875,8
"5405",-53.125,-54.5625,8
"5406",-53.125,-54.4375,9
"5407",-53.125,-54.3125,2
"5408",-53.125,-54.1875,1
"5409",-53.125,-52.9375,1
"5410",-53.125,-52.8125,1
"5411",-53.125,-52.5625,1
"5412",-53.125,-50.9375,1
"5413",-53.125,-50.0625,1
"5414",-52.875,-61.6875,6
"5415",-52.875,-61.5625,5
"5416",-52.875,-61.4375,25
"5417",-52.875,-61.3125,2
"5418",-52.875,-61.1875,9
"5419",-52.875,-61.0625,5
"5420",-52.875,-60.9375,2
"5421",-52.875,-60.8125,43
"5422",-52.875,-60.6875,98
"5423",-52.875,-60.5625,153
"5424",-52.875,-60.4375,131
"5425",-52.875,-60.3125,159
"5426",-52.875,-60.1875,207
"5427",-52.875,-60.0625,181
"5428",-52.875,-59.9375,210
"5429",-52.875,-59.8125,182
"5430",-52.875,-59.6875,171
"5431",-52.875,-59.5625,268
"5432",-52.875,-59.4375,339
"5433",-52.875,-59.3125,319
"5434",-52.875,-59.1875,347
"5435",-52.875,-59.0625,326
"5436",-52.875,-58.9375,368
"5437",-52.875,-58.8125,351
"5438",-52.875,-58.6875,256
"5439",-52.875,-58.5625,241
"5440",-52.875,-58.4375,218
"5441",-52.875,-58.3125,198
"5442",-52.875,-58.1875,187
"5443",-52.875,-58.0625,201
"5444",-52.875,-57.9375,224
"5445",-52.875,-57.8125,225
"5446",-52.875,-57.6875,225
"5447",-52.875,-57.5625,173
"5448",-52.875,-57.4375,129
"5449",-52.875,-57.3125,90
"5450",-52.875,-57.1875,89
"5451",-52.875,-57.0625,88
"5452",-52.875,-56.9375,51
"5453",-52.875,-56.8125,34
"5454",-52.875,-56.6875,13
"5455",-52.875,-56.5625,16
"5456",-52.875,-56.4375,13
"5457",-52.875,-56.3125,12
"5458",-52.875,-56.1875,11
"5459",-52.875,-56.0625,12
"5460",-52.875,-55.9375,6
"5461",-52.875,-55.8125,2
"5462",-52.875,-55.6875,7
"5463",-52.875,-55.5625,12
"5464",-52.875,-55.4375,5
"5465",-52.875,-55.3125,17
"5466",-52.875,-55.1875,22
"5467",-52.875,-55.0625,18
"5468",-52.875,-54.9375,13
"5469",-52.875,-54.8125,14
"5470",-52.875,-54.6875,3
"5471",-52.875,-54.5625,8
"5472",-52.875,-54.4375,3
"5473",-52.875,-54.3125,3
"5474",-52.875,-54.0625,1
"5475",-52.875,-53.0625,1
"5476",-52.875,-52.3125,1
"5477",-52.875,-51.9375,1
"5478",-52.875,-51.8125,1
"5479",-52.875,-51.6875,1
"5480",-52.875,-51.1875,1
"5481",-52.875,-50.1875,2
"5482",-52.875,-50.0625,7
"5483",-52.625,-61.5625,33
"5484",-52.625,-61.4375,225
"5485",-52.625,-61.3125,141
"5486",-52.625,-61.1875,98
"5487",-52.625,-61.0625,314
"5488",-52.625,-60.9375,3062
"5489",-52.625,-60.8125,386
"5490",-52.625,-60.6875,220
"5491",-52.625,-60.5625,268
"5492",-52.625,-60.4375,149
"5493",-52.625,-60.3125,209
"5494",-52.625,-60.1875,185
"5495",-52.625,-60.0625,173
"5496",-52.625,-59.9375,176
"5497",-52.625,-59.8125,205
"5498",-52.625,-59.6875,219
"5499",-52.625,-59.5625,302
"5500",-52.625,-59.4375,370
"5501",-52.625,-59.3125,328
"5502",-52.625,-59.1875,344
"5503",-52.625,-59.0625,357
"5504",-52.625,-58.9375,351
"5505",-52.625,-58.8125,390
"5506",-52.625,-58.6875,348
"5507",-52.625,-58.5625,263
"5508",-52.625,-58.4375,213
"5509",-52.625,-58.3125,213
"5510",-52.625,-58.1875,227
"5511",-52.625,-58.0625,271
"5512",-52.625,-57.9375,233
"5513",-52.625,-57.8125,268
"5514",-52.625,-57.6875,259
"5515",-52.625,-57.5625,201
"5516",-52.625,-57.4375,130
"5517",-52.625,-57.3125,91
"5518",-52.625,-57.1875,85
"5519",-52.625,-57.0625,73
"5520",-52.625,-56.9375,51
"5521",-52.625,-56.8125,32
"5522",-52.625,-56.6875,18
"5523",-52.625,-56.5625,15
"5524",-52.625,-56.4375,7
"5525",-52.625,-56.3125,11
"5526",-52.625,-56.1875,11
"5527",-52.625,-56.0625,12
"5528",-52.625,-55.9375,7
"5529",-52.625,-55.8125,9
"5530",-52.625,-55.6875,4
"5531",-52.625,-55.5625,6
"5532",-52.625,-55.4375,9
"5533",-52.625,-55.3125,6
"5534",-52.625,-55.1875,12
"5535",-52.625,-55.0625,9
"5536",-52.625,-54.9375,5
"5537",-52.625,-54.8125,19
"5538",-52.625,-54.6875,8
"5539",-52.625,-54.5625,7
"5540",-52.625,-54.4375,5
"5541",-52.625,-54.3125,1
"5542",-52.625,-53.1875,1
"5543",-52.625,-52.1875,1
"5544",-52.625,-52.0625,2
"5545",-52.625,-51.8125,1
"5546",-52.625,-51.6875,1
"5547",-52.625,-51.4375,2
"5548",-52.625,-51.3125,2
"5549",-52.625,-50.5625,1
"5550",-52.625,-50.4375,1
"5551",-52.625,-50.1875,1
"5552",-52.375,-61.5625,7
"5553",-52.375,-61.4375,35
"5554",-52.375,-61.3125,176
"5555",-52.375,-61.1875,170
"5556",-52.375,-61.0625,168
"5557",-52.375,-60.9375,761
"5558",-52.375,-60.8125,657
"5559",-52.375,-60.6875,526
"5560",-52.375,-60.5625,383
"5561",-52.375,-60.4375,254
"5562",-52.375,-60.3125,193
"5563",-52.375,-60.1875,180
"5564",-52.375,-60.0625,131
"5565",-52.375,-59.9375,155
"5566",-52.375,-59.8125,177
"5567",-52.375,-59.6875,267
"5568",-52.375,-59.5625,330
"5569",-52.375,-59.4375,303
"5570",-52.375,-59.3125,361
"5571",-52.375,-59.1875,304
"5572",-52.375,-59.0625,336
"5573",-52.375,-58.9375,329
"5574",-52.375,-58.8125,369
"5575",-52.375,-58.6875,339
"5576",-52.375,-58.5625,265
"5577",-52.375,-58.4375,225
"5578",-52.375,-58.3125,247
"5579",-52.375,-58.1875,260
"5580",-52.375,-58.0625,259
"5581",-52.375,-57.9375,265
"5582",-52.375,-57.8125,295
"5583",-52.375,-57.6875,270
"5584",-52.375,-57.5625,283
"5585",-52.375,-57.4375,157
"5586",-52.375,-57.3125,106
"5587",-52.375,-57.1875,79
"5588",-52.375,-57.0625,80
"5589",-52.375,-56.9375,60
"5590",-52.375,-56.8125,35
"5591",-52.375,-56.6875,20
"5592",-52.375,-56.5625,19
"5593",-52.375,-56.4375,15
"5594",-52.375,-56.3125,5
"5595",-52.375,-56.1875,4
"5596",-52.375,-56.0625,5
"5597",-52.375,-55.9375,6
"5598",-52.375,-55.8125,6
"5599",-52.375,-55.6875,5
"5600",-52.375,-55.5625,11
"5601",-52.375,-55.4375,11
"5602",-52.375,-55.3125,7
"5603",-52.375,-55.1875,11
"5604",-52.375,-55.0625,10
"5605",-52.375,-54.9375,18
"5606",-52.375,-54.8125,15
"5607",-52.375,-54.6875,9
"5608",-52.375,-54.5625,9
"5609",-52.375,-54.4375,6
"5610",-52.375,-54.3125,4
"5611",-52.375,-54.1875,1
"5612",-52.375,-52.1875,1
"5613",-52.375,-51.4375,1
"5614",-52.375,-51.3125,1
"5615",-52.375,-51.1875,2
"5616",-52.375,-51.0625,2
"5617",-52.375,-50.9375,1
"5618",-52.375,-50.8125,1
"5619",-52.375,-50.6875,1
"5620",-52.125,-61.5625,3
"5621",-52.125,-61.4375,273
"5622",-52.125,-61.3125,381
"5623",-52.125,-61.1875,329
"5624",-52.125,-61.0625,496
"5625",-52.125,-60.9375,327
"5626",-52.125,-60.8125,270
"5627",-52.125,-60.6875,684
"5628",-52.125,-60.5625,244
"5629",-52.125,-60.4375,263
"5630",-52.125,-60.3125,196
"5631",-52.125,-60.1875,132
"5632",-52.125,-60.0625,165
"5633",-52.125,-59.9375,163
"5634",-52.125,-59.8125,198
"5635",-52.125,-59.6875,312
"5636",-52.125,-59.5625,282
"5637",-52.125,-59.4375,217
"5638",-52.125,-59.3125,272
"5639",-52.125,-59.1875,285
"5640",-52.125,-59.0625,275
"5641",-52.125,-58.9375,282
"5642",-52.125,-58.8125,351
"5643",-52.125,-58.6875,387
"5644",-52.125,-58.5625,362
"5645",-52.125,-58.4375,298
"5646",-52.125,-58.3125,251
"5647",-52.125,-58.1875,239
"5648",-52.125,-58.0625,288
"5649",-52.125,-57.9375,327
"5650",-52.125,-57.8125,324
"5651",-52.125,-57.6875,307
"5652",-52.125,-57.5625,281
"5653",-52.125,-57.4375,175
"5654",-52.125,-57.3125,98
"5655",-52.125,-57.1875,103
"5656",-52.125,-57.0625,58
"5657",-52.125,-56.9375,44
"5658",-52.125,-56.8125,38
"5659",-52.125,-56.6875,27
"5660",-52.125,-56.5625,24
"5661",-52.125,-56.4375,9
"5662",-52.125,-56.3125,13
"5663",-52.125,-56.1875,2
"5664",-52.125,-56.0625,3
"5665",-52.125,-55.9375,10
"5666",-52.125,-55.8125,11
"5667",-52.125,-55.6875,5
"5668",-52.125,-55.5625,10
"5669",-52.125,-55.4375,5
"5670",-52.125,-55.3125,10
"5671",-52.125,-55.1875,5
"5672",-52.125,-55.0625,14
"5673",-52.125,-54.9375,11
"5674",-52.125,-54.8125,11
"5675",-52.125,-54.6875,7
"5676",-52.125,-54.5625,9
"5677",-52.125,-54.4375,5
"5678",-52.125,-53.1875,1
"5679",-52.125,-52.1875,1
"5680",-52.125,-51.5625,1
"5681",-52.125,-51.4375,3
"5682",-52.125,-51.1875,2
"5683",-51.875,-61.4375,43
"5684",-51.875,-61.3125,335
"5685",-51.875,-61.1875,451
"5686",-51.875,-61.0625,568
"5687",-51.875,-60.9375,306
"5688",-51.875,-60.8125,312
"5689",-51.875,-60.6875,532
"5690",-51.875,-60.5625,534
"5691",-51.875,-60.4375,271
"5692",-51.875,-60.3125,225
"5693",-51.875,-60.1875,188
"5694",-51.875,-60.0625,182
"5695",-51.875,-59.9375,163
"5696",-51.875,-59.8125,208
"5697",-51.875,-59.6875,229
"5698",-51.875,-59.5625,223
"5699",-51.875,-59.4375,222
"5700",-51.875,-59.3125,272
"5701",-51.875,-59.1875,276
"5702",-51.875,-59.0625,274
"5703",-51.875,-58.9375,334
"5704",-51.875,-58.8125,354
"5705",-51.875,-58.6875,333
"5706",-51.875,-58.5625,323
"5707",-51.875,-58.4375,333
"5708",-51.875,-58.3125,295
"5709",-51.875,-58.1875,320
"5710",-51.875,-58.0625,362
"5711",-51.875,-57.9375,352
"5712",-51.875,-57.8125,321
"5713",-51.875,-57.6875,335
"5714",-51.875,-57.5625,269
"5715",-51.875,-57.4375,143
"5716",-51.875,-57.3125,129
"5717",-51.875,-57.1875,108
"5718",-51.875,-57.0625,68
"5719",-51.875,-56.9375,58
"5720",-51.875,-56.8125,61
"5721",-51.875,-56.6875,33
"5722",-51.875,-56.5625,26
"5723",-51.875,-56.4375,22
"5724",-51.875,-56.3125,13
"5725",-51.875,-56.1875,5
"5726",-51.875,-56.0625,5
"5727",-51.875,-55.9375,7
"5728",-51.875,-55.8125,2
"5729",-51.875,-55.6875,3
"5730",-51.875,-55.5625,5
"5731",-51.875,-55.4375,1
"5732",-51.875,-55.3125,2
"5733",-51.875,-55.1875,6
"5734",-51.875,-55.0625,7
"5735",-51.875,-54.9375,6
"5736",-51.875,-54.8125,17
"5737",-51.875,-54.6875,6
"5738",-51.875,-54.5625,14
"5739",-51.875,-54.4375,7
"5740",-51.875,-54.3125,12
"5741",-51.875,-54.0625,2
"5742",-51.875,-52.1875,1
"5743",-51.875,-51.4375,6
"5744",-51.875,-51.0625,2
"5745",-51.875,-50.1875,1
"5746",-51.625,-61.5625,2
"5747",-51.625,-61.4375,93
"5748",-51.625,-61.3125,215
"5749",-51.625,-61.1875,192
"5750",-51.625,-61.0625,316
"5751",-51.625,-60.9375,507
"5752",-51.625,-60.8125,409
"5753",-51.625,-60.6875,933
"5754",-51.625,-60.5625,947
"5755",-51.625,-60.4375,832
"5756",-51.625,-60.3125,360
"5757",-51.625,-60.1875,247
"5758",-51.625,-60.0625,194
"5759",-51.625,-59.9375,170
"5760",-51.625,-59.8125,182
"5761",-51.625,-59.6875,248
"5762",-51.625,-59.5625,241
"5763",-51.625,-59.4375,266
"5764",-51.625,-59.3125,249
"5765",-51.625,-59.1875,234
"5766",-51.625,-59.0625,228
"5767",-51.625,-58.9375,282
"5768",-51.625,-58.8125,342
"5769",-51.625,-58.6875,325
"5770",-51.625,-58.5625,305
"5771",-51.625,-58.4375,336
"5772",-51.625,-58.3125,357
"5773",-51.625,-58.1875,298
"5774",-51.625,-58.0625,332
"5775",-51.625,-57.9375,322
"5776",-51.625,-57.8125,350
"5777",-51.625,-57.6875,320
"5778",-51.625,-57.5625,287
"5779",-51.625,-57.4375,169
"5780",-51.625,-57.3125,101
"5781",-51.625,-57.1875,96
"5782",-51.625,-57.0625,56
"5783",-51.625,-56.9375,48
"5784",-51.625,-56.8125,58
"5785",-51.625,-56.6875,31
"5786",-51.625,-56.5625,33
"5787",-51.625,-56.4375,21
"5788",-51.625,-56.3125,21
"5789",-51.625,-56.1875,13
"5790",-51.625,-56.0625,5
"5791",-51.625,-55.9375,11
"5792",-51.625,-55.8125,10
"5793",-51.625,-55.6875,7
"5794",-51.625,-55.5625,3
"5795",-51.625,-55.4375,4
"5796",-51.625,-55.3125,6
"5797",-51.625,-55.1875,8
"5798",-51.625,-55.0625,5
"5799",-51.625,-54.9375,2
"5800",-51.625,-54.8125,6
"5801",-51.625,-54.6875,5
"5802",-51.625,-54.5625,12
"5803",-51.625,-54.4375,5
"5804",-51.625,-54.3125,10
"5805",-51.625,-54.1875,1
"5806",-51.625,-53.9375,1
"5807",-51.625,-53.0625,1
"5808",-51.625,-52.1875,1
"5809",-51.625,-51.5625,1
"5810",-51.625,-51.4375,1
"5811",-51.625,-50.9375,2
"5812",-51.625,-50.1875,1
"5813",-51.375,-61.4375,12
"5814",-51.375,-61.3125,75
"5815",-51.375,-61.1875,145
"5816",-51.375,-61.0625,257
"5817",-51.375,-60.9375,440
"5818",-51.375,-60.8125,490
"5819",-51.375,-60.6875,746
"5820",-51.375,-60.5625,928
"5821",-51.375,-60.4375,627
"5822",-51.375,-60.3125,376
"5823",-51.375,-60.1875,317
"5824",-51.375,-60.0625,185
"5825",-51.375,-59.9375,158
"5826",-51.375,-59.8125,161
"5827",-51.375,-59.6875,202
"5828",-51.375,-59.5625,238
"5829",-51.375,-59.4375,226
"5830",-51.375,-59.3125,211
"5831",-51.375,-59.1875,233
"5832",-51.375,-59.0625,179
"5833",-51.375,-58.9375,177
"5834",-51.375,-58.8125,231
"5835",-51.375,-58.6875,341
"5836",-51.375,-58.5625,314
"5837",-51.375,-58.4375,362
"5838",-51.375,-58.3125,351
"5839",-51.375,-58.1875,340
"5840",-51.375,-58.0625,337
"5841",-51.375,-57.9375,325
"5842",-51.375,-57.8125,274
"5843",-51.375,-57.6875,347
"5844",-51.375,-57.5625,234
"5845",-51.375,-57.4375,140
"5846",-51.375,-57.3125,106
"5847",-51.375,-57.1875,88
"5848",-51.375,-57.0625,77
"5849",-51.375,-56.9375,59
"5850",-51.375,-56.8125,33
"5851",-51.375,-56.6875,24
"5852",-51.375,-56.5625,27
"5853",-51.375,-56.4375,18
"5854",-51.375,-56.3125,29
"5855",-51.375,-56.1875,13
"5856",-51.375,-56.0625,14
"5857",-51.375,-55.9375,14
"5858",-51.375,-55.8125,6
"5859",-51.375,-55.6875,4
"5860",-51.375,-55.5625,6
"5861",-51.375,-55.4375,5
"5862",-51.375,-55.3125,10
"5863",-51.375,-55.1875,1
"5864",-51.375,-55.0625,4
"5865",-51.375,-54.9375,3
"5866",-51.375,-54.8125,8
"5867",-51.375,-54.6875,9
"5868",-51.375,-54.5625,9
"5869",-51.375,-54.4375,9
"5870",-51.375,-54.3125,7
"5871",-51.375,-54.1875,2
"5872",-51.375,-53.9375,1
"5873",-51.375,-53.8125,1
"5874",-51.375,-52.9375,1
"5875",-51.375,-52.6875,1
"5876",-51.375,-52.4375,1
"5877",-51.375,-52.3125,1
"5878",-51.375,-52.1875,3
"5879",-51.375,-51.5625,1
"5880",-51.375,-50.8125,1
"5881",-51.375,-50.3125,2
"5882",-51.125,-61.3125,7
"5883",-51.125,-61.1875,52
"5884",-51.125,-61.0625,180
"5885",-51.125,-60.9375,319
"5886",-51.125,-60.8125,503
"5887",-51.125,-60.6875,494
"5888",-51.125,-60.5625,755
"5889",-51.125,-60.4375,540
"5890",-51.125,-60.3125,431
"5891",-51.125,-60.1875,392
"5892",-51.125,-60.0625,185
"5893",-51.125,-59.9375,136
"5894",-51.125,-59.8125,159
"5895",-51.125,-59.6875,161
"5896",-51.125,-59.5625,196
"5897",-51.125,-59.4375,222
"5898",-51.125,-59.3125,225
"5899",-51.125,-59.1875,248
"5900",-51.125,-59.0625,163
"5901",-51.125,-58.9375,175
"5902",-51.125,-58.8125,195
"5903",-51.125,-58.6875,229
"5904",-51.125,-58.5625,267
"5905",-51.125,-58.4375,331
"5906",-51.125,-58.3125,313
"5907",-51.125,-58.1875,326
"5908",-51.125,-58.0625,325
"5909",-51.125,-57.9375,332
"5910",-51.125,-57.8125,344
"5911",-51.125,-57.6875,334
"5912",-51.125,-57.5625,247
"5913",-51.125,-57.4375,144
"5914",-51.125,-57.3125,97
"5915",-51.125,-57.1875,69
"5916",-51.125,-57.0625,69
"5917",-51.125,-56.9375,54
"5918",-51.125,-56.8125,24
"5919",-51.125,-56.6875,20
"5920",-51.125,-56.5625,8
"5921",-51.125,-56.4375,12
"5922",-51.125,-56.3125,9
"5923",-51.125,-56.1875,8
"5924",-51.125,-56.0625,10
"5925",-51.125,-55.9375,12
"5926",-51.125,-55.8125,6
"5927",-51.125,-55.6875,7
"5928",-51.125,-55.5625,3
"5929",-51.125,-55.4375,5
"5930",-51.125,-55.3125,6
"5931",-51.125,-55.1875,4
"5932",-51.125,-55.0625,1
"5933",-51.125,-54.9375,3
"5934",-51.125,-54.8125,5
"5935",-51.125,-54.6875,9
"5936",-51.125,-54.5625,12
"5937",-51.125,-54.4375,11
"5938",-51.125,-54.3125,9
"5939",-51.125,-54.1875,8
"5940",-51.125,-54.0625,1
"5941",-51.125,-53.8125,1
"5942",-51.125,-53.1875,2
"5943",-51.125,-53.0625,2
"5944",-51.125,-51.6875,1
"5945",-51.125,-50.8125,2
"5946",-51.125,-50.3125,1
"5947",-50.875,-61.3125,1
"5948",-50.875,-61.1875,40
"5949",-50.875,-61.0625,158
"5950",-50.875,-60.9375,179
"5951",-50.875,-60.8125,386
"5952",-50.875,-60.6875,408
"5953",-50.875,-60.5625,103
"5954",-50.875,-60.4375,205
"5955",-50.875,-60.3125,455
"5956",-50.875,-60.1875,372
"5957",-50.875,-60.0625,166
"5958",-50.875,-59.9375,113
"5959",-50.875,-59.8125,131
"5960",-50.875,-59.6875,186
"5961",-50.875,-59.5625,167
"5962",-50.875,-59.4375,180
"5963",-50.875,-59.3125,164
"5964",-50.875,-59.1875,157
"5965",-50.875,-59.0625,173
"5966",-50.875,-58.9375,183
"5967",-50.875,-58.8125,177
"5968",-50.875,-58.6875,175
"5969",-50.875,-58.5625,198
"5970",-50.875,-58.4375,298
"5971",-50.875,-58.3125,253
"5972",-50.875,-58.1875,292
"5973",-50.875,-58.0625,337
"5974",-50.875,-57.9375,353
"5975",-50.875,-57.8125,405
"5976",-50.875,-57.6875,354
"5977",-50.875,-57.5625,204
"5978",-50.875,-57.4375,167
"5979",-50.875,-57.3125,107
"5980",-50.875,-57.1875,61
"5981",-50.875,-57.0625,43
"5982",-50.875,-56.9375,38
"5983",-50.875,-56.8125,34
"5984",-50.875,-56.6875,8
"5985",-50.875,-56.5625,24
"5986",-50.875,-56.4375,17
"5987",-50.875,-56.3125,12
"5988",-50.875,-56.1875,14
"5989",-50.875,-56.0625,14
"5990",-50.875,-55.9375,23
"5991",-50.875,-55.8125,11
"5992",-50.875,-55.6875,11
"5993",-50.875,-55.5625,8
"5994",-50.875,-55.4375,9
"5995",-50.875,-55.3125,4
"5996",-50.875,-55.1875,4
"5997",-50.875,-55.0625,2
"5998",-50.875,-54.9375,5
"5999",-50.875,-54.8125,4
"6000",-50.875,-54.6875,8
"6001",-50.875,-54.5625,11
"6002",-50.875,-54.4375,6
"6003",-50.875,-54.3125,7
"6004",-50.875,-54.1875,9
"6005",-50.875,-54.0625,4
"6006",-50.875,-53.9375,3
"6007",-50.875,-53.8125,4
"6008",-50.875,-53.6875,1
"6009",-50.875,-53.1875,1
"6010",-50.875,-53.0625,1
"6011",-50.875,-52.9375,1
"6012",-50.875,-52.6875,4
"6013",-50.875,-52.5625,5
"6014",-50.875,-51.8125,2
"6015",-50.875,-51.6875,1
"6016",-50.875,-50.8125,1
"6017",-50.875,-50.6875,3
"6018",-50.625,-61.1875,23
"6019",-50.625,-61.0625,57
"6020",-50.625,-60.9375,119
"6021",-50.625,-60.8125,185
"6022",-50.625,-60.6875,63
"6023",-50.625,-60.5625,47
"6024",-50.625,-60.4375,172
"6025",-50.625,-60.3125,174
"6026",-50.625,-60.1875,200
"6027",-50.625,-60.0625,135
"6028",-50.625,-59.9375,53
"6029",-50.625,-59.8125,74
"6030",-50.625,-59.6875,104
"6031",-50.625,-59.5625,128
"6032",-50.625,-59.4375,175
"6033",-50.625,-59.3125,152
"6034",-50.625,-59.1875,139
"6035",-50.625,-59.0625,176
"6036",-50.625,-58.9375,182
"6037",-50.625,-58.8125,186
"6038",-50.625,-58.6875,158
"6039",-50.625,-58.5625,202
"6040",-50.625,-58.4375,242
"6041",-50.625,-58.3125,307
"6042",-50.625,-58.1875,313
"6043",-50.625,-58.0625,319
"6044",-50.625,-57.9375,331
"6045",-50.625,-57.8125,366
"6046",-50.625,-57.6875,353
"6047",-50.625,-57.5625,244
"6048",-50.625,-57.4375,154
"6049",-50.625,-57.3125,120
"6050",-50.625,-57.1875,73
"6051",-50.625,-57.0625,49
"6052",-50.625,-56.9375,38
"6053",-50.625,-56.8125,31
"6054",-50.625,-56.6875,21
"6055",-50.625,-56.5625,23
"6056",-50.625,-56.4375,10
"6057",-50.625,-56.3125,12
"6058",-50.625,-56.1875,33
"6059",-50.625,-56.0625,43
"6060",-50.625,-55.9375,28
"6061",-50.625,-55.8125,18
"6062",-50.625,-55.6875,7
"6063",-50.625,-55.5625,13
"6064",-50.625,-55.4375,17
"6065",-50.625,-55.3125,10
"6066",-50.625,-55.1875,13
"6067",-50.625,-55.0625,7
"6068",-50.625,-54.9375,8
"6069",-50.625,-54.8125,6
"6070",-50.625,-54.6875,12
"6071",-50.625,-54.5625,3
"6072",-50.625,-54.4375,8
"6073",-50.625,-54.3125,8
"6074",-50.625,-54.1875,7
"6075",-50.625,-54.0625,8
"6076",-50.625,-53.9375,3
"6077",-50.625,-53.8125,5
"6078",-50.625,-53.6875,5
"6079",-50.625,-53.1875,1
"6080",-50.625,-52.8125,1
"6081",-50.625,-52.6875,1
"6082",-50.625,-52.5625,10
"6083",-50.625,-52.4375,3
"6084",-50.625,-51.9375,3
"6085",-50.625,-51.8125,3
"6086",-50.625,-50.6875,4
"6087",-50.625,-50.4375,1
"6088",-50.375,-61.1875,4
"6089",-50.375,-61.0625,64
"6090",-50.375,-60.9375,92
"6091",-50.375,-60.8125,128
"6092",-50.375,-60.6875,84
"6093",-50.375,-60.5625,81
"6094",-50.375,-60.4375,532
"6095",-50.375,-60.3125,366
"6096",-50.375,-60.1875,210
"6097",-50.375,-60.0625,146
"6098",-50.375,-59.9375,99
"6099",-50.375,-59.8125,53
"6100",-50.375,-59.6875,85
"6101",-50.375,-59.5625,100
"6102",-50.375,-59.4375,117
"6103",-50.375,-59.3125,105
"6104",-50.375,-59.1875,102
"6105",-50.375,-59.0625,101
"6106",-50.375,-58.9375,146
"6107",-50.375,-58.8125,175
"6108",-50.375,-58.6875,170
"6109",-50.375,-58.5625,196
"6110",-50.375,-58.4375,278
"6111",-50.375,-58.3125,279
"6112",-50.375,-58.1875,333
"6113",-50.375,-58.0625,338
"6114",-50.375,-57.9375,326
"6115",-50.375,-57.8125,374
"6116",-50.375,-57.6875,319
"6117",-50.375,-57.5625,251
"6118",-50.375,-57.4375,177
"6119",-50.375,-57.3125,98
"6120",-50.375,-57.1875,68
"6121",-50.375,-57.0625,55
"6122",-50.375,-56.9375,34
"6123",-50.375,-56.8125,31
"6124",-50.375,-56.6875,31
"6125",-50.375,-56.5625,33
"6126",-50.375,-56.4375,29
"6127",-50.375,-56.3125,21
"6128",-50.375,-56.1875,31
"6129",-50.375,-56.0625,28
"6130",-50.375,-55.9375,32
"6131",-50.375,-55.8125,18
"6132",-50.375,-55.6875,11
"6133",-50.375,-55.5625,10
"6134",-50.375,-55.4375,9
"6135",-50.375,-55.3125,9
"6136",-50.375,-55.1875,17
"6137",-50.375,-55.0625,14
"6138",-50.375,-54.9375,15
"6139",-50.375,-54.8125,13
"6140",-50.375,-54.6875,11
"6141",-50.375,-54.5625,12
"6142",-50.375,-54.4375,8
"6143",-50.375,-54.3125,5
"6144",-50.375,-54.1875,5
"6145",-50.375,-54.0625,9
"6146",-50.375,-53.9375,2
"6147",-50.375,-53.8125,4
"6148",-50.375,-53.6875,1
"6149",-50.375,-53.5625,1
"6150",-50.375,-53.4375,1
"6151",-50.375,-53.3125,1
"6152",-50.375,-52.5625,1
"6153",-50.375,-52.4375,24
"6154",-50.375,-52.0625,1
"6155",-50.375,-51.8125,1
"6156",-50.375,-51.6875,4
"6157",-50.375,-50.8125,1
"6158",-50.375,-50.6875,1
"6159",-50.125,-60.9375,27
"6160",-50.125,-60.8125,88
"6161",-50.125,-60.6875,64
"6162",-50.125,-60.5625,79
"6163",-50.125,-60.4375,184
"6164",-50.125,-60.3125,160
"6165",-50.125,-60.1875,113
"6166",-50.125,-60.0625,89
"6167",-50.125,-59.9375,75
"6168",-50.125,-59.8125,85
"6169",-50.125,-59.6875,72
"6170",-50.125,-59.5625,77
"6171",-50.125,-59.4375,67
"6172",-50.125,-59.3125,85
"6173",-50.125,-59.1875,78
"6174",-50.125,-59.0625,89
"6175",-50.125,-58.9375,114
"6176",-50.125,-58.8125,152
"6177",-50.125,-58.6875,171
"6178",-50.125,-58.5625,223
"6179",-50.125,-58.4375,240
"6180",-50.125,-58.3125,300
"6181",-50.125,-58.1875,329
"6182",-50.125,-58.0625,362
"6183",-50.125,-57.9375,321
"6184",-50.125,-57.8125,358
"6185",-50.125,-57.6875,332
"6186",-50.125,-57.5625,203
"6187",-50.125,-57.4375,175
"6188",-50.125,-57.3125,136
"6189",-50.125,-57.1875,76
"6190",-50.125,-57.0625,52
"6191",-50.125,-56.9375,43
"6192",-50.125,-56.8125,36
"6193",-50.125,-56.6875,40
"6194",-50.125,-56.5625,65
"6195",-50.125,-56.4375,35
"6196",-50.125,-56.3125,21
"6197",-50.125,-56.1875,36
"6198",-50.125,-56.0625,34
"6199",-50.125,-55.9375,27
"6200",-50.125,-55.8125,13
"6201",-50.125,-55.6875,13
"6202",-50.125,-55.5625,8
"6203",-50.125,-55.4375,7
"6204",-50.125,-55.3125,12
"6205",-50.125,-55.1875,12
"6206",-50.125,-55.0625,15
"6207",-50.125,-54.9375,16
"6208",-50.125,-54.8125,20
"6209",-50.125,-54.6875,18
"6210",-50.125,-54.5625,13
"6211",-50.125,-54.4375,10
"6212",-50.125,-54.3125,11
"6213",-50.125,-54.1875,15
"6214",-50.125,-54.0625,18
"6215",-50.125,-53.9375,14
"6216",-50.125,-53.8125,4
"6217",-50.125,-53.6875,1
"6218",-50.125,-53.3125,1
"6219",-50.125,-52.5625,1
"6220",-50.125,-52.4375,2
"6221",-50.125,-52.1875,1
"6222",-50.125,-52.0625,1
"6223",-50.125,-51.6875,5
"6224",-50.125,-51.0625,2
"6225",-50.125,-50.9375,1
"6226",-50.125,-50.8125,1
"6227",-50.125,-50.0625,5
"6228",-49.875,-61.0625,2
"6229",-49.875,-60.9375,15
"6230",-49.875,-60.8125,38
"6231",-49.875,-60.6875,28
"6232",-49.875,-60.5625,9
"6233",-49.875,-60.4375,40
"6234",-49.875,-60.3125,129
"6235",-49.875,-60.1875,117
"6236",-49.875,-60.0625,36
"6237",-49.875,-59.9375,95
"6238",-49.875,-59.8125,110
"6239",-49.875,-59.6875,118
"6240",-49.875,-59.5625,82
"6241",-49.875,-59.4375,96
"6242",-49.875,-59.3125,100
"6243",-49.875,-59.1875,65
"6244",-49.875,-59.0625,101
"6245",-49.875,-58.9375,102
"6246",-49.875,-58.8125,143
"6247",-49.875,-58.6875,198
"6248",-49.875,-58.5625,237
"6249",-49.875,-58.4375,283
"6250",-49.875,-58.3125,280
"6251",-49.875,-58.1875,364
"6252",-49.875,-58.0625,308
"6253",-49.875,-57.9375,292
"6254",-49.875,-57.8125,325
"6255",-49.875,-57.6875,246
"6256",-49.875,-57.5625,209
"6257",-49.875,-57.4375,148
"6258",-49.875,-57.3125,166
"6259",-49.875,-57.1875,125
"6260",-49.875,-57.0625,72
"6261",-49.875,-56.9375,83
"6262",-49.875,-56.8125,57
"6263",-49.875,-56.6875,71
"6264",-49.875,-56.5625,78
"6265",-49.875,-56.4375,48
"6266",-49.875,-56.3125,59
"6267",-49.875,-56.1875,56
"6268",-49.875,-56.0625,34
"6269",-49.875,-55.9375,35
"6270",-49.875,-55.8125,41
"6271",-49.875,-55.6875,19
"6272",-49.875,-55.5625,26
"6273",-49.875,-55.4375,17
"6274",-49.875,-55.3125,11
"6275",-49.875,-55.1875,13
"6276",-49.875,-55.0625,22
"6277",-49.875,-54.9375,22
"6278",-49.875,-54.8125,22
"6279",-49.875,-54.6875,27
"6280",-49.875,-54.5625,28
"6281",-49.875,-54.4375,14
"6282",-49.875,-54.3125,20
"6283",-49.875,-54.1875,14
"6284",-49.875,-54.0625,8
"6285",-49.875,-53.9375,9
"6286",-49.875,-53.8125,11
"6287",-49.875,-53.6875,2
"6288",-49.875,-52.9375,1
"6289",-49.875,-52.8125,3
"6290",-49.875,-52.5625,1
"6291",-49.875,-52.4375,3
"6292",-49.875,-52.1875,1
"6293",-49.875,-51.9375,3
"6294",-49.875,-51.8125,3
"6295",-49.875,-51.6875,3
"6296",-49.875,-51.5625,1
"6297",-49.875,-51.4375,1
"6298",-49.875,-51.3125,1
"6299",-49.875,-51.1875,1
"6300",-49.875,-50.9375,3
"6301",-49.875,-50.8125,1
"6302",-49.875,-50.5625,2
"6303",-49.875,-50.4375,1
"6304",-49.875,-50.3125,1
"6305",-49.875,-50.1875,2
"6306",-49.875,-50.0625,4
"6307",-49.625,-61.0625,5
"6308",-49.625,-60.9375,8
"6309",-49.625,-60.8125,18
"6310",-49.625,-60.6875,17
"6311",-49.625,-60.5625,3
"6312",-49.625,-60.4375,17
"6313",-49.625,-60.3125,324
"6314",-49.625,-60.1875,183
"6315",-49.625,-60.0625,27
"6316",-49.625,-59.9375,53
"6317",-49.625,-59.8125,97
"6318",-49.625,-59.6875,128
"6319",-49.625,-59.5625,117
"6320",-49.625,-59.4375,116
"6321",-49.625,-59.3125,113
"6322",-49.625,-59.1875,122
"6323",-49.625,-59.0625,115
"6324",-49.625,-58.9375,163
"6325",-49.625,-58.8125,156
"6326",-49.625,-58.6875,146
"6327",-49.625,-58.5625,179
"6328",-49.625,-58.4375,238
"6329",-49.625,-58.3125,260
"6330",-49.625,-58.1875,323
"6331",-49.625,-58.0625,329
"6332",-49.625,-57.9375,326
"6333",-49.625,-57.8125,306
"6334",-49.625,-57.6875,203
"6335",-49.625,-57.5625,198
"6336",-49.625,-57.4375,149
"6337",-49.625,-57.3125,153
"6338",-49.625,-57.1875,152
"6339",-49.625,-57.0625,143
"6340",-49.625,-56.9375,70
"6341",-49.625,-56.8125,104
"6342",-49.625,-56.6875,100
"6343",-49.625,-56.5625,90
"6344",-49.625,-56.4375,69
"6345",-49.625,-56.3125,77
"6346",-49.625,-56.1875,70
"6347",-49.625,-56.0625,89
"6348",-49.625,-55.9375,33
"6349",-49.625,-55.8125,26
"6350",-49.625,-55.6875,27
"6351",-49.625,-55.5625,40
"6352",-49.625,-55.4375,12
"6353",-49.625,-55.3125,22
"6354",-49.625,-55.1875,20
"6355",-49.625,-55.0625,33
"6356",-49.625,-54.9375,31
"6357",-49.625,-54.8125,32
"6358",-49.625,-54.6875,27
"6359",-49.625,-54.5625,27
"6360",-49.625,-54.4375,27
"6361",-49.625,-54.3125,17
"6362",-49.625,-54.1875,13
"6363",-49.625,-54.0625,12
"6364",-49.625,-53.9375,11
"6365",-49.625,-53.8125,10
"6366",-49.625,-53.6875,3
"6367",-49.625,-53.5625,3
"6368",-49.625,-53.4375,1
"6369",-49.625,-53.1875,1
"6370",-49.625,-53.0625,2
"6371",-49.625,-52.9375,4
"6372",-49.625,-52.8125,1
"6373",-49.625,-52.6875,3
"6374",-49.625,-52.5625,6
"6375",-49.625,-52.4375,3
"6376",-49.625,-52.3125,1
"6377",-49.625,-52.1875,4
"6378",-49.625,-52.0625,3
"6379",-49.625,-51.8125,1
"6380",-49.625,-51.6875,2
"6381",-49.625,-51.1875,1
"6382",-49.625,-51.0625,1
"6383",-49.625,-50.9375,1
"6384",-49.625,-50.8125,1
"6385",-49.625,-50.6875,1
"6386",-49.625,-50.4375,1
"6387",-49.625,-50.3125,1
"6388",-49.625,-50.1875,3
"6389",-49.625,-50.0625,6
"6390",-49.375,-61.0625,6
"6391",-49.375,-60.9375,3
"6392",-49.375,-60.8125,25
"6393",-49.375,-60.6875,19
"6394",-49.375,-60.5625,3
"6395",-49.375,-60.4375,10
"6396",-49.375,-60.3125,62
"6397",-49.375,-60.1875,45
"6398",-49.375,-60.0625,24
"6399",-49.375,-59.9375,50
"6400",-49.375,-59.8125,94
"6401",-49.375,-59.6875,115
"6402",-49.375,-59.5625,120
"6403",-49.375,-59.4375,115
"6404",-49.375,-59.3125,111
"6405",-49.375,-59.1875,110
"6406",-49.375,-59.0625,138
"6407",-49.375,-58.9375,126
"6408",-49.375,-58.8125,150
"6409",-49.375,-58.6875,142
"6410",-49.375,-58.5625,154
"6411",-49.375,-58.4375,227
"6412",-49.375,-58.3125,284
"6413",-49.375,-58.1875,312
"6414",-49.375,-58.0625,366
"6415",-49.375,-57.9375,319
"6416",-49.375,-57.8125,282
"6417",-49.375,-57.6875,241
"6418",-49.375,-57.5625,208
"6419",-49.375,-57.4375,161
"6420",-49.375,-57.3125,145
"6421",-49.375,-57.1875,144
"6422",-49.375,-57.0625,126
"6423",-49.375,-56.9375,86
"6424",-49.375,-56.8125,118
"6425",-49.375,-56.6875,162
"6426",-49.375,-56.5625,160
"6427",-49.375,-56.4375,154
"6428",-49.375,-56.3125,105
"6429",-49.375,-56.1875,88
"6430",-49.375,-56.0625,61
"6431",-49.375,-55.9375,58
"6432",-49.375,-55.8125,43
"6433",-49.375,-55.6875,36
"6434",-49.375,-55.5625,49
"6435",-49.375,-55.4375,28
"6436",-49.375,-55.3125,30
"6437",-49.375,-55.1875,28
"6438",-49.375,-55.0625,23
"6439",-49.375,-54.9375,22
"6440",-49.375,-54.8125,31
"6441",-49.375,-54.6875,22
"6442",-49.375,-54.5625,20
"6443",-49.375,-54.4375,18
"6444",-49.375,-54.3125,13
"6445",-49.375,-54.1875,20
"6446",-49.375,-54.0625,15
"6447",-49.375,-53.9375,14
"6448",-49.375,-53.8125,11
"6449",-49.375,-53.6875,11
"6450",-49.375,-53.5625,9
"6451",-49.375,-53.4375,6
"6452",-49.375,-53.3125,6
"6453",-49.375,-53.1875,5
"6454",-49.375,-53.0625,8
"6455",-49.375,-52.9375,5
"6456",-49.375,-52.8125,6
"6457",-49.375,-52.6875,8
"6458",-49.375,-52.5625,3
"6459",-49.375,-52.4375,6
"6460",-49.375,-52.3125,5
"6461",-49.375,-52.1875,1
"6462",-49.375,-51.8125,3
"6463",-49.375,-51.6875,1
"6464",-49.375,-51.4375,1
"6465",-49.375,-51.3125,2
"6466",-49.375,-51.1875,1
"6467",-49.375,-51.0625,2
"6468",-49.375,-50.4375,1
"6469",-49.375,-50.3125,1
"6470",-49.375,-50.1875,3
"6471",-49.375,-50.0625,1
"6472",-49.125,-61.0625,7
"6473",-49.125,-60.9375,1
"6474",-49.125,-60.8125,5
"6475",-49.125,-60.6875,5
"6476",-49.125,-60.5625,2
"6477",-49.125,-60.4375,11
"6478",-49.125,-60.3125,19
"6479",-49.125,-60.1875,39
"6480",-49.125,-60.0625,23
"6481",-49.125,-59.9375,28
"6482",-49.125,-59.8125,68
"6483",-49.125,-59.6875,106
"6484",-49.125,-59.5625,124
"6485",-49.125,-59.4375,141
"6486",-49.125,-59.3125,124
"6487",-49.125,-59.1875,137
"6488",-49.125,-59.0625,142
"6489",-49.125,-58.9375,131
"6490",-49.125,-58.8125,142
"6491",-49.125,-58.6875,120
"6492",-49.125,-58.5625,156
"6493",-49.125,-58.4375,221
"6494",-49.125,-58.3125,272
"6495",-49.125,-58.1875,283
"6496",-49.125,-58.0625,270
"6497",-49.125,-57.9375,260
"6498",-49.125,-57.8125,271
"6499",-49.125,-57.6875,228
"6500",-49.125,-57.5625,226
"6501",-49.125,-57.4375,221
"6502",-49.125,-57.3125,193
"6503",-49.125,-57.1875,173
"6504",-49.125,-57.0625,139
"6505",-49.125,-56.9375,125
"6506",-49.125,-56.8125,102
"6507",-49.125,-56.6875,154
"6508",-49.125,-56.5625,181
"6509",-49.125,-56.4375,135
"6510",-49.125,-56.3125,87
"6511",-49.125,-56.1875,74
"6512",-49.125,-56.0625,62
"6513",-49.125,-55.9375,72
"6514",-49.125,-55.8125,56
"6515",-49.125,-55.6875,53
"6516",-49.125,-55.5625,39
"6517",-49.125,-55.4375,38
"6518",-49.125,-55.3125,32
"6519",-49.125,-55.1875,37
"6520",-49.125,-55.0625,31
"6521",-49.125,-54.9375,21
"6522",-49.125,-54.8125,20
"6523",-49.125,-54.6875,18
"6524",-49.125,-54.5625,14
"6525",-49.125,-54.4375,25
"6526",-49.125,-54.3125,17
"6527",-49.125,-54.1875,17
"6528",-49.125,-54.0625,18
"6529",-49.125,-53.9375,12
"6530",-49.125,-53.8125,5
"6531",-49.125,-53.6875,16
"6532",-49.125,-53.5625,10
"6533",-49.125,-53.4375,4
"6534",-49.125,-53.3125,4
"6535",-49.125,-53.1875,2
"6536",-49.125,-53.0625,3
"6537",-49.125,-52.9375,3
"6538",-49.125,-52.8125,8
"6539",-49.125,-52.6875,5
"6540",-49.125,-52.5625,5
"6541",-49.125,-52.4375,9
"6542",-49.125,-52.3125,3
"6543",-49.125,-52.0625,3
"6544",-49.125,-51.8125,3
"6545",-49.125,-51.4375,1
"6546",-49.125,-51.1875,1
"6547",-49.125,-51.0625,3
"6548",-49.125,-50.9375,1
"6549",-49.125,-50.5625,3
"6550",-49.125,-50.4375,3
"6551",-49.125,-50.3125,2
"6552",-49.125,-50.1875,2
"6553",-48.875,-61.1875,1
"6554",-48.875,-61.0625,3
"6555",-48.875,-60.9375,2
"6556",-48.875,-60.8125,5
"6557",-48.875,-60.6875,3
"6558",-48.875,-60.4375,12
"6559",-48.875,-60.3125,18
"6560",-48.875,-60.1875,22
"6561",-48.875,-60.0625,19
"6562",-48.875,-59.9375,17
"6563",-48.875,-59.8125,63
"6564",-48.875,-59.6875,108
"6565",-48.875,-59.5625,131
"6566",-48.875,-59.4375,125
"6567",-48.875,-59.3125,113
"6568",-48.875,-59.1875,107
"6569",-48.875,-59.0625,115
"6570",-48.875,-58.9375,147
"6571",-48.875,-58.8125,135
"6572",-48.875,-58.6875,123
"6573",-48.875,-58.5625,138
"6574",-48.875,-58.4375,164
"6575",-48.875,-58.3125,235
"6576",-48.875,-58.1875,275
"6577",-48.875,-58.0625,275
"6578",-48.875,-57.9375,246
"6579",-48.875,-57.8125,253
"6580",-48.875,-57.6875,233
"6581",-48.875,-57.5625,224
"6582",-48.875,-57.4375,210
"6583",-48.875,-57.3125,206
"6584",-48.875,-57.1875,185
"6585",-48.875,-57.0625,166
"6586",-48.875,-56.9375,139
"6587",-48.875,-56.8125,127
"6588",-48.875,-56.6875,119
"6589",-48.875,-56.5625,155
"6590",-48.875,-56.4375,136
"6591",-48.875,-56.3125,100
"6592",-48.875,-56.1875,63
"6593",-48.875,-56.0625,55
"6594",-48.875,-55.9375,61
"6595",-48.875,-55.8125,45
"6596",-48.875,-55.6875,41
"6597",-48.875,-55.5625,32
"6598",-48.875,-55.4375,40
"6599",-48.875,-55.3125,36
"6600",-48.875,-55.1875,22
"6601",-48.875,-55.0625,24
"6602",-48.875,-54.9375,28
"6603",-48.875,-54.8125,27
"6604",-48.875,-54.6875,11
"6605",-48.875,-54.5625,11
"6606",-48.875,-54.4375,8
"6607",-48.875,-54.3125,13
"6608",-48.875,-54.1875,11
"6609",-48.875,-54.0625,20
"6610",-48.875,-53.9375,15
"6611",-48.875,-53.8125,13
"6612",-48.875,-53.6875,12
"6613",-48.875,-53.5625,17
"6614",-48.875,-53.4375,15
"6615",-48.875,-53.3125,6
"6616",-48.875,-53.1875,7
"6617",-48.875,-53.0625,12
"6618",-48.875,-52.9375,10
"6619",-48.875,-52.8125,16
"6620",-48.875,-52.6875,9
"6621",-48.875,-52.5625,10
"6622",-48.875,-52.4375,10
"6623",-48.875,-52.3125,4
"6624",-48.875,-52.1875,4
"6625",-48.875,-52.0625,6
"6626",-48.875,-51.9375,3
"6627",-48.875,-51.8125,3
"6628",-48.875,-51.6875,2
"6629",-48.875,-51.4375,2
"6630",-48.875,-51.0625,1
"6631",-48.875,-50.9375,2
"6632",-48.875,-50.8125,1
"6633",-48.875,-50.6875,1
"6634",-48.875,-50.5625,1
"6635",-48.875,-50.3125,2
"6636",-48.875,-50.0625,1
"6637",-48.625,-61.3125,1
"6638",-48.625,-61.1875,1
"6639",-48.625,-61.0625,2
"6640",-48.625,-60.8125,4
"6641",-48.625,-60.5625,1
"6642",-48.625,-60.4375,5
"6643",-48.625,-60.3125,7
"6644",-48.625,-60.1875,12
"6645",-48.625,-60.0625,8
"6646",-48.625,-59.9375,17
"6647",-48.625,-59.8125,50
"6648",-48.625,-59.6875,113
"6649",-48.625,-59.5625,93
"6650",-48.625,-59.4375,119
"6651",-48.625,-59.3125,120
"6652",-48.625,-59.1875,104
"6653",-48.625,-59.0625,127
"6654",-48.625,-58.9375,102
"6655",-48.625,-58.8125,123
"6656",-48.625,-58.6875,115
"6657",-48.625,-58.5625,131
"6658",-48.625,-58.4375,162
"6659",-48.625,-58.3125,205
"6660",-48.625,-58.1875,207
"6661",-48.625,-58.0625,240
"6662",-48.625,-57.9375,272
"6663",-48.625,-57.8125,286
"6664",-48.625,-57.6875,282
"6665",-48.625,-57.5625,283
"6666",-48.625,-57.4375,258
"6667",-48.625,-57.3125,243
"6668",-48.625,-57.1875,179
"6669",-48.625,-57.0625,175
"6670",-48.625,-56.9375,156
"6671",-48.625,-56.8125,114
"6672",-48.625,-56.6875,133
"6673",-48.625,-56.5625,111
"6674",-48.625,-56.4375,140
"6675",-48.625,-56.3125,95
"6676",-48.625,-56.1875,92
"6677",-48.625,-56.0625,86
"6678",-48.625,-55.9375,95
"6679",-48.625,-55.8125,60
"6680",-48.625,-55.6875,52
"6681",-48.625,-55.5625,37
"6682",-48.625,-55.4375,46
"6683",-48.625,-55.3125,20
"6684",-48.625,-55.1875,24
"6685",-48.625,-55.0625,20
"6686",-48.625,-54.9375,21
"6687",-48.625,-54.8125,18
"6688",-48.625,-54.6875,9
"6689",-48.625,-54.5625,13
"6690",-48.625,-54.4375,20
"6691",-48.625,-54.3125,8
"6692",-48.625,-54.1875,10
"6693",-48.625,-54.0625,19
"6694",-48.625,-53.9375,10
"6695",-48.625,-53.8125,14
"6696",-48.625,-53.6875,20
"6697",-48.625,-53.5625,17
"6698",-48.625,-53.4375,18
"6699",-48.625,-53.3125,10
"6700",-48.625,-53.1875,13
"6701",-48.625,-53.0625,12
"6702",-48.625,-52.9375,24
"6703",-48.625,-52.8125,18
"6704",-48.625,-52.6875,18
"6705",-48.625,-52.5625,12
"6706",-48.625,-52.4375,10
"6707",-48.625,-52.3125,10
"6708",-48.625,-52.1875,3
"6709",-48.625,-52.0625,5
"6710",-48.625,-51.9375,1
"6711",-48.625,-51.8125,2
"6712",-48.625,-51.5625,1
"6713",-48.625,-51.0625,1
"6714",-48.625,-50.9375,1
"6715",-48.625,-50.8125,1
"6716",-48.625,-50.6875,3
"6717",-48.625,-50.5625,3
"6718",-48.625,-50.4375,4
"6719",-48.625,-50.3125,2
"6720",-48.625,-50.0625,1
"6721",-48.375,-61.3125,3
"6722",-48.375,-61.0625,1
"6723",-48.375,-60.9375,3
"6724",-48.375,-60.8125,3
"6725",-48.375,-60.6875,2
"6726",-48.375,-60.5625,1
"6727",-48.375,-60.4375,5
"6728",-48.375,-60.3125,3
"6729",-48.375,-60.1875,11
"6730",-48.375,-60.0625,16
"6731",-48.375,-59.9375,37
"6732",-48.375,-59.8125,49
"6733",-48.375,-59.6875,102
"6734",-48.375,-59.5625,70
"6735",-48.375,-59.4375,106
"6736",-48.375,-59.3125,125
"6737",-48.375,-59.1875,94
"6738",-48.375,-59.0625,101
"6739",-48.375,-58.9375,131
"6740",-48.375,-58.8125,118
"6741",-48.375,-58.6875,122
"6742",-48.375,-58.5625,119
"6743",-48.375,-58.4375,129
"6744",-48.375,-58.3125,163
"6745",-48.375,-58.1875,190
"6746",-48.375,-58.0625,248
"6747",-48.375,-57.9375,214
"6748",-48.375,-57.8125,266
"6749",-48.375,-57.6875,336
"6750",-48.375,-57.5625,324
"6751",-48.375,-57.4375,302
"6752",-48.375,-57.3125,292
"6753",-48.375,-57.1875,233
"6754",-48.375,-57.0625,177
"6755",-48.375,-56.9375,158
"6756",-48.375,-56.8125,129
"6757",-48.375,-56.6875,146
"6758",-48.375,-56.5625,163
"6759",-48.375,-56.4375,119
"6760",-48.375,-56.3125,95
"6761",-48.375,-56.1875,89
"6762",-48.375,-56.0625,99
"6763",-48.375,-55.9375,69
"6764",-48.375,-55.8125,63
"6765",-48.375,-55.6875,59
"6766",-48.375,-55.5625,68
"6767",-48.375,-55.4375,59
"6768",-48.375,-55.3125,26
"6769",-48.375,-55.1875,15
"6770",-48.375,-55.0625,11
"6771",-48.375,-54.9375,12
"6772",-48.375,-54.8125,30
"6773",-48.375,-54.6875,19
"6774",-48.375,-54.5625,14
"6775",-48.375,-54.4375,11
"6776",-48.375,-54.3125,11
"6777",-48.375,-54.1875,12
"6778",-48.375,-54.0625,7
"6779",-48.375,-53.9375,5
"6780",-48.375,-53.8125,2
"6781",-48.375,-53.6875,16
"6782",-48.375,-53.5625,18
"6783",-48.375,-53.4375,16
"6784",-48.375,-53.3125,17
"6785",-48.375,-53.1875,23
"6786",-48.375,-53.0625,26
"6787",-48.375,-52.9375,17
"6788",-48.375,-52.8125,15
"6789",-48.375,-52.6875,9
"6790",-48.375,-52.5625,17
"6791",-48.375,-52.4375,16
"6792",-48.375,-52.3125,9
"6793",-48.375,-52.1875,11
"6794",-48.375,-52.0625,5
"6795",-48.375,-51.9375,4
"6796",-48.375,-51.6875,7
"6797",-48.375,-51.5625,1
"6798",-48.375,-50.8125,1
"6799",-48.375,-50.6875,3
"6800",-48.375,-50.5625,1
"6801",-48.375,-50.4375,1
"6802",-48.375,-50.3125,2
"6803",-48.375,-50.1875,3
"6804",-48.375,-50.0625,4
"6805",-48.125,-61.4375,3
"6806",-48.125,-61.3125,2
"6807",-48.125,-60.8125,1
"6808",-48.125,-60.6875,5
"6809",-48.125,-60.5625,1
"6810",-48.125,-60.4375,4
"6811",-48.125,-60.3125,7
"6812",-48.125,-60.1875,13
"6813",-48.125,-60.0625,9
"6814",-48.125,-59.9375,41
"6815",-48.125,-59.8125,56
"6816",-48.125,-59.6875,90
"6817",-48.125,-59.5625,89
"6818",-48.125,-59.4375,97
"6819",-48.125,-59.3125,106
"6820",-48.125,-59.1875,111
"6821",-48.125,-59.0625,98
"6822",-48.125,-58.9375,115
"6823",-48.125,-58.8125,120
"6824",-48.125,-58.6875,145
"6825",-48.125,-58.5625,144
"6826",-48.125,-58.4375,126
"6827",-48.125,-58.3125,146
"6828",-48.125,-58.1875,198
"6829",-48.125,-58.0625,202
"6830",-48.125,-57.9375,247
"6831",-48.125,-57.8125,281
"6832",-48.125,-57.6875,285
"6833",-48.125,-57.5625,287
"6834",-48.125,-57.4375,261
"6835",-48.125,-57.3125,268
"6836",-48.125,-57.1875,257
"6837",-48.125,-57.0625,253
"6838",-48.125,-56.9375,163
"6839",-48.125,-56.8125,126
"6840",-48.125,-56.6875,139
"6841",-48.125,-56.5625,128
"6842",-48.125,-56.4375,115
"6843",-48.125,-56.3125,93
"6844",-48.125,-56.1875,71
"6845",-48.125,-56.0625,74
"6846",-48.125,-55.9375,64
"6847",-48.125,-55.8125,55
"6848",-48.125,-55.6875,47
"6849",-48.125,-55.5625,56
"6850",-48.125,-55.4375,43
"6851",-48.125,-55.3125,38
"6852",-48.125,-55.1875,16
"6853",-48.125,-55.0625,28
"6854",-48.125,-54.9375,22
"6855",-48.125,-54.8125,25
"6856",-48.125,-54.6875,18
"6857",-48.125,-54.5625,14
"6858",-48.125,-54.4375,12
"6859",-48.125,-54.3125,16
"6860",-48.125,-54.1875,4
"6861",-48.125,-54.0625,5
"6862",-48.125,-53.9375,4
"6863",-48.125,-53.8125,5
"6864",-48.125,-53.6875,5
"6865",-48.125,-53.5625,5
"6866",-48.125,-53.4375,20
"6867",-48.125,-53.3125,19
"6868",-48.125,-53.1875,26
"6869",-48.125,-53.0625,16
"6870",-48.125,-52.9375,21
"6871",-48.125,-52.8125,21
"6872",-48.125,-52.6875,15
"6873",-48.125,-52.5625,15
"6874",-48.125,-52.4375,13
"6875",-48.125,-52.3125,9
"6876",-48.125,-52.1875,13
"6877",-48.125,-52.0625,4
"6878",-48.125,-51.9375,6
"6879",-48.125,-51.8125,4
"6880",-48.125,-51.6875,5
"6881",-48.125,-51.5625,2
"6882",-48.125,-51.3125,2
"6883",-48.125,-51.1875,1
"6884",-48.125,-51.0625,4
"6885",-48.125,-50.9375,2
"6886",-48.125,-50.6875,2
"6887",-48.125,-50.5625,2
"6888",-48.125,-50.4375,2
"6889",-48.125,-50.3125,4
"6890",-47.875,-62.0625,4
"6891",-47.875,-61.9375,2
"6892",-47.875,-61.8125,4
"6893",-47.875,-61.6875,4
"6894",-47.875,-61.5625,4
"6895",-47.875,-61.4375,1
"6896",-47.875,-61.1875,1
"6897",-47.875,-61.0625,1
"6898",-47.875,-60.9375,5
"6899",-47.875,-60.8125,15
"6900",-47.875,-60.6875,3
"6901",-47.875,-60.5625,1
"6902",-47.875,-60.4375,10
"6903",-47.875,-60.3125,9
"6904",-47.875,-60.1875,14
"6905",-47.875,-60.0625,17
"6906",-47.875,-59.9375,52
"6907",-47.875,-59.8125,45
"6908",-47.875,-59.6875,52
"6909",-47.875,-59.5625,70
"6910",-47.875,-59.4375,98
"6911",-47.875,-59.3125,91
"6912",-47.875,-59.1875,98
"6913",-47.875,-59.0625,137
"6914",-47.875,-58.9375,147
"6915",-47.875,-58.8125,135
"6916",-47.875,-58.6875,175
"6917",-47.875,-58.5625,185
"6918",-47.875,-58.4375,169
"6919",-47.875,-58.3125,168
"6920",-47.875,-58.1875,186
"6921",-47.875,-58.0625,284
"6922",-47.875,-57.9375,277
"6923",-47.875,-57.8125,295
"6924",-47.875,-57.6875,275
"6925",-47.875,-57.5625,239
"6926",-47.875,-57.4375,248
"6927",-47.875,-57.3125,294
"6928",-47.875,-57.1875,243
"6929",-47.875,-57.0625,243
"6930",-47.875,-56.9375,190
"6931",-47.875,-56.8125,141
"6932",-47.875,-56.6875,118
"6933",-47.875,-56.5625,92
"6934",-47.875,-56.4375,98
"6935",-47.875,-56.3125,70
"6936",-47.875,-56.1875,61
"6937",-47.875,-56.0625,76
"6938",-47.875,-55.9375,93
"6939",-47.875,-55.8125,52
"6940",-47.875,-55.6875,43
"6941",-47.875,-55.5625,49
"6942",-47.875,-55.4375,58
"6943",-47.875,-55.3125,44
"6944",-47.875,-55.1875,35
"6945",-47.875,-55.0625,25
"6946",-47.875,-54.9375,15
"6947",-47.875,-54.8125,19
"6948",-47.875,-54.6875,15
"6949",-47.875,-54.5625,12
"6950",-47.875,-54.4375,14
"6951",-47.875,-54.3125,16
"6952",-47.875,-54.1875,15
"6953",-47.875,-54.0625,9
"6954",-47.875,-53.9375,10
"6955",-47.875,-53.8125,8
"6956",-47.875,-53.6875,12
"6957",-47.875,-53.5625,11
"6958",-47.875,-53.4375,14
"6959",-47.875,-53.3125,7
"6960",-47.875,-53.1875,16
"6961",-47.875,-53.0625,26
"6962",-47.875,-52.9375,12
"6963",-47.875,-52.8125,17
"6964",-47.875,-52.6875,27
"6965",-47.875,-52.5625,32
"6966",-47.875,-52.4375,18
"6967",-47.875,-52.3125,13
"6968",-47.875,-52.1875,13
"6969",-47.875,-52.0625,11
"6970",-47.875,-51.9375,6
"6971",-47.875,-51.8125,5
"6972",-47.875,-51.6875,4
"6973",-47.875,-51.5625,3
"6974",-47.875,-51.4375,1
"6975",-47.875,-51.0625,2
"6976",-47.875,-50.8125,2
"6977",-47.875,-50.6875,3
"6978",-47.875,-50.5625,5
"6979",-47.875,-50.4375,4
"6980",-47.875,-50.3125,4
"6981",-47.875,-50.1875,2
"6982",-47.625,-62.3125,1
"6983",-47.625,-62.1875,1
"6984",-47.625,-62.0625,1
"6985",-47.625,-60.8125,10
"6986",-47.625,-60.6875,9
"6987",-47.625,-60.5625,18
"6988",-47.625,-60.4375,10
"6989",-47.625,-60.3125,12
"6990",-47.625,-60.1875,16
"6991",-47.625,-60.0625,22
"6992",-47.625,-59.9375,50
"6993",-47.625,-59.8125,46
"6994",-47.625,-59.6875,52
"6995",-47.625,-59.5625,44
"6996",-47.625,-59.4375,56
"6997",-47.625,-59.3125,106
"6998",-47.625,-59.1875,138
"6999",-47.625,-59.0625,114
"7000",-47.625,-58.9375,150
"7001",-47.625,-58.8125,131
"7002",-47.625,-58.6875,167
"7003",-47.625,-58.5625,183
"7004",-47.625,-58.4375,194
"7005",-47.625,-58.3125,211
"7006",-47.625,-58.1875,291
"7007",-47.625,-58.0625,259
"7008",-47.625,-57.9375,230
"7009",-47.625,-57.8125,240
"7010",-47.625,-57.6875,189
"7011",-47.625,-57.5625,210
"7012",-47.625,-57.4375,233
"7013",-47.625,-57.3125,254
"7014",-47.625,-57.1875,224
"7015",-47.625,-57.0625,222
"7016",-47.625,-56.9375,232
"7017",-47.625,-56.8125,180
"7018",-47.625,-56.6875,141
"7019",-47.625,-56.5625,89
"7020",-47.625,-56.4375,105
"7021",-47.625,-56.3125,63
"7022",-47.625,-56.1875,63
"7023",-47.625,-56.0625,56
"7024",-47.625,-55.9375,46
"7025",-47.625,-55.8125,55
"7026",-47.625,-55.6875,65
"7027",-47.625,-55.5625,40
"7028",-47.625,-55.4375,56
"7029",-47.625,-55.3125,58
"7030",-47.625,-55.1875,44
"7031",-47.625,-55.0625,28
"7032",-47.625,-54.9375,30
"7033",-47.625,-54.8125,16
"7034",-47.625,-54.6875,11
"7035",-47.625,-54.5625,6
"7036",-47.625,-54.4375,5
"7037",-47.625,-54.3125,11
"7038",-47.625,-54.1875,8
"7039",-47.625,-54.0625,5
"7040",-47.625,-53.9375,1
"7041",-47.625,-53.8125,5
"7042",-47.625,-53.6875,4
"7043",-47.625,-53.5625,3
"7044",-47.625,-53.4375,5
"7045",-47.625,-53.3125,9
"7046",-47.625,-53.1875,10
"7047",-47.625,-53.0625,28
"7048",-47.625,-52.9375,15
"7049",-47.625,-52.8125,7
"7050",-47.625,-52.6875,18
"7051",-47.625,-52.5625,17
"7052",-47.625,-52.4375,20
"7053",-47.625,-52.3125,15
"7054",-47.625,-52.1875,10
"7055",-47.625,-52.0625,10
"7056",-47.625,-51.9375,6
"7057",-47.625,-51.8125,8
"7058",-47.625,-51.6875,10
"7059",-47.625,-51.5625,2
"7060",-47.625,-51.4375,3
"7061",-47.625,-51.3125,8
"7062",-47.625,-51.1875,6
"7063",-47.625,-51.0625,5
"7064",-47.625,-50.9375,3
"7065",-47.625,-50.8125,3
"7066",-47.625,-50.6875,4
"7067",-47.625,-50.5625,7
"7068",-47.625,-50.4375,1
"7069",-47.625,-50.3125,2
"7070",-47.625,-50.1875,2
"7071",-47.625,-50.0625,4
"7072",-47.375,-62.5625,1
"7073",-47.375,-62.4375,1
"7074",-47.375,-62.3125,1
"7075",-47.375,-62.1875,2
"7076",-47.375,-61.8125,1
"7077",-47.375,-61.6875,1
"7078",-47.375,-61.5625,2
"7079",-47.375,-61.4375,2
"7080",-47.375,-61.3125,2
"7081",-47.375,-61.1875,1
"7082",-47.375,-60.9375,5
"7083",-47.375,-60.8125,4
"7084",-47.375,-60.6875,7
"7085",-47.375,-60.5625,38
"7086",-47.375,-60.4375,9
"7087",-47.375,-60.1875,8
"7088",-47.375,-60.0625,7
"7089",-47.375,-59.9375,15
"7090",-47.375,-59.8125,39
"7091",-47.375,-59.6875,34
"7092",-47.375,-59.5625,48
"7093",-47.375,-59.4375,78
"7094",-47.375,-59.3125,120
"7095",-47.375,-59.1875,115
"7096",-47.375,-59.0625,136
"7097",-47.375,-58.9375,140
"7098",-47.375,-58.8125,215
"7099",-47.375,-58.6875,191
"7100",-47.375,-58.5625,192
"7101",-47.375,-58.4375,165
"7102",-47.375,-58.3125,264
"7103",-47.375,-58.1875,227
"7104",-47.375,-58.0625,254
"7105",-47.375,-57.9375,263
"7106",-47.375,-57.8125,269
"7107",-47.375,-57.6875,204
"7108",-47.375,-57.5625,241
"7109",-47.375,-57.4375,221
"7110",-47.375,-57.3125,286
"7111",-47.375,-57.1875,234
"7112",-47.375,-57.0625,266
"7113",-47.375,-56.9375,263
"7114",-47.375,-56.8125,184
"7115",-47.375,-56.6875,165
"7116",-47.375,-56.5625,136
"7117",-47.375,-56.4375,122
"7118",-47.375,-56.3125,87
"7119",-47.375,-56.1875,77
"7120",-47.375,-56.0625,72
"7121",-47.375,-55.9375,52
"7122",-47.375,-55.8125,62
"7123",-47.375,-55.6875,55
"7124",-47.375,-55.5625,59
"7125",-47.375,-55.4375,60
"7126",-47.375,-55.3125,53
"7127",-47.375,-55.1875,47
"7128",-47.375,-55.0625,39
"7129",-47.375,-54.9375,26
"7130",-47.375,-54.8125,24
"7131",-47.375,-54.6875,23
"7132",-47.375,-54.5625,11
"7133",-47.375,-54.4375,7
"7134",-47.375,-54.3125,12
"7135",-47.375,-54.1875,14
"7136",-47.375,-54.0625,8
"7137",-47.375,-53.9375,4
"7138",-47.375,-53.8125,8
"7139",-47.375,-53.6875,5
"7140",-47.375,-53.5625,1
"7141",-47.375,-53.4375,1
"7142",-47.375,-53.3125,12
"7143",-47.375,-53.1875,13
"7144",-47.375,-53.0625,15
"7145",-47.375,-52.9375,8
"7146",-47.375,-52.8125,10
"7147",-47.375,-52.6875,19
"7148",-47.375,-52.5625,24
"7149",-47.375,-52.4375,18
"7150",-47.375,-52.3125,18
"7151",-47.375,-52.1875,11
"7152",-47.375,-52.0625,12
"7153",-47.375,-51.9375,7
"7154",-47.375,-51.8125,8
"7155",-47.375,-51.6875,4
"7156",-47.375,-51.5625,10
"7157",-47.375,-51.4375,12
"7158",-47.375,-51.3125,6
"7159",-47.375,-51.1875,7
"7160",-47.375,-51.0625,4
"7161",-47.375,-50.9375,6
"7162",-47.375,-50.8125,8
"7163",-47.375,-50.6875,6
"7164",-47.375,-50.5625,2
"7165",-47.375,-50.4375,1
"7166",-47.375,-50.1875,1
"7167",-47.375,-50.0625,2
"7168",-47.125,-62.5625,1
"7169",-47.125,-62.4375,3
"7170",-47.125,-62.3125,1
"7171",-47.125,-61.9375,2
"7172",-47.125,-61.0625,2
"7173",-47.125,-60.9375,8
"7174",-47.125,-60.8125,1
"7175",-47.125,-60.6875,1
"7176",-47.125,-60.4375,34
"7177",-47.125,-60.3125,5
"7178",-47.125,-60.1875,3
"7179",-47.125,-60.0625,5
"7180",-47.125,-59.9375,25
"7181",-47.125,-59.8125,29
"7182",-47.125,-59.6875,62
"7183",-47.125,-59.5625,103
"7184",-47.125,-59.4375,103
"7185",-47.125,-59.3125,115
"7186",-47.125,-59.1875,137
"7187",-47.125,-59.0625,128
"7188",-47.125,-58.9375,148
"7189",-47.125,-58.8125,204
"7190",-47.125,-58.6875,199
"7191",-47.125,-58.5625,192
"7192",-47.125,-58.4375,231
"7193",-47.125,-58.3125,220
"7194",-47.125,-58.1875,259
"7195",-47.125,-58.0625,202
"7196",-47.125,-57.9375,253
"7197",-47.125,-57.8125,231
"7198",-47.125,-57.6875,206
"7199",-47.125,-57.5625,228
"7200",-47.125,-57.4375,257
"7201",-47.125,-57.3125,253
"7202",-47.125,-57.1875,252
"7203",-47.125,-57.0625,273
"7204",-47.125,-56.9375,239
"7205",-47.125,-56.8125,209
"7206",-47.125,-56.6875,198
"7207",-47.125,-56.5625,189
"7208",-47.125,-56.4375,133
"7209",-47.125,-56.3125,130
"7210",-47.125,-56.1875,117
"7211",-47.125,-56.0625,105
"7212",-47.125,-55.9375,123
"7213",-47.125,-55.8125,94
"7214",-47.125,-55.6875,63
"7215",-47.125,-55.5625,86
"7216",-47.125,-55.4375,62
"7217",-47.125,-55.3125,58
"7218",-47.125,-55.1875,43
"7219",-47.125,-55.0625,27
"7220",-47.125,-54.9375,32
"7221",-47.125,-54.8125,32
"7222",-47.125,-54.6875,29
"7223",-47.125,-54.5625,11
"7224",-47.125,-54.4375,5
"7225",-47.125,-54.3125,8
"7226",-47.125,-54.1875,16
"7227",-47.125,-54.0625,8
"7228",-47.125,-53.9375,4
"7229",-47.125,-53.8125,4
"7230",-47.125,-53.6875,2
"7231",-47.125,-53.5625,6
"7232",-47.125,-53.4375,10
"7233",-47.125,-53.3125,14
"7234",-47.125,-53.1875,12
"7235",-47.125,-53.0625,6
"7236",-47.125,-52.9375,11
"7237",-47.125,-52.8125,15
"7238",-47.125,-52.6875,34
"7239",-47.125,-52.5625,14
"7240",-47.125,-52.4375,15
"7241",-47.125,-52.3125,21
"7242",-47.125,-52.1875,19
"7243",-47.125,-52.0625,14
"7244",-47.125,-51.9375,10
"7245",-47.125,-51.8125,10
"7246",-47.125,-51.6875,12
"7247",-47.125,-51.5625,9
"7248",-47.125,-51.4375,8
"7249",-47.125,-51.3125,14
"7250",-47.125,-51.1875,13
"7251",-47.125,-51.0625,15
"7252",-47.125,-50.9375,24
"7253",-47.125,-50.8125,13
"7254",-47.125,-50.6875,11
"7255",-47.125,-50.5625,15
"7256",-47.125,-50.4375,8
"7257",-47.125,-50.3125,8
"7258",-47.125,-50.1875,2
"7259",-47.125,-50.0625,1
"7260",-46.875,-62.3125,2
"7261",-46.875,-61.0625,1
"7262",-46.875,-60.9375,2
"7263",-46.875,-60.3125,15
"7264",-46.875,-60.1875,1
"7265",-46.875,-60.0625,5
"7266",-46.875,-59.9375,30
"7267",-46.875,-59.8125,41
"7268",-46.875,-59.6875,84
"7269",-46.875,-59.5625,112
"7270",-46.875,-59.4375,128
"7271",-46.875,-59.3125,148
"7272",-46.875,-59.1875,127
"7273",-46.875,-59.0625,130
"7274",-46.875,-58.9375,180
"7275",-46.875,-58.8125,167
"7276",-46.875,-58.6875,223
"7277",-46.875,-58.5625,198
"7278",-46.875,-58.4375,255
"7279",-46.875,-58.3125,221
"7280",-46.875,-58.1875,221
"7281",-46.875,-58.0625,188
"7282",-46.875,-57.9375,236
"7283",-46.875,-57.8125,250
"7284",-46.875,-57.6875,246
"7285",-46.875,-57.5625,286
"7286",-46.875,-57.4375,294
"7287",-46.875,-57.3125,269
"7288",-46.875,-57.1875,242
"7289",-46.875,-57.0625,254
"7290",-46.875,-56.9375,256
"7291",-46.875,-56.8125,207
"7292",-46.875,-56.6875,198
"7293",-46.875,-56.5625,181
"7294",-46.875,-56.4375,166
"7295",-46.875,-56.3125,141
"7296",-46.875,-56.1875,130
"7297",-46.875,-56.0625,134
"7298",-46.875,-55.9375,147
"7299",-46.875,-55.8125,143
"7300",-46.875,-55.6875,118
"7301",-46.875,-55.5625,95
"7302",-46.875,-55.4375,78
"7303",-46.875,-55.3125,90
"7304",-46.875,-55.1875,61
"7305",-46.875,-55.0625,36
"7306",-46.875,-54.9375,22
"7307",-46.875,-54.8125,14
"7308",-46.875,-54.6875,20
"7309",-46.875,-54.5625,20
"7310",-46.875,-54.4375,15
"7311",-46.875,-54.3125,20
"7312",-46.875,-54.1875,20
"7313",-46.875,-54.0625,8
"7314",-46.875,-53.9375,7
"7315",-46.875,-53.8125,10
"7316",-46.875,-53.6875,10
"7317",-46.875,-53.5625,6
"7318",-46.875,-53.4375,9
"7319",-46.875,-53.3125,17
"7320",-46.875,-53.1875,14
"7321",-46.875,-53.0625,16
"7322",-46.875,-52.9375,10
"7323",-46.875,-52.8125,11
"7324",-46.875,-52.6875,18
"7325",-46.875,-52.5625,23
"7326",-46.875,-52.4375,25
"7327",-46.875,-52.3125,19
"7328",-46.875,-52.1875,10
"7329",-46.875,-52.0625,11
"7330",-46.875,-51.9375,9
"7331",-46.875,-51.8125,7
"7332",-46.875,-51.6875,15
"7333",-46.875,-51.5625,4
"7334",-46.875,-51.4375,7
"7335",-46.875,-51.3125,22
"7336",-46.875,-51.1875,16
"7337",-46.875,-51.0625,14
"7338",-46.875,-50.9375,10
"7339",-46.875,-50.8125,10
"7340",-46.875,-50.6875,19
"7341",-46.875,-50.5625,13
"7342",-46.875,-50.4375,12
"7343",-46.875,-50.3125,11
"7344",-46.875,-50.1875,7
"7345",-46.625,-62.3125,1
"7346",-46.625,-60.1875,2
"7347",-46.625,-60.0625,4
"7348",-46.625,-59.9375,22
"7349",-46.625,-59.8125,59
"7350",-46.625,-59.6875,74
"7351",-46.625,-59.5625,97
"7352",-46.625,-59.4375,142
"7353",-46.625,-59.3125,145
"7354",-46.625,-59.1875,148
"7355",-46.625,-59.0625,125
"7356",-46.625,-58.9375,172
"7357",-46.625,-58.8125,180
"7358",-46.625,-58.6875,218
"7359",-46.625,-58.5625,177
"7360",-46.625,-58.4375,224
"7361",-46.625,-58.3125,257
"7362",-46.625,-58.1875,231
"7363",-46.625,-58.0625,200
"7364",-46.625,-57.9375,246
"7365",-46.625,-57.8125,222
"7366",-46.625,-57.6875,221
"7367",-46.625,-57.5625,270
"7368",-46.625,-57.4375,282
"7369",-46.625,-57.3125,251
"7370",-46.625,-57.1875,258
"7371",-46.625,-57.0625,204
"7372",-46.625,-56.9375,190
"7373",-46.625,-56.8125,167
"7374",-46.625,-56.6875,182
"7375",-46.625,-56.5625,189
"7376",-46.625,-56.4375,165
"7377",-46.625,-56.3125,147
"7378",-46.625,-56.1875,156
"7379",-46.625,-56.0625,136
"7380",-46.625,-55.9375,152
"7381",-46.625,-55.8125,143
"7382",-46.625,-55.6875,112
"7383",-46.625,-55.5625,133
"7384",-46.625,-55.4375,85
"7385",-46.625,-55.3125,72
"7386",-46.625,-55.1875,84
"7387",-46.625,-55.0625,68
"7388",-46.625,-54.9375,24
"7389",-46.625,-54.8125,27
"7390",-46.625,-54.6875,16
"7391",-46.625,-54.5625,16
"7392",-46.625,-54.4375,21
"7393",-46.625,-54.3125,23
"7394",-46.625,-54.1875,19
"7395",-46.625,-54.0625,28
"7396",-46.625,-53.9375,25
"7397",-46.625,-53.8125,12
"7398",-46.625,-53.6875,10
"7399",-46.625,-53.5625,13
"7400",-46.625,-53.4375,21
"7401",-46.625,-53.3125,31
"7402",-46.625,-53.1875,28
"7403",-46.625,-53.0625,22
"7404",-46.625,-52.9375,14
"7405",-46.625,-52.8125,20
"7406",-46.625,-52.6875,13
"7407",-46.625,-52.5625,21
"7408",-46.625,-52.4375,26
"7409",-46.625,-52.3125,21
"7410",-46.625,-52.1875,24
"7411",-46.625,-52.0625,10
"7412",-46.625,-51.9375,12
"7413",-46.625,-51.8125,7
"7414",-46.625,-51.6875,6
"7415",-46.625,-51.5625,3
"7416",-46.625,-51.4375,9
"7417",-46.625,-51.3125,10
"7418",-46.625,-51.1875,11
"7419",-46.625,-51.0625,14
"7420",-46.625,-50.9375,6
"7421",-46.625,-50.8125,17
"7422",-46.625,-50.6875,7
"7423",-46.625,-50.5625,7
"7424",-46.625,-50.4375,19
"7425",-46.625,-50.3125,9
"7426",-46.625,-50.1875,5
"7427",-46.375,-62.4375,1
"7428",-46.375,-62.3125,1
"7429",-46.375,-60.1875,3
"7430",-46.375,-60.0625,5
"7431",-46.375,-59.9375,16
"7432",-46.375,-59.8125,50
"7433",-46.375,-59.6875,101
"7434",-46.375,-59.5625,113
"7435",-46.375,-59.4375,141
"7436",-46.375,-59.3125,139
"7437",-46.375,-59.1875,115
"7438",-46.375,-59.0625,130
"7439",-46.375,-58.9375,137
"7440",-46.375,-58.8125,171
"7441",-46.375,-58.6875,151
"7442",-46.375,-58.5625,167
"7443",-46.375,-58.4375,212
"7444",-46.375,-58.3125,266
"7445",-46.375,-58.1875,254
"7446",-46.375,-58.0625,232
"7447",-46.375,-57.9375,230
"7448",-46.375,-57.8125,249
"7449",-46.375,-57.6875,220
"7450",-46.375,-57.5625,222
"7451",-46.375,-57.4375,228
"7452",-46.375,-57.3125,201
"7453",-46.375,-57.1875,193
"7454",-46.375,-57.0625,193
"7455",-46.375,-56.9375,142
"7456",-46.375,-56.8125,158
"7457",-46.375,-56.6875,135
"7458",-46.375,-56.5625,184
"7459",-46.375,-56.4375,160
"7460",-46.375,-56.3125,129
"7461",-46.375,-56.1875,152
"7462",-46.375,-56.0625,145
"7463",-46.375,-55.9375,118
"7464",-46.375,-55.8125,134
"7465",-46.375,-55.6875,89
"7466",-46.375,-55.5625,96
"7467",-46.375,-55.4375,92
"7468",-46.375,-55.3125,88
"7469",-46.375,-55.1875,71
"7470",-46.375,-55.0625,54
"7471",-46.375,-54.9375,38
"7472",-46.375,-54.8125,38
"7473",-46.375,-54.6875,30
"7474",-46.375,-54.5625,28
"7475",-46.375,-54.4375,32
"7476",-46.375,-54.3125,30
"7477",-46.375,-54.1875,32
"7478",-46.375,-54.0625,22
"7479",-46.375,-53.9375,21
"7480",-46.375,-53.8125,25
"7481",-46.375,-53.6875,25
"7482",-46.375,-53.5625,23
"7483",-46.375,-53.4375,20
"7484",-46.375,-53.3125,26
"7485",-46.375,-53.1875,33
"7486",-46.375,-53.0625,29
"7487",-46.375,-52.9375,15
"7488",-46.375,-52.8125,15
"7489",-46.375,-52.6875,14
"7490",-46.375,-52.5625,21
"7491",-46.375,-52.4375,22
"7492",-46.375,-52.3125,22
"7493",-46.375,-52.1875,14
"7494",-46.375,-52.0625,16
"7495",-46.375,-51.9375,11
"7496",-46.375,-51.8125,16
"7497",-46.375,-51.6875,15
"7498",-46.375,-51.5625,13
"7499",-46.375,-51.4375,8
"7500",-46.375,-51.3125,12
"7501",-46.375,-51.1875,6
"7502",-46.375,-51.0625,23
"7503",-46.375,-50.9375,21
"7504",-46.375,-50.8125,17
"7505",-46.375,-50.6875,2
"7506",-46.375,-50.5625,4
"7507",-46.375,-50.4375,14
"7508",-46.375,-50.3125,6
"7509",-46.375,-50.1875,2
"7510",-46.375,-50.0625,5
"7511",-46.125,-62.4375,2
"7512",-46.125,-60.3125,10
"7513",-46.125,-60.1875,8
"7514",-46.125,-60.0625,20
"7515",-46.125,-59.9375,22
"7516",-46.125,-59.8125,73
"7517",-46.125,-59.6875,106
"7518",-46.125,-59.5625,137
"7519",-46.125,-59.4375,122
"7520",-46.125,-59.3125,120
"7521",-46.125,-59.1875,149
"7522",-46.125,-59.0625,159
"7523",-46.125,-58.9375,134
"7524",-46.125,-58.8125,137
"7525",-46.125,-58.6875,111
"7526",-46.125,-58.5625,168
"7527",-46.125,-58.4375,201
"7528",-46.125,-58.3125,239
"7529",-46.125,-58.1875,221
"7530",-46.125,-58.0625,230
"7531",-46.125,-57.9375,255
"7532",-46.125,-57.8125,271
"7533",-46.125,-57.6875,261
"7534",-46.125,-57.5625,216
"7535",-46.125,-57.4375,194
"7536",-46.125,-57.3125,214
"7537",-46.125,-57.1875,191
"7538",-46.125,-57.0625,174
"7539",-46.125,-56.9375,182
"7540",-46.125,-56.8125,185
"7541",-46.125,-56.6875,167
"7542",-46.125,-56.5625,198
"7543",-46.125,-56.4375,149
"7544",-46.125,-56.3125,177
"7545",-46.125,-56.1875,152
"7546",-46.125,-56.0625,168
"7547",-46.125,-55.9375,137
"7548",-46.125,-55.8125,95
"7549",-46.125,-55.6875,88
"7550",-46.125,-55.5625,63
"7551",-46.125,-55.4375,74
"7552",-46.125,-55.3125,69
"7553",-46.125,-55.1875,67
"7554",-46.125,-55.0625,77
"7555",-46.125,-54.9375,49
"7556",-46.125,-54.8125,44
"7557",-46.125,-54.6875,35
"7558",-46.125,-54.5625,36
"7559",-46.125,-54.4375,47
"7560",-46.125,-54.3125,38
"7561",-46.125,-54.1875,33
"7562",-46.125,-54.0625,32
"7563",-46.125,-53.9375,47
"7564",-46.125,-53.8125,26
"7565",-46.125,-53.6875,37
"7566",-46.125,-53.5625,39
"7567",-46.125,-53.4375,26
"7568",-46.125,-53.3125,27
"7569",-46.125,-53.1875,28
"7570",-46.125,-53.0625,25
"7571",-46.125,-52.9375,13
"7572",-46.125,-52.8125,24
"7573",-46.125,-52.6875,10
"7574",-46.125,-52.5625,25
"7575",-46.125,-52.4375,12
"7576",-46.125,-52.3125,13
"7577",-46.125,-52.1875,24
"7578",-46.125,-52.0625,21
"7579",-46.125,-51.9375,20
"7580",-46.125,-51.8125,24
"7581",-46.125,-51.6875,18
"7582",-46.125,-51.5625,15
"7583",-46.125,-51.4375,24
"7584",-46.125,-51.3125,10
"7585",-46.125,-51.1875,19
"7586",-46.125,-51.0625,33
"7587",-46.125,-50.9375,18
"7588",-46.125,-50.8125,3
"7589",-46.125,-50.6875,2
"7590",-46.125,-50.5625,2
"7591",-46.125,-50.4375,3
"7592",-46.125,-50.3125,6
"7593",-46.125,-50.1875,2
"7594",-46.125,-50.0625,6
"7595",-45.875,-62.4375,5
"7596",-45.875,-60.3125,4
"7597",-45.875,-60.1875,4
"7598",-45.875,-60.0625,30
"7599",-45.875,-59.9375,46
"7600",-45.875,-59.8125,94
"7601",-45.875,-59.6875,114
"7602",-45.875,-59.5625,115
"7603",-45.875,-59.4375,121
"7604",-45.875,-59.3125,139
"7605",-45.875,-59.1875,139
"7606",-45.875,-59.0625,143
"7607",-45.875,-58.9375,153
"7608",-45.875,-58.8125,95
"7609",-45.875,-58.6875,95
"7610",-45.875,-58.5625,123
"7611",-45.875,-58.4375,143
"7612",-45.875,-58.3125,203
"7613",-45.875,-58.1875,205
"7614",-45.875,-58.0625,241
"7615",-45.875,-57.9375,243
"7616",-45.875,-57.8125,236
"7617",-45.875,-57.6875,287
"7618",-45.875,-57.5625,238
"7619",-45.875,-57.4375,195
"7620",-45.875,-57.3125,208
"7621",-45.875,-57.1875,190
"7622",-45.875,-57.0625,164
"7623",-45.875,-56.9375,201
"7624",-45.875,-56.8125,188
"7625",-45.875,-56.6875,222
"7626",-45.875,-56.5625,173
"7627",-45.875,-56.4375,174
"7628",-45.875,-56.3125,165
"7629",-45.875,-56.1875,139
"7630",-45.875,-56.0625,140
"7631",-45.875,-55.9375,137
"7632",-45.875,-55.8125,127
"7633",-45.875,-55.6875,95
"7634",-45.875,-55.5625,82
"7635",-45.875,-55.4375,65
"7636",-45.875,-55.3125,58
"7637",-45.875,-55.1875,66
"7638",-45.875,-55.0625,58
"7639",-45.875,-54.9375,45
"7640",-45.875,-54.8125,60
"7641",-45.875,-54.6875,36
"7642",-45.875,-54.5625,35
"7643",-45.875,-54.4375,48
"7644",-45.875,-54.3125,49
"7645",-45.875,-54.1875,66
"7646",-45.875,-54.0625,36
"7647",-45.875,-53.9375,58
"7648",-45.875,-53.8125,48
"7649",-45.875,-53.6875,25
"7650",-45.875,-53.5625,30
"7651",-45.875,-53.4375,36
"7652",-45.875,-53.3125,32
"7653",-45.875,-53.1875,47
"7654",-45.875,-53.0625,29
"7655",-45.875,-52.9375,25
"7656",-45.875,-52.8125,10
"7657",-45.875,-52.6875,16
"7658",-45.875,-52.5625,12
"7659",-45.875,-52.4375,15
"7660",-45.875,-52.3125,15
"7661",-45.875,-52.1875,17
"7662",-45.875,-52.0625,12
"7663",-45.875,-51.9375,15
"7664",-45.875,-51.8125,7
"7665",-45.875,-51.6875,19
"7666",-45.875,-51.5625,22
"7667",-45.875,-51.4375,22
"7668",-45.875,-51.3125,26
"7669",-45.875,-51.1875,19
"7670",-45.875,-51.0625,25
"7671",-45.875,-50.9375,22
"7672",-45.875,-50.8125,4
"7673",-45.875,-50.4375,2
"7674",-45.875,-50.3125,1
"7675",-45.875,-50.1875,2
"7676",-45.875,-50.0625,1
"7677",-45.625,-62.4375,1
"7678",-45.625,-62.3125,7
"7679",-45.625,-60.4375,2
"7680",-45.625,-60.1875,8
"7681",-45.625,-60.0625,46
"7682",-45.625,-59.9375,37
"7683",-45.625,-59.8125,94
"7684",-45.625,-59.6875,104
"7685",-45.625,-59.5625,100
"7686",-45.625,-59.4375,109
"7687",-45.625,-59.3125,98
"7688",-45.625,-59.1875,123
"7689",-45.625,-59.0625,102
"7690",-45.625,-58.9375,118
"7691",-45.625,-58.8125,99
"7692",-45.625,-58.6875,109
"7693",-45.625,-58.5625,116
"7694",-45.625,-58.4375,155
"7695",-45.625,-58.3125,156
"7696",-45.625,-58.1875,190
"7697",-45.625,-58.0625,179
"7698",-45.625,-57.9375,176
"7699",-45.625,-57.8125,229
"7700",-45.625,-57.6875,276
"7701",-45.625,-57.5625,266
"7702",-45.625,-57.4375,224
"7703",-45.625,-57.3125,222
"7704",-45.625,-57.1875,186
"7705",-45.625,-57.0625,150
"7706",-45.625,-56.9375,162
"7707",-45.625,-56.8125,178
"7708",-45.625,-56.6875,225
"7709",-45.625,-56.5625,185
"7710",-45.625,-56.4375,168
"7711",-45.625,-56.3125,142
"7712",-45.625,-56.1875,132
"7713",-45.625,-56.0625,119
"7714",-45.625,-55.9375,126
"7715",-45.625,-55.8125,116
"7716",-45.625,-55.6875,100
"7717",-45.625,-55.5625,94
"7718",-45.625,-55.4375,72
"7719",-45.625,-55.3125,90
"7720",-45.625,-55.1875,83
"7721",-45.625,-55.0625,62
"7722",-45.625,-54.9375,69
"7723",-45.625,-54.8125,69
"7724",-45.625,-54.6875,78
"7725",-45.625,-54.5625,67
"7726",-45.625,-54.4375,66
"7727",-45.625,-54.3125,65
"7728",-45.625,-54.1875,62
"7729",-45.625,-54.0625,53
"7730",-45.625,-53.9375,62
"7731",-45.625,-53.8125,54
"7732",-45.625,-53.6875,34
"7733",-45.625,-53.5625,52
"7734",-45.625,-53.4375,37
"7735",-45.625,-53.3125,39
"7736",-45.625,-53.1875,38
"7737",-45.625,-53.0625,43
"7738",-45.625,-52.9375,34
"7739",-45.625,-52.8125,23
"7740",-45.625,-52.6875,21
"7741",-45.625,-52.5625,16
"7742",-45.625,-52.4375,14
"7743",-45.625,-52.3125,16
"7744",-45.625,-52.1875,9
"7745",-45.625,-52.0625,23
"7746",-45.625,-51.9375,13
"7747",-45.625,-51.8125,7
"7748",-45.625,-51.6875,12
"7749",-45.625,-51.5625,16
"7750",-45.625,-51.4375,28
"7751",-45.625,-51.3125,23
"7752",-45.625,-51.1875,18
"7753",-45.625,-51.0625,18
"7754",-45.625,-50.9375,19
"7755",-45.625,-50.8125,7
"7756",-45.625,-50.6875,2
"7757",-45.625,-50.5625,3
"7758",-45.625,-50.4375,5
"7759",-45.625,-50.3125,3
"7760",-45.625,-50.1875,2
"7761",-45.625,-50.0625,6
"7762",-45.375,-60.4375,1
"7763",-45.375,-60.1875,5
"7764",-45.375,-60.0625,26
"7765",-45.375,-59.9375,46
"7766",-45.375,-59.8125,75
"7767",-45.375,-59.6875,96
"7768",-45.375,-59.5625,123
"7769",-45.375,-59.4375,101
"7770",-45.375,-59.3125,77
"7771",-45.375,-59.1875,138
"7772",-45.375,-59.0625,110
"7773",-45.375,-58.9375,110
"7774",-45.375,-58.8125,102
"7775",-45.375,-58.6875,96
"7776",-45.375,-58.5625,146
"7777",-45.375,-58.4375,130
"7778",-45.375,-58.3125,166
"7779",-45.375,-58.1875,167
"7780",-45.375,-58.0625,212
"7781",-45.375,-57.9375,175
"7782",-45.375,-57.8125,206
"7783",-45.375,-57.6875,253
"7784",-45.375,-57.5625,261
"7785",-45.375,-57.4375,278
"7786",-45.375,-57.3125,218
"7787",-45.375,-57.1875,191
"7788",-45.375,-57.0625,182
"7789",-45.375,-56.9375,129
"7790",-45.375,-56.8125,155
"7791",-45.375,-56.6875,156
"7792",-45.375,-56.5625,148
"7793",-45.375,-56.4375,148
"7794",-45.375,-56.3125,128
"7795",-45.375,-56.1875,124
"7796",-45.375,-56.0625,131
"7797",-45.375,-55.9375,98
"7798",-45.375,-55.8125,91
"7799",-45.375,-55.6875,101
"7800",-45.375,-55.5625,79
"7801",-45.375,-55.4375,66
"7802",-45.375,-55.3125,78
"7803",-45.375,-55.1875,58
"7804",-45.375,-55.0625,76
"7805",-45.375,-54.9375,187
"7806",-45.375,-54.8125,75
"7807",-45.375,-54.6875,103
"7808",-45.375,-54.5625,68
"7809",-45.375,-54.4375,55
"7810",-45.375,-54.3125,43
"7811",-45.375,-54.1875,64
"7812",-45.375,-54.0625,45
"7813",-45.375,-53.9375,55
"7814",-45.375,-53.8125,44
"7815",-45.375,-53.6875,46
"7816",-45.375,-53.5625,40
"7817",-45.375,-53.4375,44
"7818",-45.375,-53.3125,52
"7819",-45.375,-53.1875,53
"7820",-45.375,-53.0625,46
"7821",-45.375,-52.9375,44
"7822",-45.375,-52.8125,43
"7823",-45.375,-52.6875,21
"7824",-45.375,-52.5625,16
"7825",-45.375,-52.4375,14
"7826",-45.375,-52.3125,13
"7827",-45.375,-52.1875,13
"7828",-45.375,-52.0625,7
"7829",-45.375,-51.9375,9
"7830",-45.375,-51.8125,8
"7831",-45.375,-51.6875,12
"7832",-45.375,-51.5625,17
"7833",-45.375,-51.4375,22
"7834",-45.375,-51.3125,25
"7835",-45.375,-51.1875,20
"7836",-45.375,-51.0625,19
"7837",-45.375,-50.9375,11
"7838",-45.375,-50.8125,3
"7839",-45.375,-50.6875,8
"7840",-45.375,-50.5625,2
"7841",-45.375,-50.4375,9
"7842",-45.375,-50.3125,7
"7843",-45.375,-50.1875,2
"7844",-45.375,-50.0625,3
"7845",-45.125,-60.4375,2
"7846",-45.125,-60.1875,21
"7847",-45.125,-60.0625,22
"7848",-45.125,-59.9375,38
"7849",-45.125,-59.8125,74
"7850",-45.125,-59.6875,127
"7851",-45.125,-59.5625,115
"7852",-45.125,-59.4375,77
"7853",-45.125,-59.3125,74
"7854",-45.125,-59.1875,85
"7855",-45.125,-59.0625,105
"7856",-45.125,-58.9375,93
"7857",-45.125,-58.8125,119
"7858",-45.125,-58.6875,106
"7859",-45.125,-58.5625,128
"7860",-45.125,-58.4375,125
"7861",-45.125,-58.3125,139
"7862",-45.125,-58.1875,171
"7863",-45.125,-58.0625,191
"7864",-45.125,-57.9375,158
"7865",-45.125,-57.8125,171
"7866",-45.125,-57.6875,230
"7867",-45.125,-57.5625,218
"7868",-45.125,-57.4375,256
"7869",-45.125,-57.3125,243
"7870",-45.125,-57.1875,201
"7871",-45.125,-57.0625,192
"7872",-45.125,-56.9375,134
"7873",-45.125,-56.8125,127
"7874",-45.125,-56.6875,113
"7875",-45.125,-56.5625,111
"7876",-45.125,-56.4375,146
"7877",-45.125,-56.3125,115
"7878",-45.125,-56.1875,92
"7879",-45.125,-56.0625,106
"7880",-45.125,-55.9375,83
"7881",-45.125,-55.8125,97
"7882",-45.125,-55.6875,91
"7883",-45.125,-55.5625,88
"7884",-45.125,-55.4375,73
"7885",-45.125,-55.3125,64
"7886",-45.125,-55.1875,63
"7887",-45.125,-55.0625,62
"7888",-45.125,-54.9375,50
"7889",-45.125,-54.8125,83
"7890",-45.125,-54.6875,108
"7891",-45.125,-54.5625,136
"7892",-45.125,-54.4375,91
"7893",-45.125,-54.3125,75
"7894",-45.125,-54.1875,64
"7895",-45.125,-54.0625,68
"7896",-45.125,-53.9375,45
"7897",-45.125,-53.8125,49
"7898",-45.125,-53.6875,59
"7899",-45.125,-53.5625,48
"7900",-45.125,-53.4375,37
"7901",-45.125,-53.3125,48
"7902",-45.125,-53.1875,51
"7903",-45.125,-53.0625,57
"7904",-45.125,-52.9375,30
"7905",-45.125,-52.8125,39
"7906",-45.125,-52.6875,20
"7907",-45.125,-52.5625,9
"7908",-45.125,-52.4375,9
"7909",-45.125,-52.3125,12
"7910",-45.125,-52.1875,10
"7911",-45.125,-52.0625,9
"7912",-45.125,-51.9375,10
"7913",-45.125,-51.8125,10
"7914",-45.125,-51.6875,6
"7915",-45.125,-51.5625,12
"7916",-45.125,-51.4375,24
"7917",-45.125,-51.3125,16
"7918",-45.125,-51.1875,12
"7919",-45.125,-51.0625,13
"7920",-45.125,-50.9375,12
"7921",-45.125,-50.8125,5
"7922",-45.125,-50.5625,1
"7923",-45.125,-50.4375,6
"7924",-45.125,-50.3125,3
"7925",-45.125,-50.1875,3
"7926",-45.125,-50.0625,10
"7927",-44.875,-60.5625,2
"7928",-44.875,-60.1875,10
"7929",-44.875,-60.0625,20
"7930",-44.875,-59.9375,38
"7931",-44.875,-59.8125,55
"7932",-44.875,-59.6875,116
"7933",-44.875,-59.5625,98
"7934",-44.875,-59.4375,93
"7935",-44.875,-59.3125,73
"7936",-44.875,-59.1875,64
"7937",-44.875,-59.0625,61
"7938",-44.875,-58.9375,44
"7939",-44.875,-58.8125,101
"7940",-44.875,-58.6875,116
"7941",-44.875,-58.5625,122
"7942",-44.875,-58.4375,128
"7943",-44.875,-58.3125,105
"7944",-44.875,-58.1875,144
"7945",-44.875,-58.0625,135
"7946",-44.875,-57.9375,138
"7947",-44.875,-57.8125,157
"7948",-44.875,-57.6875,195
"7949",-44.875,-57.5625,226
"7950",-44.875,-57.4375,231
"7951",-44.875,-57.3125,260
"7952",-44.875,-57.1875,240
"7953",-44.875,-57.0625,219
"7954",-44.875,-56.9375,210
"7955",-44.875,-56.8125,121
"7956",-44.875,-56.6875,120
"7957",-44.875,-56.5625,115
"7958",-44.875,-56.4375,109
"7959",-44.875,-56.3125,89
"7960",-44.875,-56.1875,97
"7961",-44.875,-56.0625,52
"7962",-44.875,-55.9375,59
"7963",-44.875,-55.8125,80
"7964",-44.875,-55.6875,81
"7965",-44.875,-55.5625,63
"7966",-44.875,-55.4375,55
"7967",-44.875,-55.3125,53
"7968",-44.875,-55.1875,46
"7969",-44.875,-55.0625,57
"7970",-44.875,-54.9375,54
"7971",-44.875,-54.8125,73
"7972",-44.875,-54.6875,94
"7973",-44.875,-54.5625,205
"7974",-44.875,-54.4375,168
"7975",-44.875,-54.3125,81
"7976",-44.875,-54.1875,61
"7977",-44.875,-54.0625,50
"7978",-44.875,-53.9375,30
"7979",-44.875,-53.8125,41
"7980",-44.875,-53.6875,41
"7981",-44.875,-53.5625,38
"7982",-44.875,-53.4375,50
"7983",-44.875,-53.3125,33
"7984",-44.875,-53.1875,28
"7985",-44.875,-53.0625,35
"7986",-44.875,-52.9375,30
"7987",-44.875,-52.8125,28
"7988",-44.875,-52.6875,25
"7989",-44.875,-52.5625,9
"7990",-44.875,-52.4375,11
"7991",-44.875,-52.3125,11
"7992",-44.875,-52.1875,22
"7993",-44.875,-52.0625,15
"7994",-44.875,-51.9375,11
"7995",-44.875,-51.8125,5
"7996",-44.875,-51.6875,7
"7997",-44.875,-51.5625,6
"7998",-44.875,-51.4375,9
"7999",-44.875,-51.3125,9
"8000",-44.875,-51.1875,14
"8001",-44.875,-51.0625,4
"8002",-44.875,-50.9375,8
"8003",-44.875,-50.8125,3
"8004",-44.875,-50.6875,1
"8005",-44.875,-50.4375,1
"8006",-44.875,-50.3125,4
"8007",-44.875,-50.1875,5
"8008",-44.875,-50.0625,2
"8009",-44.625,-60.3125,1
"8010",-44.625,-60.1875,6
"8011",-44.625,-60.0625,37
"8012",-44.625,-59.9375,41
"8013",-44.625,-59.8125,47
"8014",-44.625,-59.6875,103
"8015",-44.625,-59.5625,120
"8016",-44.625,-59.4375,140
"8017",-44.625,-59.3125,122
"8018",-44.625,-59.1875,70
"8019",-44.625,-59.0625,90
"8020",-44.625,-58.9375,100
"8021",-44.625,-58.8125,80
"8022",-44.625,-58.6875,72
"8023",-44.625,-58.5625,87
"8024",-44.625,-58.4375,111
"8025",-44.625,-58.3125,93
"8026",-44.625,-58.1875,110
"8027",-44.625,-58.0625,136
"8028",-44.625,-57.9375,115
"8029",-44.625,-57.8125,171
"8030",-44.625,-57.6875,161
"8031",-44.625,-57.5625,190
"8032",-44.625,-57.4375,224
"8033",-44.625,-57.3125,230
"8034",-44.625,-57.1875,256
"8035",-44.625,-57.0625,251
"8036",-44.625,-56.9375,218
"8037",-44.625,-56.8125,154
"8038",-44.625,-56.6875,147
"8039",-44.625,-56.5625,132
"8040",-44.625,-56.4375,94
"8041",-44.625,-56.3125,68
"8042",-44.625,-56.1875,49
"8043",-44.625,-56.0625,42
"8044",-44.625,-55.9375,60
"8045",-44.625,-55.8125,78
"8046",-44.625,-55.6875,77
"8047",-44.625,-55.5625,72
"8048",-44.625,-55.4375,65
"8049",-44.625,-55.3125,66
"8050",-44.625,-55.1875,55
"8051",-44.625,-55.0625,68
"8052",-44.625,-54.9375,70
"8053",-44.625,-54.8125,71
"8054",-44.625,-54.6875,40
"8055",-44.625,-54.5625,47
"8056",-44.625,-54.4375,49
"8057",-44.625,-54.3125,26
"8058",-44.625,-54.1875,34
"8059",-44.625,-54.0625,49
"8060",-44.625,-53.9375,43
"8061",-44.625,-53.8125,30
"8062",-44.625,-53.6875,30
"8063",-44.625,-53.5625,53
"8064",-44.625,-53.4375,33
"8065",-44.625,-53.3125,32
"8066",-44.625,-53.1875,29
"8067",-44.625,-53.0625,26
"8068",-44.625,-52.9375,22
"8069",-44.625,-52.8125,20
"8070",-44.625,-52.6875,16
"8071",-44.625,-52.5625,13
"8072",-44.625,-52.4375,17
"8073",-44.625,-52.3125,12
"8074",-44.625,-52.1875,11
"8075",-44.625,-52.0625,9
"8076",-44.625,-51.9375,10
"8077",-44.625,-51.8125,9
"8078",-44.625,-51.6875,5
"8079",-44.625,-51.5625,10
"8080",-44.625,-51.4375,14
"8081",-44.625,-51.3125,7
"8082",-44.625,-51.1875,4
"8083",-44.625,-51.0625,7
"8084",-44.625,-50.9375,7
"8085",-44.625,-50.8125,1
"8086",-44.625,-50.4375,2
"8087",-44.625,-50.1875,3
"8088",-44.625,-50.0625,1
"8089",-44.375,-60.1875,3
"8090",-44.375,-60.0625,13
"8091",-44.375,-59.9375,31
"8092",-44.375,-59.8125,30
"8093",-44.375,-59.6875,86
"8094",-44.375,-59.5625,118
"8095",-44.375,-59.4375,102
"8096",-44.375,-59.3125,105
"8097",-44.375,-59.1875,99
"8098",-44.375,-59.0625,67
"8099",-44.375,-58.9375,49
"8100",-44.375,-58.8125,78
"8101",-44.375,-58.6875,104
"8102",-44.375,-58.5625,120
"8103",-44.375,-58.4375,98
"8104",-44.375,-58.3125,99
"8105",-44.375,-58.1875,93
"8106",-44.375,-58.0625,104
"8107",-44.375,-57.9375,141
"8108",-44.375,-57.8125,123
"8109",-44.375,-57.6875,153
"8110",-44.375,-57.5625,177
"8111",-44.375,-57.4375,160
"8112",-44.375,-57.3125,205
"8113",-44.375,-57.1875,247
"8114",-44.375,-57.0625,250
"8115",-44.375,-56.9375,252
"8116",-44.375,-56.8125,169
"8117",-44.375,-56.6875,158
"8118",-44.375,-56.5625,104
"8119",-44.375,-56.4375,118
"8120",-44.375,-56.3125,73
"8121",-44.375,-56.1875,49
"8122",-44.375,-56.0625,73
"8123",-44.375,-55.9375,78
"8124",-44.375,-55.8125,73
"8125",-44.375,-55.6875,75
"8126",-44.375,-55.5625,90
"8127",-44.375,-55.4375,81
"8128",-44.375,-55.3125,82
"8129",-44.375,-55.1875,71
"8130",-44.375,-55.0625,64
"8131",-44.375,-54.9375,56
"8132",-44.375,-54.8125,45
"8133",-44.375,-54.6875,55
"8134",-44.375,-54.5625,49
"8135",-44.375,-54.4375,55
"8136",-44.375,-54.3125,50
"8137",-44.375,-54.1875,40
"8138",-44.375,-54.0625,28
"8139",-44.375,-53.9375,27
"8140",-44.375,-53.8125,13
"8141",-44.375,-53.6875,27
"8142",-44.375,-53.5625,45
"8143",-44.375,-53.4375,27
"8144",-44.375,-53.3125,35
"8145",-44.375,-53.1875,36
"8146",-44.375,-53.0625,30
"8147",-44.375,-52.9375,14
"8148",-44.375,-52.8125,15
"8149",-44.375,-52.6875,16
"8150",-44.375,-52.5625,16
"8151",-44.375,-52.4375,15
"8152",-44.375,-52.3125,20
"8153",-44.375,-52.1875,8
"8154",-44.375,-52.0625,6
"8155",-44.375,-51.9375,8
"8156",-44.375,-51.8125,4
"8157",-44.375,-51.6875,10
"8158",-44.375,-51.5625,7
"8159",-44.375,-51.4375,11
"8160",-44.375,-51.3125,14
"8161",-44.375,-51.1875,10
"8162",-44.375,-51.0625,6
"8163",-44.375,-50.9375,1
"8164",-44.375,-50.8125,1
"8165",-44.375,-50.4375,1
"8166",-44.375,-50.1875,1
"8167",-44.375,-50.0625,1
"8168",-44.125,-60.3125,5
"8169",-44.125,-60.1875,4
"8170",-44.125,-59.9375,20
"8171",-44.125,-59.8125,31
"8172",-44.125,-59.6875,47
"8173",-44.125,-59.5625,90
"8174",-44.125,-59.4375,111
"8175",-44.125,-59.3125,115
"8176",-44.125,-59.1875,90
"8177",-44.125,-59.0625,57
"8178",-44.125,-58.9375,71
"8179",-44.125,-58.8125,139
"8180",-44.125,-58.6875,110
"8181",-44.125,-58.5625,115
"8182",-44.125,-58.4375,112
"8183",-44.125,-58.3125,95
"8184",-44.125,-58.1875,100
"8185",-44.125,-58.0625,106
"8186",-44.125,-57.9375,104
"8187",-44.125,-57.8125,104
"8188",-44.125,-57.6875,154
"8189",-44.125,-57.5625,135
"8190",-44.125,-57.4375,157
"8191",-44.125,-57.3125,147
"8192",-44.125,-57.1875,193
"8193",-44.125,-57.0625,228
"8194",-44.125,-56.9375,249
"8195",-44.125,-56.8125,215
"8196",-44.125,-56.6875,174
"8197",-44.125,-56.5625,153
"8198",-44.125,-56.4375,123
"8199",-44.125,-56.3125,81
"8200",-44.125,-56.1875,85
"8201",-44.125,-56.0625,83
"8202",-44.125,-55.9375,81
"8203",-44.125,-55.8125,82
"8204",-44.125,-55.6875,90
"8205",-44.125,-55.5625,120
"8206",-44.125,-55.4375,103
"8207",-44.125,-55.3125,70
"8208",-44.125,-55.1875,87
"8209",-44.125,-55.0625,80
"8210",-44.125,-54.9375,69
"8211",-44.125,-54.8125,28
"8212",-44.125,-54.6875,28
"8213",-44.125,-54.5625,40
"8214",-44.125,-54.4375,44
"8215",-44.125,-54.3125,20
"8216",-44.125,-54.1875,30
"8217",-44.125,-54.0625,25
"8218",-44.125,-53.9375,16
"8219",-44.125,-53.8125,13
"8220",-44.125,-53.6875,30
"8221",-44.125,-53.5625,34
"8222",-44.125,-53.4375,37
"8223",-44.125,-53.3125,41
"8224",-44.125,-53.1875,33
"8225",-44.125,-53.0625,27
"8226",-44.125,-52.9375,33
"8227",-44.125,-52.8125,15
"8228",-44.125,-52.6875,18
"8229",-44.125,-52.5625,13
"8230",-44.125,-52.4375,18
"8231",-44.125,-52.3125,9
"8232",-44.125,-52.1875,14
"8233",-44.125,-52.0625,9
"8234",-44.125,-51.9375,9
"8235",-44.125,-51.8125,9
"8236",-44.125,-51.6875,6
"8237",-44.125,-51.5625,7
"8238",-44.125,-51.4375,3
"8239",-44.125,-51.3125,3
"8240",-44.125,-51.1875,2
"8241",-44.125,-51.0625,1
"8242",-44.125,-50.9375,3
"8243",-44.125,-50.4375,1
"8244",-44.125,-50.0625,3
"8245",-43.875,-60.4375,3
"8246",-43.875,-60.3125,8
"8247",-43.875,-60.1875,10
"8248",-43.875,-60.0625,22
"8249",-43.875,-59.9375,20
"8250",-43.875,-59.8125,20
"8251",-43.875,-59.6875,17
"8252",-43.875,-59.5625,48
"8253",-43.875,-59.4375,92
"8254",-43.875,-59.3125,108
"8255",-43.875,-59.1875,102
"8256",-43.875,-59.0625,115
"8257",-43.875,-58.9375,99
"8258",-43.875,-58.8125,103
"8259",-43.875,-58.6875,89
"8260",-43.875,-58.5625,88
"8261",-43.875,-58.4375,107
"8262",-43.875,-58.3125,90
"8263",-43.875,-58.1875,81
"8264",-43.875,-58.0625,95
"8265",-43.875,-57.9375,73
"8266",-43.875,-57.8125,96
"8267",-43.875,-57.6875,120
"8268",-43.875,-57.5625,104
"8269",-43.875,-57.4375,130
"8270",-43.875,-57.3125,166
"8271",-43.875,-57.1875,182
"8272",-43.875,-57.0625,261
"8273",-43.875,-56.9375,266
"8274",-43.875,-56.8125,267
"8275",-43.875,-56.6875,197
"8276",-43.875,-56.5625,194
"8277",-43.875,-56.4375,153
"8278",-43.875,-56.3125,123
"8279",-43.875,-56.1875,119
"8280",-43.875,-56.0625,155
"8281",-43.875,-55.9375,116
"8282",-43.875,-55.8125,82
"8283",-43.875,-55.6875,123
"8284",-43.875,-55.5625,196
"8285",-43.875,-55.4375,170
"8286",-43.875,-55.3125,148
"8287",-43.875,-55.1875,146
"8288",-43.875,-55.0625,53
"8289",-43.875,-54.9375,53
"8290",-43.875,-54.8125,42
"8291",-43.875,-54.6875,30
"8292",-43.875,-54.5625,40
"8293",-43.875,-54.4375,32
"8294",-43.875,-54.3125,18
"8295",-43.875,-54.1875,12
"8296",-43.875,-54.0625,12
"8297",-43.875,-53.9375,18
"8298",-43.875,-53.8125,15
"8299",-43.875,-53.6875,23
"8300",-43.875,-53.5625,47
"8301",-43.875,-53.4375,52
"8302",-43.875,-53.3125,40
"8303",-43.875,-53.1875,45
"8304",-43.875,-53.0625,34
"8305",-43.875,-52.9375,33
"8306",-43.875,-52.8125,11
"8307",-43.875,-52.6875,25
"8308",-43.875,-52.5625,10
"8309",-43.875,-52.4375,7
"8310",-43.875,-52.3125,5
"8311",-43.875,-52.1875,14
"8312",-43.875,-52.0625,10
"8313",-43.875,-51.9375,13
"8314",-43.875,-51.8125,9
"8315",-43.875,-51.6875,7
"8316",-43.875,-51.5625,3
"8317",-43.875,-51.4375,6
"8318",-43.875,-51.1875,4
"8319",-43.875,-51.0625,2
"8320",-43.875,-50.9375,2
"8321",-43.875,-50.8125,1
"8322",-43.875,-50.6875,1
"8323",-43.875,-50.4375,2
"8324",-43.875,-50.1875,1
"8325",-43.625,-60.4375,6
"8326",-43.625,-60.3125,6
"8327",-43.625,-60.1875,8
"8328",-43.625,-60.0625,9
"8329",-43.625,-59.9375,4
"8330",-43.625,-59.8125,8
"8331",-43.625,-59.6875,12
"8332",-43.625,-59.5625,25
"8333",-43.625,-59.4375,36
"8334",-43.625,-59.3125,60
"8335",-43.625,-59.1875,91
"8336",-43.625,-59.0625,92
"8337",-43.625,-58.9375,97
"8338",-43.625,-58.8125,79
"8339",-43.625,-58.6875,86
"8340",-43.625,-58.5625,114
"8341",-43.625,-58.4375,108
"8342",-43.625,-58.3125,73
"8343",-43.625,-58.1875,65
"8344",-43.625,-58.0625,71
"8345",-43.625,-57.9375,97
"8346",-43.625,-57.8125,120
"8347",-43.625,-57.6875,86
"8348",-43.625,-57.5625,100
"8349",-43.625,-57.4375,131
"8350",-43.625,-57.3125,137
"8351",-43.625,-57.1875,162
"8352",-43.625,-57.0625,246
"8353",-43.625,-56.9375,231
"8354",-43.625,-56.8125,252
"8355",-43.625,-56.6875,256
"8356",-43.625,-56.5625,246
"8357",-43.625,-56.4375,182
"8358",-43.625,-56.3125,140
"8359",-43.625,-56.1875,186
"8360",-43.625,-56.0625,173
"8361",-43.625,-55.9375,166
"8362",-43.625,-55.8125,124
"8363",-43.625,-55.6875,148
"8364",-43.625,-55.5625,223
"8365",-43.625,-55.4375,198
"8366",-43.625,-55.3125,156
"8367",-43.625,-55.1875,119
"8368",-43.625,-55.0625,81
"8369",-43.625,-54.9375,38
"8370",-43.625,-54.8125,33
"8371",-43.625,-54.6875,29
"8372",-43.625,-54.5625,25
"8373",-43.625,-54.4375,36
"8374",-43.625,-54.3125,16
"8375",-43.625,-54.1875,21
"8376",-43.625,-54.0625,17
"8377",-43.625,-53.9375,14
"8378",-43.625,-53.8125,31
"8379",-43.625,-53.6875,34
"8380",-43.625,-53.5625,38
"8381",-43.625,-53.4375,31
"8382",-43.625,-53.3125,41
"8383",-43.625,-53.1875,35
"8384",-43.625,-53.0625,34
"8385",-43.625,-52.9375,30
"8386",-43.625,-52.8125,19
"8387",-43.625,-52.6875,13
"8388",-43.625,-52.5625,7
"8389",-43.625,-52.4375,10
"8390",-43.625,-52.3125,12
"8391",-43.625,-52.1875,10
"8392",-43.625,-52.0625,5
"8393",-43.625,-51.9375,7
"8394",-43.625,-51.8125,13
"8395",-43.625,-51.6875,11
"8396",-43.625,-51.5625,7
"8397",-43.625,-51.4375,9
"8398",-43.625,-51.3125,3
"8399",-43.625,-51.1875,3
"8400",-43.625,-51.0625,3
"8401",-43.625,-50.9375,1
"8402",-43.625,-50.8125,1
"8403",-43.625,-50.5625,1
"8404",-43.625,-50.4375,2
"8405",-43.625,-50.3125,1
"8406",-43.375,-60.4375,4
"8407",-43.375,-60.3125,5
"8408",-43.375,-60.0625,1
"8409",-43.375,-59.9375,5
"8410",-43.375,-59.8125,5
"8411",-43.375,-59.6875,3
"8412",-43.375,-59.5625,11
"8413",-43.375,-59.4375,21
"8414",-43.375,-59.3125,30
"8415",-43.375,-59.1875,31
"8416",-43.375,-59.0625,53
"8417",-43.375,-58.9375,78
"8418",-43.375,-58.8125,85
"8419",-43.375,-58.6875,87
"8420",-43.375,-58.5625,68
"8421",-43.375,-58.4375,96
"8422",-43.375,-58.3125,90
"8423",-43.375,-58.1875,61
"8424",-43.375,-58.0625,57
"8425",-43.375,-57.9375,89
"8426",-43.375,-57.8125,122
"8427",-43.375,-57.6875,84
"8428",-43.375,-57.5625,89
"8429",-43.375,-57.4375,102
"8430",-43.375,-57.3125,128
"8431",-43.375,-57.1875,161
"8432",-43.375,-57.0625,232
"8433",-43.375,-56.9375,233
"8434",-43.375,-56.8125,234
"8435",-43.375,-56.6875,193
"8436",-43.375,-56.5625,194
"8437",-43.375,-56.4375,169
"8438",-43.375,-56.3125,194
"8439",-43.375,-56.1875,233
"8440",-43.375,-56.0625,214
"8441",-43.375,-55.9375,170
"8442",-43.375,-55.8125,182
"8443",-43.375,-55.6875,166
"8444",-43.375,-55.5625,177
"8445",-43.375,-55.4375,177
"8446",-43.375,-55.3125,111
"8447",-43.375,-55.1875,81
"8448",-43.375,-55.0625,59
"8449",-43.375,-54.9375,50
"8450",-43.375,-54.8125,27
"8451",-43.375,-54.6875,27
"8452",-43.375,-54.5625,40
"8453",-43.375,-54.4375,28
"8454",-43.375,-54.3125,19
"8455",-43.375,-54.1875,33
"8456",-43.375,-54.0625,34
"8457",-43.375,-53.9375,31
"8458",-43.375,-53.8125,42
"8459",-43.375,-53.6875,34
"8460",-43.375,-53.5625,34
"8461",-43.375,-53.4375,42
"8462",-43.375,-53.3125,29
"8463",-43.375,-53.1875,34
"8464",-43.375,-53.0625,30
"8465",-43.375,-52.9375,27
"8466",-43.375,-52.8125,26
"8467",-43.375,-52.6875,17
"8468",-43.375,-52.5625,10
"8469",-43.375,-52.4375,11
"8470",-43.375,-52.3125,12
"8471",-43.375,-52.1875,9
"8472",-43.375,-52.0625,7
"8473",-43.375,-51.9375,12
"8474",-43.375,-51.8125,6
"8475",-43.375,-51.6875,12
"8476",-43.375,-51.5625,7
"8477",-43.375,-51.4375,3
"8478",-43.375,-51.3125,2
"8479",-43.375,-51.1875,4
"8480",-43.375,-51.0625,3
"8481",-43.375,-50.6875,1
"8482",-43.375,-50.5625,2
"8483",-43.375,-50.4375,5
"8484",-43.125,-60.4375,4
"8485",-43.125,-60.3125,7
"8486",-43.125,-60.1875,6
"8487",-43.125,-60.0625,5
"8488",-43.125,-59.9375,4
"8489",-43.125,-59.8125,4
"8490",-43.125,-59.6875,4
"8491",-43.125,-59.5625,4
"8492",-43.125,-59.4375,11
"8493",-43.125,-59.3125,7
"8494",-43.125,-59.1875,33
"8495",-43.125,-59.0625,28
"8496",-43.125,-58.9375,30
"8497",-43.125,-58.8125,46
"8498",-43.125,-58.6875,75
"8499",-43.125,-58.5625,78
"8500",-43.125,-58.4375,84
"8501",-43.125,-58.3125,68
"8502",-43.125,-58.1875,49
"8503",-43.125,-58.0625,63
"8504",-43.125,-57.9375,93
"8505",-43.125,-57.8125,89
"8506",-43.125,-57.6875,87
"8507",-43.125,-57.5625,88
"8508",-43.125,-57.4375,96
"8509",-43.125,-57.3125,122
"8510",-43.125,-57.1875,173
"8511",-43.125,-57.0625,223
"8512",-43.125,-56.9375,236
"8513",-43.125,-56.8125,204
"8514",-43.125,-56.6875,220
"8515",-43.125,-56.5625,180
"8516",-43.125,-56.4375,186
"8517",-43.125,-56.3125,254
"8518",-43.125,-56.1875,286
"8519",-43.125,-56.0625,206
"8520",-43.125,-55.9375,186
"8521",-43.125,-55.8125,183
"8522",-43.125,-55.6875,166
"8523",-43.125,-55.5625,140
"8524",-43.125,-55.4375,122
"8525",-43.125,-55.3125,96
"8526",-43.125,-55.1875,88
"8527",-43.125,-55.0625,58
"8528",-43.125,-54.9375,31
"8529",-43.125,-54.8125,50
"8530",-43.125,-54.6875,43
"8531",-43.125,-54.5625,45
"8532",-43.125,-54.4375,59
"8533",-43.125,-54.3125,41
"8534",-43.125,-54.1875,39
"8535",-43.125,-54.0625,56
"8536",-43.125,-53.9375,36
"8537",-43.125,-53.8125,31
"8538",-43.125,-53.6875,40
"8539",-43.125,-53.5625,48
"8540",-43.125,-53.4375,45
"8541",-43.125,-53.3125,28
"8542",-43.125,-53.1875,36
"8543",-43.125,-53.0625,30
"8544",-43.125,-52.9375,25
"8545",-43.125,-52.8125,25
"8546",-43.125,-52.6875,10
"8547",-43.125,-52.5625,16
"8548",-43.125,-52.4375,12
"8549",-43.125,-52.3125,12
"8550",-43.125,-52.1875,7
"8551",-43.125,-52.0625,6
"8552",-43.125,-51.9375,13
"8553",-43.125,-51.8125,7
"8554",-43.125,-51.6875,8
"8555",-43.125,-51.5625,7
"8556",-43.125,-51.4375,4
"8557",-43.125,-51.3125,4
"8558",-43.125,-51.1875,1
"8559",-43.125,-51.0625,3
"8560",-43.125,-50.9375,1
"8561",-43.125,-50.4375,8
"8562",-42.875,-60.4375,6
"8563",-42.875,-60.3125,27
"8564",-42.875,-60.1875,33
"8565",-42.875,-60.0625,10
"8566",-42.875,-59.9375,8
"8567",-42.875,-59.6875,6
"8568",-42.875,-59.5625,7
"8569",-42.875,-59.4375,4
"8570",-42.875,-59.3125,13
"8571",-42.875,-59.1875,32
"8572",-42.875,-59.0625,35
"8573",-42.875,-58.9375,28
"8574",-42.875,-58.8125,20
"8575",-42.875,-58.6875,37
"8576",-42.875,-58.5625,83
"8577",-42.875,-58.4375,94
"8578",-42.875,-58.3125,70
"8579",-42.875,-58.1875,77
"8580",-42.875,-58.0625,89
"8581",-42.875,-57.9375,80
"8582",-42.875,-57.8125,87
"8583",-42.875,-57.6875,77
"8584",-42.875,-57.5625,116
"8585",-42.875,-57.4375,136
"8586",-42.875,-57.3125,123
"8587",-42.875,-57.1875,215
"8588",-42.875,-57.0625,248
"8589",-42.875,-56.9375,223
"8590",-42.875,-56.8125,193
"8591",-42.875,-56.6875,188
"8592",-42.875,-56.5625,205
"8593",-42.875,-56.4375,210
"8594",-42.875,-56.3125,274
"8595",-42.875,-56.1875,175
"8596",-42.875,-56.0625,181
"8597",-42.875,-55.9375,166
"8598",-42.875,-55.8125,156
"8599",-42.875,-55.6875,185
"8600",-42.875,-55.5625,109
"8601",-42.875,-55.4375,130
"8602",-42.875,-55.3125,117
"8603",-42.875,-55.1875,79
"8604",-42.875,-55.0625,54
"8605",-42.875,-54.9375,35
"8606",-42.875,-54.8125,33
"8607",-42.875,-54.6875,40
"8608",-42.875,-54.5625,38
"8609",-42.875,-54.4375,38
"8610",-42.875,-54.3125,51
"8611",-42.875,-54.1875,48
"8612",-42.875,-54.0625,55
"8613",-42.875,-53.9375,51
"8614",-42.875,-53.8125,52
"8615",-42.875,-53.6875,46
"8616",-42.875,-53.5625,59
"8617",-42.875,-53.4375,51
"8618",-42.875,-53.3125,22
"8619",-42.875,-53.1875,29
"8620",-42.875,-53.0625,38
"8621",-42.875,-52.9375,26
"8622",-42.875,-52.8125,27
"8623",-42.875,-52.6875,23
"8624",-42.875,-52.5625,14
"8625",-42.875,-52.4375,11
"8626",-42.875,-52.3125,9
"8627",-42.875,-52.1875,11
"8628",-42.875,-52.0625,9
"8629",-42.875,-51.9375,8
"8630",-42.875,-51.8125,11
"8631",-42.875,-51.6875,5
"8632",-42.875,-51.5625,1
"8633",-42.875,-51.4375,11
"8634",-42.875,-51.3125,6
"8635",-42.875,-51.1875,1
"8636",-42.875,-51.0625,5
"8637",-42.875,-50.9375,1
"8638",-42.875,-50.4375,2
"8639",-42.625,-60.5625,1
"8640",-42.625,-60.4375,9
"8641",-42.625,-60.3125,20
"8642",-42.625,-60.1875,46
"8643",-42.625,-60.0625,23
"8644",-42.625,-59.9375,11
"8645",-42.625,-59.8125,5
"8646",-42.625,-59.6875,12
"8647",-42.625,-59.5625,37
"8648",-42.625,-59.4375,7
"8649",-42.625,-59.3125,30
"8650",-42.625,-59.1875,51
"8651",-42.625,-59.0625,46
"8652",-42.625,-58.9375,32
"8653",-42.625,-58.8125,27
"8654",-42.625,-58.6875,24
"8655",-42.625,-58.5625,56
"8656",-42.625,-58.4375,91
"8657",-42.625,-58.3125,80
"8658",-42.625,-58.1875,73
"8659",-42.625,-58.0625,91
"8660",-42.625,-57.9375,114
"8661",-42.625,-57.8125,67
"8662",-42.625,-57.6875,101
"8663",-42.625,-57.5625,126
"8664",-42.625,-57.4375,157
"8665",-42.625,-57.3125,185
"8666",-42.625,-57.1875,193
"8667",-42.625,-57.0625,250
"8668",-42.625,-56.9375,216
"8669",-42.625,-56.8125,229
"8670",-42.625,-56.6875,240
"8671",-42.625,-56.5625,203
"8672",-42.625,-56.4375,166
"8673",-42.625,-56.3125,223
"8674",-42.625,-56.1875,181
"8675",-42.625,-56.0625,151
"8676",-42.625,-55.9375,193
"8677",-42.625,-55.8125,162
"8678",-42.625,-55.6875,151
"8679",-42.625,-55.5625,100
"8680",-42.625,-55.4375,119
"8681",-42.625,-55.3125,122
"8682",-42.625,-55.1875,92
"8683",-42.625,-55.0625,81
"8684",-42.625,-54.9375,63
"8685",-42.625,-54.8125,41
"8686",-42.625,-54.6875,40
"8687",-42.625,-54.5625,34
"8688",-42.625,-54.4375,37
"8689",-42.625,-54.3125,46
"8690",-42.625,-54.1875,65
"8691",-42.625,-54.0625,64
"8692",-42.625,-53.9375,62
"8693",-42.625,-53.8125,47
"8694",-42.625,-53.6875,57
"8695",-42.625,-53.5625,58
"8696",-42.625,-53.4375,55
"8697",-42.625,-53.3125,42
"8698",-42.625,-53.1875,53
"8699",-42.625,-53.0625,18
"8700",-42.625,-52.9375,23
"8701",-42.625,-52.8125,25
"8702",-42.625,-52.6875,31
"8703",-42.625,-52.5625,22
"8704",-42.625,-52.4375,18
"8705",-42.625,-52.3125,13
"8706",-42.625,-52.1875,11
"8707",-42.625,-52.0625,13
"8708",-42.625,-51.9375,14
"8709",-42.625,-51.8125,10
"8710",-42.625,-51.6875,10
"8711",-42.625,-51.5625,2
"8712",-42.625,-51.4375,3
"8713",-42.625,-51.3125,5
"8714",-42.625,-51.1875,4
"8715",-42.625,-51.0625,3
"8716",-42.625,-50.9375,2
"8717",-42.625,-50.8125,2
"8718",-42.625,-50.6875,1
"8719",-42.625,-50.5625,2
"8720",-42.375,-60.5625,4
"8721",-42.375,-60.4375,9
"8722",-42.375,-60.3125,29
"8723",-42.375,-60.1875,33
"8724",-42.375,-60.0625,20
"8725",-42.375,-59.9375,18
"8726",-42.375,-59.8125,3
"8727",-42.375,-59.6875,16
"8728",-42.375,-59.5625,28
"8729",-42.375,-59.4375,57
"8730",-42.375,-59.3125,29
"8731",-42.375,-59.1875,35
"8732",-42.375,-59.0625,4
"8733",-42.375,-58.9375,18
"8734",-42.375,-58.8125,4
"8735",-42.375,-58.6875,31
"8736",-42.375,-58.5625,36
"8737",-42.375,-58.4375,75
"8738",-42.375,-58.3125,73
"8739",-42.375,-58.1875,88
"8740",-42.375,-58.0625,74
"8741",-42.375,-57.9375,77
"8742",-42.375,-57.8125,83
"8743",-42.375,-57.6875,82
"8744",-42.375,-57.5625,106
"8745",-42.375,-57.4375,174
"8746",-42.375,-57.3125,228
"8747",-42.375,-57.1875,227
"8748",-42.375,-57.0625,247
"8749",-42.375,-56.9375,232
"8750",-42.375,-56.8125,202
"8751",-42.375,-56.6875,214
"8752",-42.375,-56.5625,184
"8753",-42.375,-56.4375,176
"8754",-42.375,-56.3125,203
"8755",-42.375,-56.1875,139
"8756",-42.375,-56.0625,157
"8757",-42.375,-55.9375,182
"8758",-42.375,-55.8125,217
"8759",-42.375,-55.6875,187
"8760",-42.375,-55.5625,154
"8761",-42.375,-55.4375,177
"8762",-42.375,-55.3125,112
"8763",-42.375,-55.1875,93
"8764",-42.375,-55.0625,78
"8765",-42.375,-54.9375,65
"8766",-42.375,-54.8125,71
"8767",-42.375,-54.6875,67
"8768",-42.375,-54.5625,42
"8769",-42.375,-54.4375,41
"8770",-42.375,-54.3125,46
"8771",-42.375,-54.1875,65
"8772",-42.375,-54.0625,63
"8773",-42.375,-53.9375,68
"8774",-42.375,-53.8125,71
"8775",-42.375,-53.6875,68
"8776",-42.375,-53.5625,69
"8777",-42.375,-53.4375,16
"8778",-42.375,-53.3125,11
"8779",-42.375,-53.1875,31
"8780",-42.375,-53.0625,27
"8781",-42.375,-52.9375,22
"8782",-42.375,-52.8125,20
"8783",-42.375,-52.6875,27
"8784",-42.375,-52.5625,32
"8785",-42.375,-52.4375,25
"8786",-42.375,-52.3125,23
"8787",-42.375,-52.1875,16
"8788",-42.375,-52.0625,22
"8789",-42.375,-51.9375,15
"8790",-42.375,-51.8125,11
"8791",-42.375,-51.6875,11
"8792",-42.375,-51.5625,11
"8793",-42.375,-51.4375,7
"8794",-42.375,-51.3125,4
"8795",-42.375,-51.1875,5
"8796",-42.375,-51.0625,1
"8797",-42.375,-50.9375,3
"8798",-42.375,-50.8125,5
"8799",-42.375,-50.6875,6
"8800",-42.375,-50.5625,3
"8801",-42.375,-50.4375,1
"8802",-42.125,-60.6875,1
"8803",-42.125,-60.5625,10
"8804",-42.125,-60.4375,20
"8805",-42.125,-60.3125,13
"8806",-42.125,-60.1875,28
"8807",-42.125,-60.0625,24
"8808",-42.125,-59.9375,22
"8809",-42.125,-59.8125,19
"8810",-42.125,-59.6875,21
"8811",-42.125,-59.5625,45
"8812",-42.125,-59.4375,25
"8813",-42.125,-59.3125,34
"8814",-42.125,-59.1875,13
"8815",-42.125,-59.0625,5
"8816",-42.125,-58.9375,5
"8817",-42.125,-58.8125,35
"8818",-42.125,-58.6875,28
"8819",-42.125,-58.5625,53
"8820",-42.125,-58.4375,67
"8821",-42.125,-58.3125,69
"8822",-42.125,-58.1875,73
"8823",-42.125,-58.0625,60
"8824",-42.125,-57.9375,70
"8825",-42.125,-57.8125,67
"8826",-42.125,-57.6875,70
"8827",-42.125,-57.5625,128
"8828",-42.125,-57.4375,201
"8829",-42.125,-57.3125,181
"8830",-42.125,-57.1875,200
"8831",-42.125,-57.0625,189
"8832",-42.125,-56.9375,217
"8833",-42.125,-56.8125,225
"8834",-42.125,-56.6875,189
"8835",-42.125,-56.5625,171
"8836",-42.125,-56.4375,166
"8837",-42.125,-56.3125,166
"8838",-42.125,-56.1875,136
"8839",-42.125,-56.0625,147
"8840",-42.125,-55.9375,141
"8841",-42.125,-55.8125,179
"8842",-42.125,-55.6875,217
"8843",-42.125,-55.5625,166
"8844",-42.125,-55.4375,163
"8845",-42.125,-55.3125,124
"8846",-42.125,-55.1875,115
"8847",-42.125,-55.0625,91
"8848",-42.125,-54.9375,61
"8849",-42.125,-54.8125,81
"8850",-42.125,-54.6875,68
"8851",-42.125,-54.5625,60
"8852",-42.125,-54.4375,36
"8853",-42.125,-54.3125,54
"8854",-42.125,-54.1875,68
"8855",-42.125,-54.0625,77
"8856",-42.125,-53.9375,84
"8857",-42.125,-53.8125,88
"8858",-42.125,-53.6875,102
"8859",-42.125,-53.5625,6
"8860",-42.125,-53.3125,2
"8861",-42.125,-53.1875,33
"8862",-42.125,-53.0625,24
"8863",-42.125,-52.9375,32
"8864",-42.125,-52.8125,21
"8865",-42.125,-52.6875,26
"8866",-42.125,-52.5625,28
"8867",-42.125,-52.4375,32
"8868",-42.125,-52.3125,24
"8869",-42.125,-52.1875,28
"8870",-42.125,-52.0625,21
"8871",-42.125,-51.9375,19
"8872",-42.125,-51.8125,18
"8873",-42.125,-51.6875,10
"8874",-42.125,-51.5625,9
"8875",-42.125,-51.4375,8
"8876",-42.125,-51.3125,4
"8877",-42.125,-51.1875,5
"8878",-42.125,-51.0625,3
"8879",-42.125,-50.9375,3
"8880",-42.125,-50.8125,5
"8881",-42.125,-50.6875,12
"8882",-42.125,-50.5625,9
"8883",-42.125,-50.4375,2
"8884",-42.125,-50.3125,4
"8885",-42.125,-50.1875,3
"8886",-41.875,-60.8125,2
"8887",-41.875,-60.6875,2
"8888",-41.875,-60.5625,12
"8889",-41.875,-60.4375,15
"8890",-41.875,-60.3125,20
"8891",-41.875,-60.1875,17
"8892",-41.875,-60.0625,33
"8893",-41.875,-59.9375,24
"8894",-41.875,-59.8125,31
"8895",-41.875,-59.6875,47
"8896",-41.875,-59.5625,41
"8897",-41.875,-59.4375,30
"8898",-41.875,-59.3125,55
"8899",-41.875,-59.1875,36
"8900",-41.875,-59.0625,17
"8901",-41.875,-58.9375,10
"8902",-41.875,-58.8125,36
"8903",-41.875,-58.6875,44
"8904",-41.875,-58.5625,54
"8905",-41.875,-58.4375,57
"8906",-41.875,-58.3125,57
"8907",-41.875,-58.1875,72
"8908",-41.875,-58.0625,64
"8909",-41.875,-57.9375,51
"8910",-41.875,-57.8125,67
"8911",-41.875,-57.6875,89
"8912",-41.875,-57.5625,127
"8913",-41.875,-57.4375,164
"8914",-41.875,-57.3125,192
"8915",-41.875,-57.1875,195
"8916",-41.875,-57.0625,203
"8917",-41.875,-56.9375,184
"8918",-41.875,-56.8125,200
"8919",-41.875,-56.6875,205
"8920",-41.875,-56.5625,183
"8921",-41.875,-56.4375,199
"8922",-41.875,-56.3125,225
"8923",-41.875,-56.1875,168
"8924",-41.875,-56.0625,151
"8925",-41.875,-55.9375,151
"8926",-41.875,-55.8125,161
"8927",-41.875,-55.6875,149
"8928",-41.875,-55.5625,163
"8929",-41.875,-55.4375,188
"8930",-41.875,-55.3125,147
"8931",-41.875,-55.1875,124
"8932",-41.875,-55.0625,115
"8933",-41.875,-54.9375,79
"8934",-41.875,-54.8125,89
"8935",-41.875,-54.6875,83
"8936",-41.875,-54.5625,51
"8937",-41.875,-54.4375,42
"8938",-41.875,-54.3125,67
"8939",-41.875,-54.1875,76
"8940",-41.875,-54.0625,47
"8941",-41.875,-53.9375,55
"8942",-41.875,-53.8125,69
"8943",-41.875,-53.6875,18
"8944",-41.875,-53.4375,1
"8945",-41.875,-53.3125,27
"8946",-41.875,-53.1875,57
"8947",-41.875,-53.0625,49
"8948",-41.875,-52.9375,39
"8949",-41.875,-52.8125,28
"8950",-41.875,-52.6875,22
"8951",-41.875,-52.5625,25
"8952",-41.875,-52.4375,25
"8953",-41.875,-52.3125,29
"8954",-41.875,-52.1875,15
"8955",-41.875,-52.0625,27
"8956",-41.875,-51.9375,19
"8957",-41.875,-51.8125,15
"8958",-41.875,-51.6875,13
"8959",-41.875,-51.5625,9
"8960",-41.875,-51.4375,11
"8961",-41.875,-51.3125,13
"8962",-41.875,-51.1875,8
"8963",-41.875,-51.0625,5
"8964",-41.875,-50.9375,6
"8965",-41.875,-50.8125,1
"8966",-41.875,-50.6875,5
"8967",-41.875,-50.5625,8
"8968",-41.875,-50.4375,8
"8969",-41.875,-50.3125,8
"8970",-41.875,-50.0625,2
"8971",-41.625,-60.9375,4
"8972",-41.625,-60.8125,2
"8973",-41.625,-60.6875,4
"8974",-41.625,-60.5625,14
"8975",-41.625,-60.4375,13
"8976",-41.625,-60.3125,10
"8977",-41.625,-60.1875,19
"8978",-41.625,-60.0625,26
"8979",-41.625,-59.9375,30
"8980",-41.625,-59.8125,29
"8981",-41.625,-59.6875,49
"8982",-41.625,-59.5625,45
"8983",-41.625,-59.4375,37
"8984",-41.625,-59.3125,43
"8985",-41.625,-59.1875,34
"8986",-41.625,-59.0625,26
"8987",-41.625,-58.9375,39
"8988",-41.625,-58.8125,64
"8989",-41.625,-58.6875,62
"8990",-41.625,-58.5625,53
"8991",-41.625,-58.4375,58
"8992",-41.625,-58.3125,56
"8993",-41.625,-58.1875,75
"8994",-41.625,-58.0625,68
"8995",-41.625,-57.9375,62
"8996",-41.625,-57.8125,77
"8997",-41.625,-57.6875,89
"8998",-41.625,-57.5625,124
"8999",-41.625,-57.4375,186
"9000",-41.625,-57.3125,205
"9001",-41.625,-57.1875,195
"9002",-41.625,-57.0625,183
"9003",-41.625,-56.9375,196
"9004",-41.625,-56.8125,204
"9005",-41.625,-56.6875,256
"9006",-41.625,-56.5625,283
"9007",-41.625,-56.4375,264
"9008",-41.625,-56.3125,238
"9009",-41.625,-56.1875,224
"9010",-41.625,-56.0625,176
"9011",-41.625,-55.9375,154
"9012",-41.625,-55.8125,185
"9013",-41.625,-55.6875,182
"9014",-41.625,-55.5625,168
"9015",-41.625,-55.4375,194
"9016",-41.625,-55.3125,164
"9017",-41.625,-55.1875,147
"9018",-41.625,-55.0625,128
"9019",-41.625,-54.9375,109
"9020",-41.625,-54.8125,75
"9021",-41.625,-54.6875,85
"9022",-41.625,-54.5625,57
"9023",-41.625,-54.4375,41
"9024",-41.625,-54.3125,65
"9025",-41.625,-54.1875,64
"9026",-41.625,-54.0625,65
"9027",-41.625,-53.9375,56
"9028",-41.625,-53.8125,49
"9029",-41.625,-53.6875,13
"9030",-41.625,-53.5625,1
"9031",-41.625,-53.4375,32
"9032",-41.625,-53.3125,48
"9033",-41.625,-53.1875,46
"9034",-41.625,-53.0625,72
"9035",-41.625,-52.9375,50
"9036",-41.625,-52.8125,48
"9037",-41.625,-52.6875,31
"9038",-41.625,-52.5625,22
"9039",-41.625,-52.4375,25
"9040",-41.625,-52.3125,26
"9041",-41.625,-52.1875,28
"9042",-41.625,-52.0625,23
"9043",-41.625,-51.9375,19
"9044",-41.625,-51.8125,23
"9045",-41.625,-51.6875,12
"9046",-41.625,-51.5625,15
"9047",-41.625,-51.4375,16
"9048",-41.625,-51.3125,14
"9049",-41.625,-51.1875,10
"9050",-41.625,-51.0625,10
"9051",-41.625,-50.9375,8
"9052",-41.625,-50.8125,5
"9053",-41.625,-50.6875,5
"9054",-41.625,-50.5625,5
"9055",-41.625,-50.4375,8
"9056",-41.625,-50.3125,5
"9057",-41.375,-60.9375,3
"9058",-41.375,-60.8125,4
"9059",-41.375,-60.6875,7
"9060",-41.375,-60.5625,13
"9061",-41.375,-60.4375,9
"9062",-41.375,-60.3125,4
"9063",-41.375,-60.1875,7
"9064",-41.375,-60.0625,22
"9065",-41.375,-59.9375,26
"9066",-41.375,-59.8125,22
"9067",-41.375,-59.6875,30
"9068",-41.375,-59.5625,44
"9069",-41.375,-59.4375,47
"9070",-41.375,-59.3125,49
"9071",-41.375,-59.1875,32
"9072",-41.375,-59.0625,47
"9073",-41.375,-58.9375,63
"9074",-41.375,-58.8125,61
"9075",-41.375,-58.6875,55
"9076",-41.375,-58.5625,55
"9077",-41.375,-58.4375,48
"9078",-41.375,-58.3125,72
"9079",-41.375,-58.1875,77
"9080",-41.375,-58.0625,49
"9081",-41.375,-57.9375,48
"9082",-41.375,-57.8125,80
"9083",-41.375,-57.6875,104
"9084",-41.375,-57.5625,104
"9085",-41.375,-57.4375,164
"9086",-41.375,-57.3125,225
"9087",-41.375,-57.1875,210
"9088",-41.375,-57.0625,215
"9089",-41.375,-56.9375,216
"9090",-41.375,-56.8125,199
"9091",-41.375,-56.6875,240
"9092",-41.375,-56.5625,213
"9093",-41.375,-56.4375,254
"9094",-41.375,-56.3125,257
"9095",-41.375,-56.1875,240
"9096",-41.375,-56.0625,200
"9097",-41.375,-55.9375,185
"9098",-41.375,-55.8125,203
"9099",-41.375,-55.6875,186
"9100",-41.375,-55.5625,211
"9101",-41.375,-55.4375,205
"9102",-41.375,-55.3125,208
"9103",-41.375,-55.1875,176
"9104",-41.375,-55.0625,132
"9105",-41.375,-54.9375,127
"9106",-41.375,-54.8125,88
"9107",-41.375,-54.6875,66
"9108",-41.375,-54.5625,80
"9109",-41.375,-54.4375,77
"9110",-41.375,-54.3125,80
"9111",-41.375,-54.1875,85
"9112",-41.375,-54.0625,75
"9113",-41.375,-53.9375,48
"9114",-41.375,-53.8125,46
"9115",-41.375,-53.6875,13
"9116",-41.375,-53.5625,21
"9117",-41.375,-53.4375,43
"9118",-41.375,-53.3125,67
"9119",-41.375,-53.1875,62
"9120",-41.375,-53.0625,71
"9121",-41.375,-52.9375,47
"9122",-41.375,-52.8125,35
"9123",-41.375,-52.6875,39
"9124",-41.375,-52.5625,37
"9125",-41.375,-52.4375,32
"9126",-41.375,-52.3125,20
"9127",-41.375,-52.1875,22
"9128",-41.375,-52.0625,29
"9129",-41.375,-51.9375,23
"9130",-41.375,-51.8125,26
"9131",-41.375,-51.6875,10
"9132",-41.375,-51.5625,21
"9133",-41.375,-51.4375,13
"9134",-41.375,-51.3125,15
"9135",-41.375,-51.1875,13
"9136",-41.375,-51.0625,17
"9137",-41.375,-50.9375,15
"9138",-41.375,-50.8125,16
"9139",-41.375,-50.6875,12
"9140",-41.375,-50.5625,9
"9141",-41.375,-50.4375,5
"9142",-41.375,-50.3125,16
"9143",-41.375,-50.1875,9
"9144",-41.375,-50.0625,18
"9145",-41.125,-60.9375,3
"9146",-41.125,-60.8125,1
"9147",-41.125,-60.6875,11
"9148",-41.125,-60.5625,10
"9149",-41.125,-60.4375,9
"9150",-41.125,-60.3125,7
"9151",-41.125,-60.1875,1
"9152",-41.125,-60.0625,2
"9153",-41.125,-59.9375,15
"9154",-41.125,-59.8125,25
"9155",-41.125,-59.6875,37
"9156",-41.125,-59.5625,57
"9157",-41.125,-59.4375,44
"9158",-41.125,-59.3125,46
"9159",-41.125,-59.1875,45
"9160",-41.125,-59.0625,60
"9161",-41.125,-58.9375,50
"9162",-41.125,-58.8125,49
"9163",-41.125,-58.6875,35
"9164",-41.125,-58.5625,45
"9165",-41.125,-58.4375,53
"9166",-41.125,-58.3125,50
"9167",-41.125,-58.1875,68
"9168",-41.125,-58.0625,66
"9169",-41.125,-57.9375,78
"9170",-41.125,-57.8125,69
"9171",-41.125,-57.6875,121
"9172",-41.125,-57.5625,116
"9173",-41.125,-57.4375,153
"9174",-41.125,-57.3125,225
"9175",-41.125,-57.1875,195
"9176",-41.125,-57.0625,209
"9177",-41.125,-56.9375,241
"9178",-41.125,-56.8125,247
"9179",-41.125,-56.6875,222
"9180",-41.125,-56.5625,182
"9181",-41.125,-56.4375,229
"9182",-41.125,-56.3125,234
"9183",-41.125,-56.1875,218
"9184",-41.125,-56.0625,219
"9185",-41.125,-55.9375,191
"9186",-41.125,-55.8125,193
"9187",-41.125,-55.6875,196
"9188",-41.125,-55.5625,204
"9189",-41.125,-55.4375,191
"9190",-41.125,-55.3125,160
"9191",-41.125,-55.1875,146
"9192",-41.125,-55.0625,140
"9193",-41.125,-54.9375,98
"9194",-41.125,-54.8125,93
"9195",-41.125,-54.6875,87
"9196",-41.125,-54.5625,100
"9197",-41.125,-54.4375,94
"9198",-41.125,-54.3125,107
"9199",-41.125,-54.1875,121
"9200",-41.125,-54.0625,89
"9201",-41.125,-53.9375,58
"9202",-41.125,-53.8125,66
"9203",-41.125,-53.6875,35
"9204",-41.125,-53.5625,39
"9205",-41.125,-53.4375,57
"9206",-41.125,-53.3125,86
"9207",-41.125,-53.1875,72
"9208",-41.125,-53.0625,56
"9209",-41.125,-52.9375,44
"9210",-41.125,-52.8125,50
"9211",-41.125,-52.6875,35
"9212",-41.125,-52.5625,34
"9213",-41.125,-52.4375,27
"9214",-41.125,-52.3125,36
"9215",-41.125,-52.1875,29
"9216",-41.125,-52.0625,29
"9217",-41.125,-51.9375,21
"9218",-41.125,-51.8125,24
"9219",-41.125,-51.6875,24
"9220",-41.125,-51.5625,16
"9221",-41.125,-51.4375,21
"9222",-41.125,-51.3125,15
"9223",-41.125,-51.1875,19
"9224",-41.125,-51.0625,16
"9225",-41.125,-50.9375,14
"9226",-41.125,-50.8125,16
"9227",-41.125,-50.6875,6
"9228",-41.125,-50.5625,11
"9229",-41.125,-50.4375,8
"9230",-41.125,-50.3125,10
"9231",-41.125,-50.1875,9
"9232",-41.125,-50.0625,17
"9233",-40.875,-60.9375,1
"9234",-40.875,-60.8125,9
"9235",-40.875,-60.6875,7
"9236",-40.875,-60.5625,11
"9237",-40.875,-60.4375,4
"9238",-40.875,-60.3125,1
"9239",-40.875,-60.0625,1
"9240",-40.875,-59.9375,4
"9241",-40.875,-59.8125,6
"9242",-40.875,-59.6875,14
"9243",-40.875,-59.5625,35
"9244",-40.875,-59.4375,39
"9245",-40.875,-59.3125,38
"9246",-40.875,-59.1875,46
"9247",-40.875,-59.0625,50
"9248",-40.875,-58.9375,39
"9249",-40.875,-58.8125,49
"9250",-40.875,-58.6875,54
"9251",-40.875,-58.5625,60
"9252",-40.875,-58.4375,50
"9253",-40.875,-58.3125,65
"9254",-40.875,-58.1875,84
"9255",-40.875,-58.0625,75
"9256",-40.875,-57.9375,96
"9257",-40.875,-57.8125,96
"9258",-40.875,-57.6875,121
"9259",-40.875,-57.5625,150
"9260",-40.875,-57.4375,166
"9261",-40.875,-57.3125,190
"9262",-40.875,-57.1875,174
"9263",-40.875,-57.0625,210
"9264",-40.875,-56.9375,176
"9265",-40.875,-56.8125,209
"9266",-40.875,-56.6875,238
"9267",-40.875,-56.5625,187
"9268",-40.875,-56.4375,223
"9269",-40.875,-56.3125,191
"9270",-40.875,-56.1875,198
"9271",-40.875,-56.0625,200
"9272",-40.875,-55.9375,212
"9273",-40.875,-55.8125,202
"9274",-40.875,-55.6875,181
"9275",-40.875,-55.5625,174
"9276",-40.875,-55.4375,169
"9277",-40.875,-55.3125,186
"9278",-40.875,-55.1875,163
"9279",-40.875,-55.0625,151
"9280",-40.875,-54.9375,120
"9281",-40.875,-54.8125,113
"9282",-40.875,-54.6875,81
"9283",-40.875,-54.5625,78
"9284",-40.875,-54.4375,99
"9285",-40.875,-54.3125,99
"9286",-40.875,-54.1875,72
"9287",-40.875,-54.0625,96
"9288",-40.875,-53.9375,80
"9289",-40.875,-53.8125,49
"9290",-40.875,-53.6875,51
"9291",-40.875,-53.5625,49
"9292",-40.875,-53.4375,77
"9293",-40.875,-53.3125,77
"9294",-40.875,-53.1875,48
"9295",-40.875,-53.0625,64
"9296",-40.875,-52.9375,31
"9297",-40.875,-52.8125,31
"9298",-40.875,-52.6875,31
"9299",-40.875,-52.5625,42
"9300",-40.875,-52.4375,45
"9301",-40.875,-52.3125,37
"9302",-40.875,-52.1875,35
"9303",-40.875,-52.0625,41
"9304",-40.875,-51.9375,19
"9305",-40.875,-51.8125,24
"9306",-40.875,-51.6875,18
"9307",-40.875,-51.5625,20
"9308",-40.875,-51.4375,24
"9309",-40.875,-51.3125,22
"9310",-40.875,-51.1875,23
"9311",-40.875,-51.0625,19
"9312",-40.875,-50.9375,14
"9313",-40.875,-50.8125,16
"9314",-40.875,-50.6875,20
"9315",-40.875,-50.5625,13
"9316",-40.875,-50.4375,9
"9317",-40.875,-50.3125,12
"9318",-40.875,-50.1875,5
"9319",-40.875,-50.0625,21
"9320",-40.625,-60.8125,4
"9321",-40.625,-60.6875,7
"9322",-40.625,-60.5625,15
"9323",-40.625,-60.4375,6
"9324",-40.625,-60.3125,3
"9325",-40.625,-60.0625,2
"9326",-40.625,-59.9375,2
"9327",-40.625,-59.8125,8
"9328",-40.625,-59.6875,15
"9329",-40.625,-59.5625,15
"9330",-40.625,-59.4375,23
"9331",-40.625,-59.3125,60
"9332",-40.625,-59.1875,63
"9333",-40.625,-59.0625,61
"9334",-40.625,-58.9375,54
"9335",-40.625,-58.8125,57
"9336",-40.625,-58.6875,45
"9337",-40.625,-58.5625,41
"9338",-40.625,-58.4375,72
"9339",-40.625,-58.3125,85
"9340",-40.625,-58.1875,89
"9341",-40.625,-58.0625,98
"9342",-40.625,-57.9375,97
"9343",-40.625,-57.8125,125
"9344",-40.625,-57.6875,133
"9345",-40.625,-57.5625,153
"9346",-40.625,-57.4375,161
"9347",-40.625,-57.3125,188
"9348",-40.625,-57.1875,210
"9349",-40.625,-57.0625,219
"9350",-40.625,-56.9375,233
"9351",-40.625,-56.8125,214
"9352",-40.625,-56.6875,230
"9353",-40.625,-56.5625,191
"9354",-40.625,-56.4375,225
"9355",-40.625,-56.3125,199
"9356",-40.625,-56.1875,228
"9357",-40.625,-56.0625,197
"9358",-40.625,-55.9375,184
"9359",-40.625,-55.8125,216
"9360",-40.625,-55.6875,184
"9361",-40.625,-55.5625,175
"9362",-40.625,-55.4375,163
"9363",-40.625,-55.3125,194
"9364",-40.625,-55.1875,154
"9365",-40.625,-55.0625,153
"9366",-40.625,-54.9375,122
"9367",-40.625,-54.8125,80
"9368",-40.625,-54.6875,122
"9369",-40.625,-54.5625,104
"9370",-40.625,-54.4375,92
"9371",-40.625,-54.3125,74
"9372",-40.625,-54.1875,80
"9373",-40.625,-54.0625,73
"9374",-40.625,-53.9375,108
"9375",-40.625,-53.8125,65
"9376",-40.625,-53.6875,72
"9377",-40.625,-53.5625,65
"9378",-40.625,-53.4375,109
"9379",-40.625,-53.3125,46
"9380",-40.625,-53.1875,45
"9381",-40.625,-53.0625,20
"9382",-40.625,-52.9375,14
"9383",-40.625,-52.8125,5
"9384",-40.625,-52.6875,24
"9385",-40.625,-52.5625,30
"9386",-40.625,-52.4375,39
"9387",-40.625,-52.3125,27
"9388",-40.625,-52.1875,30
"9389",-40.625,-52.0625,36
"9390",-40.625,-51.9375,20
"9391",-40.625,-51.8125,27
"9392",-40.625,-51.6875,26
"9393",-40.625,-51.5625,21
"9394",-40.625,-51.4375,14
"9395",-40.625,-51.3125,19
"9396",-40.625,-51.1875,20
"9397",-40.625,-51.0625,16
"9398",-40.625,-50.9375,16
"9399",-40.625,-50.8125,17
"9400",-40.625,-50.6875,25
"9401",-40.625,-50.5625,20
"9402",-40.625,-50.4375,15
"9403",-40.625,-50.3125,14
"9404",-40.625,-50.1875,12
"9405",-40.625,-50.0625,40
"9406",-40.375,-60.8125,2
"9407",-40.375,-60.6875,1
"9408",-40.375,-60.5625,27
"9409",-40.375,-60.4375,11
"9410",-40.375,-60.3125,3
"9411",-40.375,-60.1875,3
"9412",-40.375,-60.0625,4
"9413",-40.375,-59.9375,13
"9414",-40.375,-59.8125,16
"9415",-40.375,-59.6875,35
"9416",-40.375,-59.5625,14
"9417",-40.375,-59.4375,16
"9418",-40.375,-59.3125,37
"9419",-40.375,-59.1875,48
"9420",-40.375,-59.0625,57
"9421",-40.375,-58.9375,46
"9422",-40.375,-58.8125,52
"9423",-40.375,-58.6875,39
"9424",-40.375,-58.5625,50
"9425",-40.375,-58.4375,85
"9426",-40.375,-58.3125,86
"9427",-40.375,-58.1875,101
"9428",-40.375,-58.0625,102
"9429",-40.375,-57.9375,108
"9430",-40.375,-57.8125,118
"9431",-40.375,-57.6875,118
"9432",-40.375,-57.5625,125
"9433",-40.375,-57.4375,180
"9434",-40.375,-57.3125,203
"9435",-40.375,-57.1875,212
"9436",-40.375,-57.0625,231
"9437",-40.375,-56.9375,221
"9438",-40.375,-56.8125,227
"9439",-40.375,-56.6875,239
"9440",-40.375,-56.5625,198
"9441",-40.375,-56.4375,175
"9442",-40.375,-56.3125,211
"9443",-40.375,-56.1875,214
"9444",-40.375,-56.0625,211
"9445",-40.375,-55.9375,234
"9446",-40.375,-55.8125,202
"9447",-40.375,-55.6875,146
"9448",-40.375,-55.5625,161
"9449",-40.375,-55.4375,149
"9450",-40.375,-55.3125,184
"9451",-40.375,-55.1875,182
"9452",-40.375,-55.0625,126
"9453",-40.375,-54.9375,111
"9454",-40.375,-54.8125,114
"9455",-40.375,-54.6875,100
"9456",-40.375,-54.5625,109
"9457",-40.375,-54.4375,113
"9458",-40.375,-54.3125,69
"9459",-40.375,-54.1875,87
"9460",-40.375,-54.0625,43
"9461",-40.375,-53.9375,59
"9462",-40.375,-53.8125,52
"9463",-40.375,-53.6875,51
"9464",-40.375,-53.5625,132
"9465",-40.375,-53.4375,87
"9466",-40.375,-53.3125,45
"9467",-40.375,-53.1875,39
"9468",-40.375,-53.0625,28
"9469",-40.375,-52.9375,26
"9470",-40.375,-52.8125,27
"9471",-40.375,-52.6875,16
"9472",-40.375,-52.5625,27
"9473",-40.375,-52.4375,25
"9474",-40.375,-52.3125,24
"9475",-40.375,-52.1875,19
"9476",-40.375,-52.0625,24
"9477",-40.375,-51.9375,27
"9478",-40.375,-51.8125,20
"9479",-40.375,-51.6875,29
"9480",-40.375,-51.5625,23
"9481",-40.375,-51.4375,27
"9482",-40.375,-51.3125,19
"9483",-40.375,-51.1875,21
"9484",-40.375,-51.0625,17
"9485",-40.375,-50.9375,21
"9486",-40.375,-50.8125,10
"9487",-40.375,-50.6875,16
"9488",-40.375,-50.5625,17
"9489",-40.375,-50.4375,25
"9490",-40.375,-50.3125,20
"9491",-40.375,-50.1875,18
"9492",-40.375,-50.0625,58
"9493",-40.125,-60.8125,2
"9494",-40.125,-60.6875,9
"9495",-40.125,-60.5625,9
"9496",-40.125,-60.4375,14
"9497",-40.125,-60.3125,9
"9498",-40.125,-60.1875,4
"9499",-40.125,-60.0625,4
"9500",-40.125,-59.9375,7
"9501",-40.125,-59.8125,9
"9502",-40.125,-59.6875,12
"9503",-40.125,-59.5625,4
"9504",-40.125,-59.4375,16
"9505",-40.125,-59.3125,28
"9506",-40.125,-59.1875,34
"9507",-40.125,-59.0625,25
"9508",-40.125,-58.9375,61
"9509",-40.125,-58.8125,41
"9510",-40.125,-58.6875,54
"9511",-40.125,-58.5625,46
"9512",-40.125,-58.4375,83
"9513",-40.125,-58.3125,105
"9514",-40.125,-58.1875,107
"9515",-40.125,-58.0625,118
"9516",-40.125,-57.9375,132
"9517",-40.125,-57.8125,139
"9518",-40.125,-57.6875,129
"9519",-40.125,-57.5625,151
"9520",-40.125,-57.4375,194
"9521",-40.125,-57.3125,161
"9522",-40.125,-57.1875,214
"9523",-40.125,-57.0625,245
"9524",-40.125,-56.9375,219
"9525",-40.125,-56.8125,211
"9526",-40.125,-56.6875,123
"9527",-40.125,-56.5625,130
"9528",-40.125,-56.4375,176
"9529",-40.125,-56.3125,172
"9530",-40.125,-56.1875,204
"9531",-40.125,-56.0625,218
"9532",-40.125,-55.9375,174
"9533",-40.125,-55.8125,183
"9534",-40.125,-55.6875,170
"9535",-40.125,-55.5625,165
"9536",-40.125,-55.4375,143
"9537",-40.125,-55.3125,216
"9538",-40.125,-55.1875,188
"9539",-40.125,-55.0625,140
"9540",-40.125,-54.9375,108
"9541",-40.125,-54.8125,89
"9542",-40.125,-54.6875,88
"9543",-40.125,-54.5625,115
"9544",-40.125,-54.4375,99
"9545",-40.125,-54.3125,87
"9546",-40.125,-54.1875,91
"9547",-40.125,-54.0625,81
"9548",-40.125,-53.9375,68
"9549",-40.125,-53.8125,68
"9550",-40.125,-53.6875,76
"9551",-40.125,-53.5625,132
"9552",-40.125,-53.4375,55
"9553",-40.125,-53.3125,30
"9554",-40.125,-53.1875,24
"9555",-40.125,-53.0625,18
"9556",-40.125,-52.9375,27
"9557",-40.125,-52.8125,30
"9558",-40.125,-52.6875,21
"9559",-40.125,-52.5625,15
"9560",-40.125,-52.4375,14
"9561",-40.125,-52.3125,28
"9562",-40.125,-52.1875,28
"9563",-40.125,-52.0625,28
"9564",-40.125,-51.9375,28
"9565",-40.125,-51.8125,21
"9566",-40.125,-51.6875,29
"9567",-40.125,-51.5625,33
"9568",-40.125,-51.4375,21
"9569",-40.125,-51.3125,28
"9570",-40.125,-51.1875,22
"9571",-40.125,-51.0625,19
"9572",-40.125,-50.9375,14
"9573",-40.125,-50.8125,19
"9574",-40.125,-50.6875,15
"9575",-40.125,-50.5625,12
"9576",-40.125,-50.4375,11
"9577",-40.125,-50.3125,14
"9578",-40.125,-50.1875,16
"9579",-40.125,-50.0625,33
"9580",-39.875,-60.8125,1
"9581",-39.875,-60.6875,14
"9582",-39.875,-60.5625,4
"9583",-39.875,-60.4375,13
"9584",-39.875,-60.3125,7
"9585",-39.875,-60.1875,3
"9586",-39.875,-60.0625,1
"9587",-39.875,-59.9375,9
"9588",-39.875,-59.8125,7
"9589",-39.875,-59.6875,9
"9590",-39.875,-59.5625,1
"9591",-39.875,-59.4375,7
"9592",-39.875,-59.3125,13
"9593",-39.875,-59.1875,23
"9594",-39.875,-59.0625,28
"9595",-39.875,-58.9375,27
"9596",-39.875,-58.8125,35
"9597",-39.875,-58.6875,43
"9598",-39.875,-58.5625,66
"9599",-39.875,-58.4375,95
"9600",-39.875,-58.3125,98
"9601",-39.875,-58.1875,111
"9602",-39.875,-58.0625,103
"9603",-39.875,-57.9375,134
"9604",-39.875,-57.8125,154
"9605",-39.875,-57.6875,168
"9606",-39.875,-57.5625,177
"9607",-39.875,-57.4375,200
"9608",-39.875,-57.3125,217
"9609",-39.875,-57.1875,187
"9610",-39.875,-57.0625,177
"9611",-39.875,-56.9375,179
"9612",-39.875,-56.8125,135
"9613",-39.875,-56.6875,108
"9614",-39.875,-56.5625,72
"9615",-39.875,-56.4375,95
"9616",-39.875,-56.3125,114
"9617",-39.875,-56.1875,121
"9618",-39.875,-56.0625,141
"9619",-39.875,-55.9375,176
"9620",-39.875,-55.8125,148
"9621",-39.875,-55.6875,159
"9622",-39.875,-55.5625,198
"9623",-39.875,-55.4375,168
"9624",-39.875,-55.3125,185
"9625",-39.875,-55.1875,229
"9626",-39.875,-55.0625,137
"9627",-39.875,-54.9375,119
"9628",-39.875,-54.8125,108
"9629",-39.875,-54.6875,96
"9630",-39.875,-54.5625,112
"9631",-39.875,-54.4375,83
"9632",-39.875,-54.3125,95
"9633",-39.875,-54.1875,113
"9634",-39.875,-54.0625,103
"9635",-39.875,-53.9375,100
"9636",-39.875,-53.8125,89
"9637",-39.875,-53.6875,92
"9638",-39.875,-53.5625,75
"9639",-39.875,-53.4375,34
"9640",-39.875,-53.3125,27
"9641",-39.875,-53.1875,21
"9642",-39.875,-53.0625,24
"9643",-39.875,-52.9375,25
"9644",-39.875,-52.8125,26
"9645",-39.875,-52.6875,30
"9646",-39.875,-52.5625,22
"9647",-39.875,-52.4375,22
"9648",-39.875,-52.3125,20
"9649",-39.875,-52.1875,18
"9650",-39.875,-52.0625,19
"9651",-39.875,-51.9375,19
"9652",-39.875,-51.8125,20
"9653",-39.875,-51.6875,27
"9654",-39.875,-51.5625,32
"9655",-39.875,-51.4375,14
"9656",-39.875,-51.3125,11
"9657",-39.875,-51.1875,13
"9658",-39.875,-51.0625,19
"9659",-39.875,-50.9375,14
"9660",-39.875,-50.8125,11
"9661",-39.875,-50.6875,15
"9662",-39.875,-50.5625,14
"9663",-39.875,-50.4375,22
"9664",-39.875,-50.3125,17
"9665",-39.875,-50.1875,14
"9666",-39.875,-50.0625,22
"9667",-39.625,-60.6875,2
"9668",-39.625,-60.5625,1
"9669",-39.625,-60.4375,17
"9670",-39.625,-60.3125,14
"9671",-39.625,-60.1875,8
"9672",-39.625,-60.0625,10
"9673",-39.625,-59.9375,1
"9674",-39.625,-59.8125,9
"9675",-39.625,-59.6875,3
"9676",-39.625,-59.5625,6
"9677",-39.625,-59.4375,1
"9678",-39.625,-59.3125,10
"9679",-39.625,-59.1875,6
"9680",-39.625,-59.0625,2
"9681",-39.625,-58.9375,9
"9682",-39.625,-58.8125,21
"9683",-39.625,-58.6875,40
"9684",-39.625,-58.5625,50
"9685",-39.625,-58.4375,72
"9686",-39.625,-58.3125,124
"9687",-39.625,-58.1875,116
"9688",-39.625,-58.0625,150
"9689",-39.625,-57.9375,132
"9690",-39.625,-57.8125,127
"9691",-39.625,-57.6875,154
"9692",-39.625,-57.5625,198
"9693",-39.625,-57.4375,162
"9694",-39.625,-57.3125,178
"9695",-39.625,-57.1875,167
"9696",-39.625,-57.0625,153
"9697",-39.625,-56.9375,115
"9698",-39.625,-56.8125,91
"9699",-39.625,-56.6875,94
"9700",-39.625,-56.5625,117
"9701",-39.625,-56.4375,87
"9702",-39.625,-56.3125,104
"9703",-39.625,-56.1875,75
"9704",-39.625,-56.0625,119
"9705",-39.625,-55.9375,124
"9706",-39.625,-55.8125,139
"9707",-39.625,-55.6875,132
"9708",-39.625,-55.5625,165
"9709",-39.625,-55.4375,145
"9710",-39.625,-55.3125,163
"9711",-39.625,-55.1875,206
"9712",-39.625,-55.0625,160
"9713",-39.625,-54.9375,118
"9714",-39.625,-54.8125,98
"9715",-39.625,-54.6875,90
"9716",-39.625,-54.5625,96
"9717",-39.625,-54.4375,111
"9718",-39.625,-54.3125,146
"9719",-39.625,-54.1875,142
"9720",-39.625,-54.0625,113
"9721",-39.625,-53.9375,71
"9722",-39.625,-53.8125,66
"9723",-39.625,-53.6875,43
"9724",-39.625,-53.5625,19
"9725",-39.625,-53.4375,16
"9726",-39.625,-53.3125,14
"9727",-39.625,-53.1875,13
"9728",-39.625,-53.0625,16
"9729",-39.625,-52.9375,16
"9730",-39.625,-52.8125,22
"9731",-39.625,-52.6875,15
"9732",-39.625,-52.5625,19
"9733",-39.625,-52.4375,7
"9734",-39.625,-52.3125,11
"9735",-39.625,-52.1875,13
"9736",-39.625,-52.0625,14
"9737",-39.625,-51.9375,12
"9738",-39.625,-51.8125,20
"9739",-39.625,-51.6875,19
"9740",-39.625,-51.5625,13
"9741",-39.625,-51.4375,14
"9742",-39.625,-51.3125,10
"9743",-39.625,-51.1875,7
"9744",-39.625,-51.0625,1
"9745",-39.625,-50.9375,4
"9746",-39.625,-50.8125,3
"9747",-39.625,-50.6875,2
"9748",-39.625,-50.5625,4
"9749",-39.625,-50.4375,3
"9750",-39.625,-50.3125,6
"9751",-39.625,-50.1875,14
"9752",-39.625,-50.0625,18
"9753",-39.375,-60.6875,2
"9754",-39.375,-60.5625,1
"9755",-39.375,-60.4375,8
"9756",-39.375,-60.3125,13
"9757",-39.375,-60.1875,7
"9758",-39.375,-60.0625,5
"9759",-39.375,-59.9375,5
"9760",-39.375,-59.6875,4
"9761",-39.375,-59.4375,2
"9762",-39.375,-59.3125,9
"9763",-39.375,-59.1875,6
"9764",-39.375,-59.0625,6
"9765",-39.375,-58.9375,5
"9766",-39.375,-58.8125,18
"9767",-39.375,-58.6875,25
"9768",-39.375,-58.5625,51
"9769",-39.375,-58.4375,73
"9770",-39.375,-58.3125,74
"9771",-39.375,-58.1875,98
"9772",-39.375,-58.0625,104
"9773",-39.375,-57.9375,131
"9774",-39.375,-57.8125,132
"9775",-39.375,-57.6875,118
"9776",-39.375,-57.5625,143
"9777",-39.375,-57.4375,128
"9778",-39.375,-57.3125,128
"9779",-39.375,-57.1875,132
"9780",-39.375,-57.0625,106
"9781",-39.375,-56.9375,82
"9782",-39.375,-56.8125,105
"9783",-39.375,-56.6875,90
"9784",-39.375,-56.5625,88
"9785",-39.375,-56.4375,93
"9786",-39.375,-56.3125,72
"9787",-39.375,-56.1875,71
"9788",-39.375,-56.0625,87
"9789",-39.375,-55.9375,109
"9790",-39.375,-55.8125,105
"9791",-39.375,-55.6875,107
"9792",-39.375,-55.5625,121
"9793",-39.375,-55.4375,128
"9794",-39.375,-55.3125,155
"9795",-39.375,-55.1875,190
"9796",-39.375,-55.0625,162
"9797",-39.375,-54.9375,140
"9798",-39.375,-54.8125,121
"9799",-39.375,-54.6875,104
"9800",-39.375,-54.5625,146
"9801",-39.375,-54.4375,113
"9802",-39.375,-54.3125,71
"9803",-39.375,-54.1875,102
"9804",-39.375,-54.0625,70
"9805",-39.375,-53.9375,66
"9806",-39.375,-53.8125,5
"9807",-39.375,-53.6875,10
"9808",-39.375,-53.5625,15
"9809",-39.375,-53.4375,11
"9810",-39.375,-53.3125,5
"9811",-39.375,-53.1875,7
"9812",-39.375,-53.0625,4
"9813",-39.375,-52.9375,16
"9814",-39.375,-52.8125,8
"9815",-39.375,-52.6875,5
"9816",-39.375,-52.5625,9
"9817",-39.375,-52.4375,12
"9818",-39.375,-52.3125,12
"9819",-39.375,-52.1875,17
"9820",-39.375,-52.0625,12
"9821",-39.375,-51.9375,13
"9822",-39.375,-51.8125,11
"9823",-39.375,-51.6875,13
"9824",-39.375,-51.5625,16
"9825",-39.375,-51.4375,9
"9826",-39.375,-51.3125,6
"9827",-39.375,-51.1875,10
"9828",-39.375,-51.0625,5
"9829",-39.375,-50.8125,2
"9830",-39.375,-50.6875,6
"9831",-39.375,-50.5625,5
"9832",-39.375,-50.4375,3
"9833",-39.375,-50.3125,5
"9834",-39.375,-50.1875,11
"9835",-39.375,-50.0625,4
"9836",-39.125,-60.5625,3
"9837",-39.125,-60.3125,11
"9838",-39.125,-60.1875,6
"9839",-39.125,-59.6875,1
"9840",-39.125,-59.5625,2
"9841",-39.125,-59.4375,3
"9842",-39.125,-59.3125,8
"9843",-39.125,-59.1875,5
"9844",-39.125,-59.0625,6
"9845",-39.125,-58.9375,12
"9846",-39.125,-58.8125,18
"9847",-39.125,-58.6875,35
"9848",-39.125,-58.5625,57
"9849",-39.125,-58.4375,67
"9850",-39.125,-58.3125,90
"9851",-39.125,-58.1875,83
"9852",-39.125,-58.0625,104
"9853",-39.125,-57.9375,109
"9854",-39.125,-57.8125,159
"9855",-39.125,-57.6875,113
"9856",-39.125,-57.5625,134
"9857",-39.125,-57.4375,130
"9858",-39.125,-57.3125,106
"9859",-39.125,-57.1875,84
"9860",-39.125,-57.0625,78
"9861",-39.125,-56.9375,83
"9862",-39.125,-56.8125,95
"9863",-39.125,-56.6875,71
"9864",-39.125,-56.5625,91
"9865",-39.125,-56.4375,84
"9866",-39.125,-56.3125,82
"9867",-39.125,-56.1875,67
"9868",-39.125,-56.0625,50
"9869",-39.125,-55.9375,74
"9870",-39.125,-55.8125,92
"9871",-39.125,-55.6875,72
"9872",-39.125,-55.5625,100
"9873",-39.125,-55.4375,100
"9874",-39.125,-55.3125,142
"9875",-39.125,-55.1875,184
"9876",-39.125,-55.0625,140
"9877",-39.125,-54.9375,129
"9878",-39.125,-54.8125,138
"9879",-39.125,-54.6875,132
"9880",-39.125,-54.5625,86
"9881",-39.125,-54.4375,11
"9882",-39.125,-54.3125,12
"9883",-39.125,-54.1875,3
"9884",-39.125,-54.0625,12
"9885",-39.125,-53.9375,2
"9886",-39.125,-53.8125,4
"9887",-39.125,-53.6875,9
"9888",-39.125,-53.5625,16
"9889",-39.125,-53.4375,13
"9890",-39.125,-53.3125,6
"9891",-39.125,-53.1875,11
"9892",-39.125,-53.0625,5
"9893",-39.125,-52.9375,13
"9894",-39.125,-52.8125,1
"9895",-39.125,-52.6875,11
"9896",-39.125,-52.5625,12
"9897",-39.125,-52.4375,12
"9898",-39.125,-52.3125,13
"9899",-39.125,-52.1875,10
"9900",-39.125,-52.0625,9
"9901",-39.125,-51.9375,2
"9902",-39.125,-51.8125,6
"9903",-39.125,-51.6875,12
"9904",-39.125,-51.5625,9
"9905",-39.125,-51.4375,6
"9906",-39.125,-51.3125,15
"9907",-39.125,-51.1875,4
"9908",-39.125,-51.0625,4
"9909",-39.125,-50.9375,6
"9910",-39.125,-50.8125,5
"9911",-39.125,-50.6875,1
"9912",-39.125,-50.5625,4
"9913",-39.125,-50.4375,1
"9914",-39.125,-50.3125,2
"9915",-38.875,-60.5625,3
"9916",-38.875,-60.4375,1
"9917",-38.875,-60.3125,4
"9918",-38.875,-60.1875,4
"9919",-38.875,-60.0625,4
"9920",-38.875,-59.9375,5
"9921",-38.875,-59.4375,1
"9922",-38.875,-59.3125,2
"9923",-38.875,-59.1875,4
"9924",-38.875,-59.0625,7
"9925",-38.875,-58.9375,11
"9926",-38.875,-58.8125,18
"9927",-38.875,-58.6875,36
"9928",-38.875,-58.5625,48
"9929",-38.875,-58.4375,69
"9930",-38.875,-58.3125,64
"9931",-38.875,-58.1875,90
"9932",-38.875,-58.0625,90
"9933",-38.875,-57.9375,109
"9934",-38.875,-57.8125,123
"9935",-38.875,-57.6875,112
"9936",-38.875,-57.5625,90
"9937",-38.875,-57.4375,110
"9938",-38.875,-57.3125,95
"9939",-38.875,-57.1875,74
"9940",-38.875,-57.0625,63
"9941",-38.875,-56.9375,90
"9942",-38.875,-56.8125,89
"9943",-38.875,-56.6875,61
"9944",-38.875,-56.5625,83
"9945",-38.875,-56.4375,78
"9946",-38.875,-56.3125,68
"9947",-38.875,-56.1875,52
"9948",-38.875,-56.0625,54
"9949",-38.875,-55.9375,65
"9950",-38.875,-55.8125,103
"9951",-38.875,-55.6875,111
"9952",-38.875,-55.5625,130
"9953",-38.875,-55.4375,149
"9954",-38.875,-55.3125,131
"9955",-38.875,-55.1875,177
"9956",-38.875,-55.0625,168
"9957",-38.875,-54.9375,143
"9958",-38.875,-54.8125,145
"9959",-38.875,-54.6875,133
"9960",-38.875,-54.5625,73
"9961",-38.875,-54.4375,57
"9962",-38.875,-54.3125,6
"9963",-38.875,-54.1875,7
"9964",-38.875,-53.8125,2
"9965",-38.875,-53.6875,6
"9966",-38.875,-53.5625,9
"9967",-38.875,-53.4375,13
"9968",-38.875,-53.3125,9
"9969",-38.875,-53.1875,8
"9970",-38.875,-53.0625,4
"9971",-38.875,-52.9375,16
"9972",-38.875,-52.8125,13
"9973",-38.875,-52.6875,16
"9974",-38.875,-52.5625,22
"9975",-38.875,-52.4375,20
"9976",-38.875,-52.3125,5
"9977",-38.875,-52.1875,6
"9978",-38.875,-52.0625,11
"9979",-38.875,-51.9375,8
"9980",-38.875,-51.8125,9
"9981",-38.875,-51.6875,14
"9982",-38.875,-51.5625,14
"9983",-38.875,-51.4375,3
"9984",-38.875,-51.3125,3
"9985",-38.875,-51.1875,6
"9986",-38.875,-51.0625,4
"9987",-38.875,-50.9375,1
"9988",-38.625,-60.5625,1
"9989",-38.625,-60.4375,2
"9990",-38.625,-60.3125,2
"9991",-38.625,-60.1875,4
"9992",-38.625,-60.0625,3
"9993",-38.625,-59.9375,3
"9994",-38.625,-59.3125,2
"9995",-38.625,-59.1875,8
"9996",-38.625,-59.0625,9
"9997",-38.625,-58.9375,27
"9998",-38.625,-58.8125,32
"9999",-38.625,-58.6875,44
"10000",-38.625,-58.5625,44
"10001",-38.625,-58.4375,69
"10002",-38.625,-58.3125,65
"10003",-38.625,-58.1875,72
"10004",-38.625,-58.0625,71
"10005",-38.625,-57.9375,82
"10006",-38.625,-57.8125,116
"10007",-38.625,-57.6875,118
"10008",-38.625,-57.5625,96
"10009",-38.625,-57.4375,89
"10010",-38.625,-57.3125,83
"10011",-38.625,-57.1875,69
"10012",-38.625,-57.0625,74
"10013",-38.625,-56.9375,76
"10014",-38.625,-56.8125,73
"10015",-38.625,-56.6875,88
"10016",-38.625,-56.5625,85
"10017",-38.625,-56.4375,105
"10018",-38.625,-56.3125,56
"10019",-38.625,-56.1875,81
"10020",-38.625,-56.0625,78
"10021",-38.625,-55.9375,71
"10022",-38.625,-55.8125,93
"10023",-38.625,-55.6875,120
"10024",-38.625,-55.5625,83
"10025",-38.625,-55.4375,94
"10026",-38.625,-55.3125,168
"10027",-38.625,-55.1875,174
"10028",-38.625,-55.0625,190
"10029",-38.625,-54.9375,156
"10030",-38.625,-54.8125,132
"10031",-38.625,-54.6875,64
"10032",-38.625,-54.5625,95
"10033",-38.625,-54.4375,28
"10034",-38.625,-54.3125,23
"10035",-38.625,-54.1875,7
"10036",-38.625,-54.0625,3
"10037",-38.625,-53.9375,3
"10038",-38.625,-53.8125,11
"10039",-38.625,-53.6875,11
"10040",-38.625,-53.5625,16
"10041",-38.625,-53.4375,14
"10042",-38.625,-53.3125,20
"10043",-38.625,-53.1875,15
"10044",-38.625,-53.0625,20
"10045",-38.625,-52.9375,24
"10046",-38.625,-52.8125,12
"10047",-38.625,-52.6875,6
"10048",-38.625,-52.5625,27
"10049",-38.625,-52.4375,22
"10050",-38.625,-52.3125,16
"10051",-38.625,-52.1875,13
"10052",-38.625,-52.0625,12
"10053",-38.625,-51.9375,7
"10054",-38.625,-51.8125,5
"10055",-38.625,-51.6875,5
"10056",-38.625,-51.5625,6
"10057",-38.625,-51.4375,6
"10058",-38.625,-51.3125,2
"10059",-38.625,-51.1875,1
"10060",-38.625,-51.0625,6
"10061",-38.375,-60.4375,1
"10062",-38.375,-60.3125,3
"10063",-38.375,-60.1875,3
"10064",-38.375,-59.9375,2
"10065",-38.375,-59.8125,5
"10066",-38.375,-59.6875,3
"10067",-38.375,-59.3125,1
"10068",-38.375,-59.1875,7
"10069",-38.375,-59.0625,19
"10070",-38.375,-58.9375,30
"10071",-38.375,-58.8125,24
"10072",-38.375,-58.6875,41
"10073",-38.375,-58.5625,51
"10074",-38.375,-58.4375,54
"10075",-38.375,-58.3125,39
"10076",-38.375,-58.1875,65
"10077",-38.375,-58.0625,61
"10078",-38.375,-57.9375,71
"10079",-38.375,-57.8125,89
"10080",-38.375,-57.6875,108
"10081",-38.375,-57.5625,129
"10082",-38.375,-57.4375,111
"10083",-38.375,-57.3125,92
"10084",-38.375,-57.1875,81
"10085",-38.375,-57.0625,71
"10086",-38.375,-56.9375,67
"10087",-38.375,-56.8125,59
"10088",-38.375,-56.6875,89
"10089",-38.375,-56.5625,85
"10090",-38.375,-56.4375,75
"10091",-38.375,-56.3125,76
"10092",-38.375,-56.1875,82
"10093",-38.375,-56.0625,96
"10094",-38.375,-55.9375,110
"10095",-38.375,-55.8125,107
"10096",-38.375,-55.6875,106
"10097",-38.375,-55.5625,76
"10098",-38.375,-55.4375,95
"10099",-38.375,-55.3125,141
"10100",-38.375,-55.1875,177
"10101",-38.375,-55.0625,181
"10102",-38.375,-54.9375,174
"10103",-38.375,-54.8125,121
"10104",-38.375,-54.6875,55
"10105",-38.375,-54.5625,61
"10106",-38.375,-54.4375,15
"10107",-38.375,-54.3125,2
"10108",-38.375,-54.1875,1
"10109",-38.375,-53.8125,8
"10110",-38.375,-53.6875,15
"10111",-38.375,-53.5625,13
"10112",-38.375,-53.4375,12
"10113",-38.375,-53.3125,19
"10114",-38.375,-53.1875,45
"10115",-38.375,-53.0625,14
"10116",-38.375,-52.9375,20
"10117",-38.375,-52.8125,19
"10118",-38.375,-52.6875,24
"10119",-38.375,-52.5625,28
"10120",-38.375,-52.4375,22
"10121",-38.375,-52.3125,21
"10122",-38.375,-52.1875,18
"10123",-38.375,-52.0625,13
"10124",-38.375,-51.9375,9
"10125",-38.375,-51.8125,6
"10126",-38.375,-51.6875,12
"10127",-38.375,-51.5625,13
"10128",-38.375,-51.4375,9
"10129",-38.375,-51.3125,1
"10130",-38.375,-51.1875,1
"10131",-38.375,-51.0625,1
"10132",-38.125,-60.3125,2
"10133",-38.125,-60.1875,5
"10134",-38.125,-59.3125,3
"10135",-38.125,-59.1875,8
"10136",-38.125,-59.0625,20
"10137",-38.125,-58.9375,14
"10138",-38.125,-58.8125,28
"10139",-38.125,-58.6875,23
"10140",-38.125,-58.5625,36
"10141",-38.125,-58.4375,45
"10142",-38.125,-58.3125,49
"10143",-38.125,-58.1875,35
"10144",-38.125,-58.0625,72
"10145",-38.125,-57.9375,56
"10146",-38.125,-57.8125,70
"10147",-38.125,-57.6875,64
"10148",-38.125,-57.5625,79
"10149",-38.125,-57.4375,120
"10150",-38.125,-57.3125,95
"10151",-38.125,-57.1875,68
"10152",-38.125,-57.0625,71
"10153",-38.125,-56.9375,61
"10154",-38.125,-56.8125,69
"10155",-38.125,-56.6875,84
"10156",-38.125,-56.5625,77
"10157",-38.125,-56.4375,76
"10158",-38.125,-56.3125,85
"10159",-38.125,-56.1875,97
"10160",-38.125,-56.0625,88
"10161",-38.125,-55.9375,81
"10162",-38.125,-55.8125,115
"10163",-38.125,-55.6875,92
"10164",-38.125,-55.5625,122
"10165",-38.125,-55.4375,148
"10166",-38.125,-55.3125,145
"10167",-38.125,-55.1875,154
"10168",-38.125,-55.0625,154
"10169",-38.125,-54.9375,147
"10170",-38.125,-54.8125,112
"10171",-38.125,-54.6875,102
"10172",-38.125,-54.5625,16
"10173",-38.125,-54.4375,25
"10174",-38.125,-53.8125,8
"10175",-38.125,-53.6875,8
"10176",-38.125,-53.5625,10
"10177",-38.125,-53.4375,13
"10178",-38.125,-53.3125,17
"10179",-38.125,-53.1875,22
"10180",-38.125,-53.0625,10
"10181",-38.125,-52.9375,22
"10182",-38.125,-52.8125,15
"10183",-38.125,-52.6875,19
"10184",-38.125,-52.5625,17
"10185",-38.125,-52.4375,24
"10186",-38.125,-52.3125,16
"10187",-38.125,-52.1875,9
"10188",-38.125,-52.0625,10
"10189",-38.125,-51.9375,16
"10190",-38.125,-51.8125,15
"10191",-38.125,-51.6875,12
"10192",-38.125,-51.5625,8
"10193",-38.125,-51.4375,5
"10194",-38.125,-51.3125,3
"10195",-38.125,-51.1875,2
"10196",-37.875,-60.1875,4
"10197",-37.875,-59.3125,1
"10198",-37.875,-59.1875,2
"10199",-37.875,-59.0625,13
"10200",-37.875,-58.9375,25
"10201",-37.875,-58.8125,28
"10202",-37.875,-58.6875,14
"10203",-37.875,-58.5625,24
"10204",-37.875,-58.4375,34
"10205",-37.875,-58.3125,27
"10206",-37.875,-58.1875,44
"10207",-37.875,-58.0625,41
"10208",-37.875,-57.9375,37
"10209",-37.875,-57.8125,73
"10210",-37.875,-57.6875,55
"10211",-37.875,-57.5625,83
"10212",-37.875,-57.4375,81
"10213",-37.875,-57.3125,72
"10214",-37.875,-57.1875,79
"10215",-37.875,-57.0625,86
"10216",-37.875,-56.9375,62
"10217",-37.875,-56.8125,80
"10218",-37.875,-56.6875,65
"10219",-37.875,-56.5625,75
"10220",-37.875,-56.4375,87
"10221",-37.875,-56.3125,110
"10222",-37.875,-56.1875,99
"10223",-37.875,-56.0625,76
"10224",-37.875,-55.9375,84
"10225",-37.875,-55.8125,139
"10226",-37.875,-55.6875,146
"10227",-37.875,-55.5625,174
"10228",-37.875,-55.4375,168
"10229",-37.875,-55.3125,186
"10230",-37.875,-55.1875,140
"10231",-37.875,-55.0625,134
"10232",-37.875,-54.9375,167
"10233",-37.875,-54.8125,117
"10234",-37.875,-54.6875,82
"10235",-37.875,-54.5625,69
"10236",-37.875,-54.4375,181
"10237",-37.875,-54.3125,4
"10238",-37.875,-53.8125,5
"10239",-37.875,-53.6875,5
"10240",-37.875,-53.5625,7
"10241",-37.875,-53.4375,31
"10242",-37.875,-53.3125,6
"10243",-37.875,-53.1875,27
"10244",-37.875,-53.0625,26
"10245",-37.875,-52.9375,29
"10246",-37.875,-52.8125,27
"10247",-37.875,-52.6875,22
"10248",-37.875,-52.5625,34
"10249",-37.875,-52.4375,16
"10250",-37.875,-52.3125,21
"10251",-37.875,-52.1875,14
"10252",-37.875,-52.0625,13
"10253",-37.875,-51.9375,16
"10254",-37.875,-51.8125,18
"10255",-37.875,-51.6875,9
"10256",-37.875,-51.5625,3
"10257",-37.875,-51.4375,3
"10258",-37.875,-51.1875,1
"10259",-37.625,-60.1875,3
"10260",-37.625,-60.0625,3
"10261",-37.625,-59.1875,2
"10262",-37.625,-59.0625,15
"10263",-37.625,-58.9375,9
"10264",-37.625,-58.8125,32
"10265",-37.625,-58.6875,23
"10266",-37.625,-58.5625,15
"10267",-37.625,-58.4375,20
"10268",-37.625,-58.3125,28
"10269",-37.625,-58.1875,17
"10270",-37.625,-58.0625,29
"10271",-37.625,-57.9375,42
"10272",-37.625,-57.8125,35
"10273",-37.625,-57.6875,59
"10274",-37.625,-57.5625,41
"10275",-37.625,-57.4375,62
"10276",-37.625,-57.3125,73
"10277",-37.625,-57.1875,76
"10278",-37.625,-57.0625,81
"10279",-37.625,-56.9375,92
"10280",-37.625,-56.8125,81
"10281",-37.625,-56.6875,61
"10282",-37.625,-56.5625,59
"10283",-37.625,-56.4375,98
"10284",-37.625,-56.3125,93
"10285",-37.625,-56.1875,123
"10286",-37.625,-56.0625,118
"10287",-37.625,-55.9375,159
"10288",-37.625,-55.8125,186
"10289",-37.625,-55.6875,178
"10290",-37.625,-55.5625,144
"10291",-37.625,-55.4375,131
"10292",-37.625,-55.3125,128
"10293",-37.625,-55.1875,134
"10294",-37.625,-55.0625,104
"10295",-37.625,-54.9375,152
"10296",-37.625,-54.8125,84
"10297",-37.625,-54.6875,97
"10298",-37.625,-54.5625,62
"10299",-37.625,-54.4375,53
"10300",-37.625,-53.8125,9
"10301",-37.625,-53.6875,9
"10302",-37.625,-53.5625,31
"10303",-37.625,-53.4375,20
"10304",-37.625,-53.3125,9
"10305",-37.625,-53.1875,34
"10306",-37.625,-53.0625,33
"10307",-37.625,-52.9375,29
"10308",-37.625,-52.8125,38
"10309",-37.625,-52.6875,38
"10310",-37.625,-52.5625,25
"10311",-37.625,-52.4375,29
"10312",-37.625,-52.3125,16
"10313",-37.625,-52.1875,4
"10314",-37.625,-52.0625,9
"10315",-37.625,-51.9375,8
"10316",-37.625,-51.8125,11
"10317",-37.625,-51.6875,14
"10318",-37.625,-51.5625,5
"10319",-37.625,-51.4375,2
"10320",-37.625,-51.3125,2
"10321",-37.625,-51.1875,2
"10322",-37.375,-60.0625,4
"10323",-37.375,-59.9375,4
"10324",-37.375,-59.1875,14
"10325",-37.375,-59.0625,16
"10326",-37.375,-58.9375,17
"10327",-37.375,-58.8125,15
"10328",-37.375,-58.6875,11
"10329",-37.375,-58.5625,11
"10330",-37.375,-58.4375,15
"10331",-37.375,-58.3125,15
"10332",-37.375,-58.1875,19
"10333",-37.375,-58.0625,18
"10334",-37.375,-57.9375,20
"10335",-37.375,-57.8125,22
"10336",-37.375,-57.6875,40
"10337",-37.375,-57.5625,49
"10338",-37.375,-57.4375,58
"10339",-37.375,-57.3125,68
"10340",-37.375,-57.1875,85
"10341",-37.375,-57.0625,77
"10342",-37.375,-56.9375,65
"10343",-37.375,-56.8125,71
"10344",-37.375,-56.6875,63
"10345",-37.375,-56.5625,51
"10346",-37.375,-56.4375,95
"10347",-37.375,-56.3125,105
"10348",-37.375,-56.1875,138
"10349",-37.375,-56.0625,174
"10350",-37.375,-55.9375,166
"10351",-37.375,-55.8125,173
"10352",-37.375,-55.6875,131
"10353",-37.375,-55.5625,110
"10354",-37.375,-55.4375,113
"10355",-37.375,-55.3125,117
"10356",-37.375,-55.1875,104
"10357",-37.375,-55.0625,157
"10358",-37.375,-54.9375,47
"10359",-37.375,-54.8125,18
"10360",-37.375,-54.6875,41
"10361",-37.375,-54.5625,56
"10362",-37.375,-54.4375,10
"10363",-37.375,-53.9375,8
"10364",-37.375,-53.8125,6
"10365",-37.375,-53.6875,12
"10366",-37.375,-53.5625,13
"10367",-37.375,-53.4375,23
"10368",-37.375,-53.3125,36
"10369",-37.375,-53.1875,39
"10370",-37.375,-53.0625,44
"10371",-37.375,-52.9375,36
"10372",-37.375,-52.8125,36
"10373",-37.375,-52.6875,16
"10374",-37.375,-52.5625,27
"10375",-37.375,-52.4375,32
"10376",-37.375,-52.3125,13
"10377",-37.375,-52.1875,17
"10378",-37.375,-52.0625,3
"10379",-37.375,-51.9375,4
"10380",-37.375,-51.8125,13
"10381",-37.375,-51.6875,7
"10382",-37.375,-51.5625,3
"10383",-37.375,-51.4375,6
"10384",-37.375,-51.3125,1
"10385",-37.375,-51.1875,1
"10386",-37.125,-59.3125,2
"10387",-37.125,-59.1875,4
"10388",-37.125,-59.0625,11
"10389",-37.125,-58.9375,7
"10390",-37.125,-58.8125,4
"10391",-37.125,-58.6875,2
"10392",-37.125,-58.5625,9
"10393",-37.125,-58.4375,8
"10394",-37.125,-58.3125,4
"10395",-37.125,-58.1875,5
"10396",-37.125,-58.0625,7
"10397",-37.125,-57.9375,10
"10398",-37.125,-57.8125,22
"10399",-37.125,-57.6875,31
"10400",-37.125,-57.5625,33
"10401",-37.125,-57.4375,57
"10402",-37.125,-57.3125,54
"10403",-37.125,-57.1875,56
"10404",-37.125,-57.0625,70
"10405",-37.125,-56.9375,68
"10406",-37.125,-56.8125,44
"10407",-37.125,-56.6875,42
"10408",-37.125,-56.5625,64
"10409",-37.125,-56.4375,72
"10410",-37.125,-56.3125,122
"10411",-37.125,-56.1875,164
"10412",-37.125,-56.0625,143
"10413",-37.125,-55.9375,167
"10414",-37.125,-55.8125,144
"10415",-37.125,-55.6875,101
"10416",-37.125,-55.5625,107
"10417",-37.125,-55.4375,86
"10418",-37.125,-55.3125,87
"10419",-37.125,-55.1875,82
"10420",-37.125,-55.0625,145
"10421",-37.125,-54.9375,80
"10422",-37.125,-54.8125,42
"10423",-37.125,-54.6875,44
"10424",-37.125,-54.5625,5
"10425",-37.125,-54.4375,45
"10426",-37.125,-54.3125,10
"10427",-37.125,-54.0625,1
"10428",-37.125,-53.9375,13
"10429",-37.125,-53.6875,9
"10430",-37.125,-53.5625,15
"10431",-37.125,-53.4375,54
"10432",-37.125,-53.3125,46
"10433",-37.125,-53.1875,49
"10434",-37.125,-53.0625,42
"10435",-37.125,-52.9375,36
"10436",-37.125,-52.8125,17
"10437",-37.125,-52.6875,11
"10438",-37.125,-52.5625,19
"10439",-37.125,-52.4375,21
"10440",-37.125,-52.3125,13
"10441",-37.125,-52.1875,21
"10442",-37.125,-52.0625,13
"10443",-37.125,-51.9375,7
"10444",-37.125,-51.8125,10
"10445",-37.125,-51.6875,11
"10446",-37.125,-51.5625,7
"10447",-37.125,-51.4375,5
"10448",-37.125,-51.3125,3
"10449",-37.125,-51.1875,4
"10450",-36.875,-59.8125,1
"10451",-36.875,-59.6875,2
"10452",-36.875,-59.5625,2
"10453",-36.875,-59.4375,2
"10454",-36.875,-59.3125,2
"10455",-36.875,-59.1875,5
"10456",-36.875,-59.0625,2
"10457",-36.875,-58.9375,4
"10458",-36.875,-58.8125,9
"10459",-36.875,-58.6875,3
"10460",-36.875,-58.5625,10
"10461",-36.875,-58.4375,8
"10462",-36.875,-58.3125,5
"10463",-36.875,-58.1875,5
"10464",-36.875,-58.0625,6
"10465",-36.875,-57.9375,6
"10466",-36.875,-57.8125,22
"10467",-36.875,-57.6875,25
"10468",-36.875,-57.5625,26
"10469",-36.875,-57.4375,42
"10470",-36.875,-57.3125,48
"10471",-36.875,-57.1875,56
"10472",-36.875,-57.0625,45
"10473",-36.875,-56.9375,63
"10474",-36.875,-56.8125,67
"10475",-36.875,-56.6875,58
"10476",-36.875,-56.5625,66
"10477",-36.875,-56.4375,79
"10478",-36.875,-56.3125,139
"10479",-36.875,-56.1875,153
"10480",-36.875,-56.0625,139
"10481",-36.875,-55.9375,132
"10482",-36.875,-55.8125,160
"10483",-36.875,-55.6875,111
"10484",-36.875,-55.5625,96
"10485",-36.875,-55.4375,72
"10486",-36.875,-55.3125,78
"10487",-36.875,-55.1875,118
"10488",-36.875,-55.0625,152
"10489",-36.875,-54.9375,96
"10490",-36.875,-54.8125,34
"10491",-36.875,-54.6875,16
"10492",-36.875,-54.5625,5
"10493",-36.875,-54.4375,7
"10494",-36.875,-54.0625,6
"10495",-36.875,-53.9375,8
"10496",-36.875,-53.8125,12
"10497",-36.875,-53.6875,6
"10498",-36.875,-53.5625,53
"10499",-36.875,-53.4375,68
"10500",-36.875,-53.3125,46
"10501",-36.875,-53.1875,43
"10502",-36.875,-53.0625,25
"10503",-36.875,-52.9375,32
"10504",-36.875,-52.8125,26
"10505",-36.875,-52.6875,13
"10506",-36.875,-52.5625,16
"10507",-36.875,-52.4375,15
"10508",-36.875,-52.3125,21
"10509",-36.875,-52.1875,4
"10510",-36.875,-52.0625,2
"10511",-36.875,-51.9375,9
"10512",-36.875,-51.8125,11
"10513",-36.875,-51.6875,3
"10514",-36.875,-51.5625,2
"10515",-36.875,-51.4375,6
"10516",-36.875,-51.3125,6
"10517",-36.875,-51.1875,2
"10518",-36.875,-51.0625,2
"10519",-36.875,-50.9375,4
"10520",-36.625,-59.9375,3
"10521",-36.625,-59.8125,1
"10522",-36.625,-59.4375,1
"10523",-36.625,-59.1875,4
"10524",-36.625,-59.0625,3
"10525",-36.625,-58.9375,5
"10526",-36.625,-58.8125,8
"10527",-36.625,-58.6875,18
"10528",-36.625,-58.5625,7
"10529",-36.625,-58.4375,1
"10530",-36.625,-58.1875,2
"10531",-36.625,-58.0625,2
"10532",-36.625,-57.9375,5
"10533",-36.625,-57.8125,12
"10534",-36.625,-57.6875,25
"10535",-36.625,-57.5625,23
"10536",-36.625,-57.4375,45
"10537",-36.625,-57.3125,35
"10538",-36.625,-57.1875,43
"10539",-36.625,-57.0625,42
"10540",-36.625,-56.9375,46
"10541",-36.625,-56.8125,61
"10542",-36.625,-56.6875,60
"10543",-36.625,-56.5625,64
"10544",-36.625,-56.4375,81
"10545",-36.625,-56.3125,167
"10546",-36.625,-56.1875,153
"10547",-36.625,-56.0625,129
"10548",-36.625,-55.9375,102
"10549",-36.625,-55.8125,129
"10550",-36.625,-55.6875,124
"10551",-36.625,-55.5625,76
"10552",-36.625,-55.4375,118
"10553",-36.625,-55.3125,85
"10554",-36.625,-55.1875,75
"10555",-36.625,-55.0625,154
"10556",-36.625,-54.9375,163
"10557",-36.625,-54.8125,27
"10558",-36.625,-54.6875,19
"10559",-36.625,-54.5625,2
"10560",-36.625,-54.1875,2
"10561",-36.625,-54.0625,13
"10562",-36.625,-53.9375,20
"10563",-36.625,-53.8125,2
"10564",-36.625,-53.6875,22
"10565",-36.625,-53.5625,78
"10566",-36.625,-53.4375,52
"10567",-36.625,-53.3125,41
"10568",-36.625,-53.1875,38
"10569",-36.625,-53.0625,23
"10570",-36.625,-52.9375,19
"10571",-36.625,-52.8125,21
"10572",-36.625,-52.6875,20
"10573",-36.625,-52.5625,12
"10574",-36.625,-52.4375,15
"10575",-36.625,-52.3125,10
"10576",-36.625,-52.1875,9
"10577",-36.625,-52.0625,9
"10578",-36.625,-51.9375,2
"10579",-36.625,-51.8125,3
"10580",-36.625,-51.6875,4
"10581",-36.625,-51.5625,2
"10582",-36.625,-51.3125,7
"10583",-36.625,-51.1875,6
"10584",-36.625,-51.0625,9
"10585",-36.625,-50.9375,4
"10586",-36.625,-50.8125,2
"10587",-36.625,-50.6875,1
"10588",-36.375,-59.8125,4
"10589",-36.375,-59.6875,7
"10590",-36.375,-59.4375,3
"10591",-36.375,-59.3125,1
"10592",-36.375,-59.1875,1
"10593",-36.375,-59.0625,2
"10594",-36.375,-58.8125,9
"10595",-36.375,-58.5625,5
"10596",-36.375,-58.4375,10
"10597",-36.375,-58.3125,5
"10598",-36.375,-58.1875,4
"10599",-36.375,-58.0625,7
"10600",-36.375,-57.9375,4
"10601",-36.375,-57.8125,14
"10602",-36.375,-57.6875,28
"10603",-36.375,-57.5625,31
"10604",-36.375,-57.4375,38
"10605",-36.375,-57.3125,45
"10606",-36.375,-57.1875,43
"10607",-36.375,-57.0625,61
"10608",-36.375,-56.9375,60
"10609",-36.375,-56.8125,70
"10610",-36.375,-56.6875,116
"10611",-36.375,-56.5625,101
"10612",-36.375,-56.4375,144
"10613",-36.375,-56.3125,154
"10614",-36.375,-56.1875,125
"10615",-36.375,-56.0625,134
"10616",-36.375,-55.9375,158
"10617",-36.375,-55.8125,106
"10618",-36.375,-55.6875,112
"10619",-36.375,-55.5625,150
"10620",-36.375,-55.4375,121
"10621",-36.375,-55.3125,113
"10622",-36.375,-55.1875,140
"10623",-36.375,-55.0625,109
"10624",-36.375,-54.9375,51
"10625",-36.375,-54.8125,3
"10626",-36.375,-54.1875,20
"10627",-36.375,-54.0625,6
"10628",-36.375,-53.9375,25
"10629",-36.375,-53.8125,9
"10630",-36.375,-53.6875,53
"10631",-36.375,-53.5625,60
"10632",-36.375,-53.4375,57
"10633",-36.375,-53.3125,50
"10634",-36.375,-53.1875,17
"10635",-36.375,-53.0625,19
"10636",-36.375,-52.9375,24
"10637",-36.375,-52.8125,22
"10638",-36.375,-52.6875,24
"10639",-36.375,-52.5625,16
"10640",-36.375,-52.4375,13
"10641",-36.375,-52.3125,13
"10642",-36.375,-52.1875,13
"10643",-36.375,-52.0625,3
"10644",-36.375,-51.9375,2
"10645",-36.375,-51.8125,6
"10646",-36.375,-51.6875,1
"10647",-36.375,-51.5625,3
"10648",-36.375,-51.4375,6
"10649",-36.375,-51.3125,5
"10650",-36.375,-51.1875,6
"10651",-36.375,-51.0625,1
"10652",-36.375,-50.9375,8
"10653",-36.375,-50.8125,2
"10654",-36.125,-59.6875,2
"10655",-36.125,-59.5625,1
"10656",-36.125,-59.4375,1
"10657",-36.125,-59.3125,2
"10658",-36.125,-59.1875,1
"10659",-36.125,-59.0625,3
"10660",-36.125,-58.9375,1
"10661",-36.125,-58.8125,7
"10662",-36.125,-58.4375,3
"10663",-36.125,-58.3125,8
"10664",-36.125,-58.1875,4
"10665",-36.125,-58.0625,7
"10666",-36.125,-57.9375,8
"10667",-36.125,-57.8125,18
"10668",-36.125,-57.6875,27
"10669",-36.125,-57.5625,31
"10670",-36.125,-57.4375,38
"10671",-36.125,-57.3125,51
"10672",-36.125,-57.1875,53
"10673",-36.125,-57.0625,48
"10674",-36.125,-56.9375,69
"10675",-36.125,-56.8125,83
"10676",-36.125,-56.6875,93
"10677",-36.125,-56.5625,92
"10678",-36.125,-56.4375,104
"10679",-36.125,-56.3125,148
"10680",-36.125,-56.1875,119
"10681",-36.125,-56.0625,126
"10682",-36.125,-55.9375,95
"10683",-36.125,-55.8125,122
"10684",-36.125,-55.6875,108
"10685",-36.125,-55.5625,101
"10686",-36.125,-55.4375,122
"10687",-36.125,-55.3125,166
"10688",-36.125,-55.1875,50
"10689",-36.125,-55.0625,8
"10690",-36.125,-54.9375,5
"10691",-36.125,-54.8125,28
"10692",-36.125,-54.3125,9
"10693",-36.125,-54.1875,13
"10694",-36.125,-54.0625,18
"10695",-36.125,-53.9375,14
"10696",-36.125,-53.8125,56
"10697",-36.125,-53.6875,72
"10698",-36.125,-53.5625,70
"10699",-36.125,-53.4375,51
"10700",-36.125,-53.3125,25
"10701",-36.125,-53.1875,24
"10702",-36.125,-53.0625,27
"10703",-36.125,-52.9375,16
"10704",-36.125,-52.8125,24
"10705",-36.125,-52.6875,22
"10706",-36.125,-52.5625,10
"10707",-36.125,-52.4375,17
"10708",-36.125,-52.3125,11
"10709",-36.125,-52.1875,10
"10710",-36.125,-52.0625,5
"10711",-36.125,-51.9375,8
"10712",-36.125,-51.8125,6
"10713",-36.125,-51.6875,3
"10714",-36.125,-51.5625,3
"10715",-36.125,-51.4375,3
"10716",-36.125,-51.3125,10
"10717",-36.125,-51.1875,3
"10718",-36.125,-51.0625,4
"10719",-36.125,-50.9375,3
"10720",-36.125,-50.8125,2
"10721",-36.125,-50.6875,2
"10722",-35.875,-59.4375,1
"10723",-35.875,-59.3125,1
"10724",-35.875,-59.1875,3
"10725",-35.875,-59.0625,2
"10726",-35.875,-58.9375,1
"10727",-35.875,-58.8125,2
"10728",-35.875,-58.6875,1
"10729",-35.875,-58.5625,1
"10730",-35.875,-58.4375,2
"10731",-35.875,-58.3125,7
"10732",-35.875,-58.1875,3
"10733",-35.875,-58.0625,7
"10734",-35.875,-57.9375,11
"10735",-35.875,-57.8125,11
"10736",-35.875,-57.6875,26
"10737",-35.875,-57.5625,33
"10738",-35.875,-57.4375,47
"10739",-35.875,-57.3125,53
"10740",-35.875,-57.1875,57
"10741",-35.875,-57.0625,94
"10742",-35.875,-56.9375,84
"10743",-35.875,-56.8125,99
"10744",-35.875,-56.6875,88
"10745",-35.875,-56.5625,110
"10746",-35.875,-56.4375,115
"10747",-35.875,-56.3125,120
"10748",-35.875,-56.1875,109
"10749",-35.875,-56.0625,126
"10750",-35.875,-55.9375,124
"10751",-35.875,-55.8125,110
"10752",-35.875,-55.6875,124
"10753",-35.875,-55.5625,113
"10754",-35.875,-55.4375,115
"10755",-35.875,-55.3125,72
"10756",-35.875,-55.1875,24
"10757",-35.875,-55.0625,10
"10758",-35.875,-54.8125,8
"10759",-35.875,-54.5625,2
"10760",-35.875,-54.4375,4
"10761",-35.875,-54.3125,21
"10762",-35.875,-54.1875,5
"10763",-35.875,-54.0625,11
"10764",-35.875,-53.9375,25
"10765",-35.875,-53.8125,47
"10766",-35.875,-53.6875,59
"10767",-35.875,-53.5625,54
"10768",-35.875,-53.4375,47
"10769",-35.875,-53.3125,30
"10770",-35.875,-53.1875,38
"10771",-35.875,-53.0625,22
"10772",-35.875,-52.9375,29
"10773",-35.875,-52.8125,17
"10774",-35.875,-52.6875,26
"10775",-35.875,-52.5625,14
"10776",-35.875,-52.4375,7
"10777",-35.875,-52.3125,11
"10778",-35.875,-52.1875,8
"10779",-35.875,-52.0625,1
"10780",-35.875,-51.9375,6
"10781",-35.875,-51.8125,9
"10782",-35.875,-51.6875,5
"10783",-35.875,-51.5625,1
"10784",-35.875,-51.4375,1
"10785",-35.875,-51.3125,3
"10786",-35.875,-51.1875,1
"10787",-35.875,-51.0625,9
"10788",-35.875,-50.9375,5
"10789",-35.875,-50.8125,3
"10790",-35.875,-50.6875,1
"10791",-35.625,-59.0625,1
"10792",-35.625,-58.9375,3
"10793",-35.625,-58.8125,1
"10794",-35.625,-58.6875,2
"10795",-35.625,-58.3125,11
"10796",-35.625,-58.1875,11
"10797",-35.625,-58.0625,11
"10798",-35.625,-57.9375,11
"10799",-35.625,-57.8125,9
"10800",-35.625,-57.6875,25
"10801",-35.625,-57.5625,31
"10802",-35.625,-57.4375,43
"10803",-35.625,-57.3125,63
"10804",-35.625,-57.1875,80
"10805",-35.625,-57.0625,77
"10806",-35.625,-56.9375,89
"10807",-35.625,-56.8125,75
"10808",-35.625,-56.6875,89
"10809",-35.625,-56.5625,79
"10810",-35.625,-56.4375,88
"10811",-35.625,-56.3125,101
"10812",-35.625,-56.1875,92
"10813",-35.625,-56.0625,134
"10814",-35.625,-55.9375,167
"10815",-35.625,-55.8125,152
"10816",-35.625,-55.6875,120
"10817",-35.625,-55.5625,92
"10818",-35.625,-55.4375,128
"10819",-35.625,-55.3125,77
"10820",-35.625,-55.1875,8
"10821",-35.625,-55.0625,2
"10822",-35.625,-54.9375,19
"10823",-35.625,-54.8125,4
"10824",-35.625,-54.6875,8
"10825",-35.625,-54.5625,1
"10826",-35.625,-54.4375,28
"10827",-35.625,-54.3125,18
"10828",-35.625,-54.1875,18
"10829",-35.625,-54.0625,40
"10830",-35.625,-53.9375,68
"10831",-35.625,-53.8125,72
"10832",-35.625,-53.6875,55
"10833",-35.625,-53.5625,65
"10834",-35.625,-53.4375,41
"10835",-35.625,-53.3125,27
"10836",-35.625,-53.1875,25
"10837",-35.625,-53.0625,30
"10838",-35.625,-52.9375,23
"10839",-35.625,-52.8125,13
"10840",-35.625,-52.6875,9
"10841",-35.625,-52.5625,13
"10842",-35.625,-52.4375,17
"10843",-35.625,-52.3125,13
"10844",-35.625,-52.1875,7
"10845",-35.625,-52.0625,9
"10846",-35.625,-51.9375,8
"10847",-35.625,-51.8125,9
"10848",-35.625,-51.6875,14
"10849",-35.625,-51.5625,5
"10850",-35.625,-51.4375,1
"10851",-35.625,-51.3125,4
"10852",-35.625,-51.1875,3
"10853",-35.625,-51.0625,5
"10854",-35.625,-50.9375,3
"10855",-35.625,-50.8125,5
"10856",-35.625,-50.6875,3
"10857",-35.625,-50.4375,1
"10858",-35.375,-58.8125,2
"10859",-35.375,-58.6875,2
"10860",-35.375,-58.3125,4
"10861",-35.375,-58.1875,6
"10862",-35.375,-58.0625,9
"10863",-35.375,-57.9375,9
"10864",-35.375,-57.8125,15
"10865",-35.375,-57.6875,18
"10866",-35.375,-57.5625,46
"10867",-35.375,-57.4375,36
"10868",-35.375,-57.3125,49
"10869",-35.375,-57.1875,69
"10870",-35.375,-57.0625,90
"10871",-35.375,-56.9375,72
"10872",-35.375,-56.8125,72
"10873",-35.375,-56.6875,81
"10874",-35.375,-56.5625,74
"10875",-35.375,-56.4375,103
"10876",-35.375,-56.3125,95
"10877",-35.375,-56.1875,108
"10878",-35.375,-56.0625,109
"10879",-35.375,-55.9375,122
"10880",-35.375,-55.8125,116
"10881",-35.375,-55.6875,114
"10882",-35.375,-55.5625,144
"10883",-35.375,-55.4375,103
"10884",-35.375,-55.3125,93
"10885",-35.375,-55.1875,5
"10886",-35.375,-55.0625,1
"10887",-35.375,-54.9375,10
"10888",-35.375,-54.8125,17
"10889",-35.375,-54.6875,7
"10890",-35.375,-54.5625,8
"10891",-35.375,-54.4375,55
"10892",-35.375,-54.3125,31
"10893",-35.375,-54.1875,77
"10894",-35.375,-54.0625,91
"10895",-35.375,-53.9375,64
"10896",-35.375,-53.8125,57
"10897",-35.375,-53.6875,70
"10898",-35.375,-53.5625,46
"10899",-35.375,-53.4375,40
"10900",-35.375,-53.3125,48
"10901",-35.375,-53.1875,22
"10902",-35.375,-53.0625,34
"10903",-35.375,-52.9375,20
"10904",-35.375,-52.8125,15
"10905",-35.375,-52.6875,14
"10906",-35.375,-52.5625,7
"10907",-35.375,-52.4375,7
"10908",-35.375,-52.3125,9
"10909",-35.375,-52.1875,8
"10910",-35.375,-52.0625,3
"10911",-35.375,-51.9375,6
"10912",-35.375,-51.8125,4
"10913",-35.375,-51.6875,3
"10914",-35.375,-51.5625,3
"10915",-35.375,-51.3125,3
"10916",-35.375,-51.1875,2
"10917",-35.375,-51.0625,3
"10918",-35.375,-50.9375,2
"10919",-35.375,-50.8125,6
"10920",-35.375,-50.6875,2
"10921",-35.375,-50.4375,1
"10922",-35.125,-58.6875,1
"10923",-35.125,-58.5625,1
"10924",-35.125,-58.4375,1
"10925",-35.125,-58.3125,4
"10926",-35.125,-58.1875,3
"10927",-35.125,-58.0625,8
"10928",-35.125,-57.9375,13
"10929",-35.125,-57.8125,26
"10930",-35.125,-57.6875,35
"10931",-35.125,-57.5625,40
"10932",-35.125,-57.4375,44
"10933",-35.125,-57.3125,58
"10934",-35.125,-57.1875,72
"10935",-35.125,-57.0625,81
"10936",-35.125,-56.9375,77
"10937",-35.125,-56.8125,118
"10938",-35.125,-56.6875,91
"10939",-35.125,-56.5625,97
"10940",-35.125,-56.4375,75
"10941",-35.125,-56.3125,93
"10942",-35.125,-56.1875,114
"10943",-35.125,-56.0625,115
"10944",-35.125,-55.9375,118
"10945",-35.125,-55.8125,116
"10946",-35.125,-55.6875,117
"10947",-35.125,-55.5625,91
"10948",-35.125,-55.4375,97
"10949",-35.125,-55.3125,65
"10950",-35.125,-55.1875,44
"10951",-35.125,-55.0625,26
"10952",-35.125,-54.9375,14
"10953",-35.125,-54.8125,33
"10954",-35.125,-54.6875,37
"10955",-35.125,-54.5625,95
"10956",-35.125,-54.4375,96
"10957",-35.125,-54.3125,110
"10958",-35.125,-54.1875,84
"10959",-35.125,-54.0625,65
"10960",-35.125,-53.9375,81
"10961",-35.125,-53.8125,98
"10962",-35.125,-53.6875,56
"10963",-35.125,-53.5625,65
"10964",-35.125,-53.4375,41
"10965",-35.125,-53.3125,23
"10966",-35.125,-53.1875,23
"10967",-35.125,-53.0625,24
"10968",-35.125,-52.9375,19
"10969",-35.125,-52.8125,17
"10970",-35.125,-52.6875,9
"10971",-35.125,-52.5625,3
"10972",-35.125,-52.4375,4
"10973",-35.125,-52.3125,8
"10974",-35.125,-52.1875,7
"10975",-35.125,-52.0625,17
"10976",-35.125,-51.9375,14
"10977",-35.125,-51.8125,9
"10978",-35.125,-51.6875,3
"10979",-35.125,-51.5625,1
"10980",-35.125,-51.3125,3
"10981",-35.125,-51.1875,1
"10982",-35.125,-51.0625,2
"10983",-35.125,-50.9375,3
"10984",-35.125,-50.8125,6
"10985",-35.125,-50.6875,2
"10986",-35.125,-50.5625,3
"10987",-35.125,-50.4375,1
"10988",-35.125,-50.3125,1
"10989",-35.125,-50.1875,2
"10990",-35.125,-50.0625,3
"10991",-34.875,-58.5625,4
"10992",-34.875,-58.4375,4
"10993",-34.875,-58.3125,8
"10994",-34.875,-58.1875,6
"10995",-34.875,-58.0625,13
"10996",-34.875,-57.9375,13
"10997",-34.875,-57.8125,26
"10998",-34.875,-57.6875,36
"10999",-34.875,-57.5625,33
"11000",-34.875,-57.4375,54
"11001",-34.875,-57.3125,52
"11002",-34.875,-57.1875,69
"11003",-34.875,-57.0625,78
"11004",-34.875,-56.9375,64
"11005",-34.875,-56.8125,92
"11006",-34.875,-56.6875,92
"11007",-34.875,-56.5625,73
"11008",-34.875,-56.4375,78
"11009",-34.875,-56.3125,109
"11010",-34.875,-56.1875,94
"11011",-34.875,-56.0625,127
"11012",-34.875,-55.9375,103
"11013",-34.875,-55.8125,88
"11014",-34.875,-55.6875,121
"11015",-34.875,-55.5625,114
"11016",-34.875,-55.4375,102
"11017",-34.875,-55.3125,87
"11018",-34.875,-55.1875,19
"11019",-34.875,-55.0625,8
"11020",-34.875,-54.9375,21
"11021",-34.875,-54.8125,91
"11022",-34.875,-54.6875,116
"11023",-34.875,-54.5625,118
"11024",-34.875,-54.4375,88
"11025",-34.875,-54.3125,61
"11026",-34.875,-54.1875,64
"11027",-34.875,-54.0625,71
"11028",-34.875,-53.9375,54
"11029",-34.875,-53.8125,41
"11030",-34.875,-53.6875,29
"11031",-34.875,-53.5625,38
"11032",-34.875,-53.4375,50
"11033",-34.875,-53.3125,24
"11034",-34.875,-53.1875,30
"11035",-34.875,-53.0625,7
"11036",-34.875,-52.9375,21
"11037",-34.875,-52.8125,20
"11038",-34.875,-52.6875,9
"11039",-34.875,-52.5625,6
"11040",-34.875,-52.4375,6
"11041",-34.875,-52.3125,11
"11042",-34.875,-52.1875,9
"11043",-34.875,-52.0625,11
"11044",-34.875,-51.9375,8
"11045",-34.875,-51.8125,9
"11046",-34.875,-51.6875,4
"11047",-34.875,-51.5625,1
"11048",-34.875,-51.4375,1
"11049",-34.875,-51.3125,2
"11050",-34.875,-51.1875,12
"11051",-34.875,-51.0625,7
"11052",-34.875,-50.9375,1
"11053",-34.875,-50.8125,2
"11054",-34.875,-50.6875,4
"11055",-34.875,-50.5625,2
"11056",-34.875,-50.3125,1
"11057",-34.875,-50.1875,4
"11058",-34.625,-58.5625,1
"11059",-34.625,-58.4375,7
"11060",-34.625,-58.3125,5
"11061",-34.625,-58.1875,10
"11062",-34.625,-58.0625,19
"11063",-34.625,-57.9375,27
"11064",-34.625,-57.8125,31
"11065",-34.625,-57.6875,32
"11066",-34.625,-57.5625,32
"11067",-34.625,-57.4375,40
"11068",-34.625,-57.3125,56
"11069",-34.625,-57.1875,66
"11070",-34.625,-57.0625,74
"11071",-34.625,-56.9375,61
"11072",-34.625,-56.8125,55
"11073",-34.625,-56.6875,73
"11074",-34.625,-56.5625,82
"11075",-34.625,-56.4375,74
"11076",-34.625,-56.3125,65
"11077",-34.625,-56.1875,98
"11078",-34.625,-56.0625,101
"11079",-34.625,-55.9375,99
"11080",-34.625,-55.8125,63
"11081",-34.625,-55.6875,101
"11082",-34.625,-55.5625,115
"11083",-34.625,-55.4375,123
"11084",-34.625,-55.3125,118
"11085",-34.625,-55.1875,71
"11086",-34.625,-55.0625,26
"11087",-34.625,-54.9375,37
"11088",-34.625,-54.8125,116
"11089",-34.625,-54.6875,121
"11090",-34.625,-54.5625,74
"11091",-34.625,-54.4375,53
"11092",-34.625,-54.3125,50
"11093",-34.625,-54.1875,63
"11094",-34.625,-54.0625,43
"11095",-34.625,-53.9375,35
"11096",-34.625,-53.8125,31
"11097",-34.625,-53.6875,26
"11098",-34.625,-53.5625,20
"11099",-34.625,-53.4375,30
"11100",-34.625,-53.3125,16
"11101",-34.625,-53.1875,10
"11102",-34.625,-53.0625,11
"11103",-34.625,-52.9375,20
"11104",-34.625,-52.8125,15
"11105",-34.625,-52.6875,15
"11106",-34.625,-52.5625,17
"11107",-34.625,-52.4375,12
"11108",-34.625,-52.3125,13
"11109",-34.625,-52.1875,22
"11110",-34.625,-52.0625,22
"11111",-34.625,-51.9375,9
"11112",-34.625,-51.8125,10
"11113",-34.625,-51.6875,8
"11114",-34.625,-51.5625,8
"11115",-34.625,-51.3125,2
"11116",-34.625,-51.1875,4
"11117",-34.625,-51.0625,1
"11118",-34.625,-50.9375,1
"11119",-34.625,-50.6875,2
"11120",-34.625,-50.5625,1
"11121",-34.625,-50.4375,5
"11122",-34.625,-50.3125,2
"11123",-34.625,-50.1875,1
"11124",-34.375,-58.5625,4
"11125",-34.375,-58.4375,8
"11126",-34.375,-58.3125,5
"11127",-34.375,-58.1875,4
"11128",-34.375,-58.0625,19
"11129",-34.375,-57.9375,25
"11130",-34.375,-57.8125,17
"11131",-34.375,-57.6875,22
"11132",-34.375,-57.5625,21
"11133",-34.375,-57.4375,66
"11134",-34.375,-57.3125,48
"11135",-34.375,-57.1875,59
"11136",-34.375,-57.0625,69
"11137",-34.375,-56.9375,68
"11138",-34.375,-56.8125,60
"11139",-34.375,-56.6875,79
"11140",-34.375,-56.5625,73
"11141",-34.375,-56.4375,77
"11142",-34.375,-56.3125,75
"11143",-34.375,-56.1875,84
"11144",-34.375,-56.0625,73
"11145",-34.375,-55.9375,101
"11146",-34.375,-55.8125,69
"11147",-34.375,-55.6875,67
"11148",-34.375,-55.5625,61
"11149",-34.375,-55.4375,80
"11150",-34.375,-55.3125,106
"11151",-34.375,-55.1875,97
"11152",-34.375,-55.0625,99
"11153",-34.375,-54.9375,97
"11154",-34.375,-54.8125,116
"11155",-34.375,-54.6875,63
"11156",-34.375,-54.5625,56
"11157",-34.375,-54.4375,45
"11158",-34.375,-54.3125,38
"11159",-34.375,-54.1875,28
"11160",-34.375,-54.0625,23
"11161",-34.375,-53.9375,22
"11162",-34.375,-53.8125,17
"11163",-34.375,-53.6875,26
"11164",-34.375,-53.5625,27
"11165",-34.375,-53.4375,25
"11166",-34.375,-53.3125,5
"11167",-34.375,-53.1875,8
"11168",-34.375,-53.0625,14
"11169",-34.375,-52.9375,15
"11170",-34.375,-52.8125,7
"11171",-34.375,-52.6875,15
"11172",-34.375,-52.5625,14
"11173",-34.375,-52.4375,18
"11174",-34.375,-52.3125,16
"11175",-34.375,-52.1875,8
"11176",-34.375,-52.0625,17
"11177",-34.375,-51.9375,21
"11178",-34.375,-51.8125,12
"11179",-34.375,-51.6875,7
"11180",-34.375,-51.5625,7
"11181",-34.375,-51.4375,7
"11182",-34.375,-51.3125,2
"11183",-34.375,-51.1875,5
"11184",-34.375,-51.0625,1
"11185",-34.375,-50.9375,3
"11186",-34.375,-50.5625,3
"11187",-34.375,-50.4375,3
"11188",-34.375,-50.1875,2
"11189",-34.125,-58.5625,7
"11190",-34.125,-58.4375,15
"11191",-34.125,-58.3125,7
"11192",-34.125,-58.1875,10
"11193",-34.125,-58.0625,18
"11194",-34.125,-57.9375,31
"11195",-34.125,-57.8125,11
"11196",-34.125,-57.6875,18
"11197",-34.125,-57.5625,24
"11198",-34.125,-57.4375,29
"11199",-34.125,-57.3125,55
"11200",-34.125,-57.1875,58
"11201",-34.125,-57.0625,50
"11202",-34.125,-56.9375,69
"11203",-34.125,-56.8125,69
"11204",-34.125,-56.6875,58
"11205",-34.125,-56.5625,45
"11206",-34.125,-56.4375,49
"11207",-34.125,-56.3125,60
"11208",-34.125,-56.1875,75
"11209",-34.125,-56.0625,69
"11210",-34.125,-55.9375,87
"11211",-34.125,-55.8125,69
"11212",-34.125,-55.6875,63
"11213",-34.125,-55.5625,55
"11214",-34.125,-55.4375,47
"11215",-34.125,-55.3125,64
"11216",-34.125,-55.1875,51
"11217",-34.125,-55.0625,81
"11218",-34.125,-54.9375,74
"11219",-34.125,-54.8125,66
"11220",-34.125,-54.6875,49
"11221",-34.125,-54.5625,45
"11222",-34.125,-54.4375,31
"11223",-34.125,-54.3125,21
"11224",-34.125,-54.1875,23
"11225",-34.125,-54.0625,17
"11226",-34.125,-53.9375,18
"11227",-34.125,-53.8125,15
"11228",-34.125,-53.6875,22
"11229",-34.125,-53.5625,20
"11230",-34.125,-53.4375,31
"11231",-34.125,-53.3125,20
"11232",-34.125,-53.1875,20
"11233",-34.125,-53.0625,5
"11234",-34.125,-52.9375,20
"11235",-34.125,-52.8125,11
"11236",-34.125,-52.6875,17
"11237",-34.125,-52.5625,7
"11238",-34.125,-52.4375,8
"11239",-34.125,-52.1875,1
"11240",-34.125,-52.0625,2
"11241",-34.125,-51.9375,1
"11242",-34.125,-51.8125,8
"11243",-34.125,-51.6875,8
"11244",-34.125,-51.5625,4
"11245",-34.125,-51.4375,4
"11246",-34.125,-51.3125,5
"11247",-34.125,-51.1875,1
"11248",-34.125,-51.0625,6
"11249",-34.125,-50.9375,3
"11250",-34.125,-50.8125,4
"11251",-34.125,-50.6875,1
"11252",-34.125,-50.5625,7
"11253",-34.125,-50.4375,1
"11254",-34.125,-50.3125,1
"11255",-34.125,-50.1875,3
"11256",-34.125,-50.0625,2
"11257",-33.875,-58.5625,3
"11258",-33.875,-58.4375,15
"11259",-33.875,-58.3125,11
"11260",-33.875,-58.1875,21
"11261",-33.875,-58.0625,23
"11262",-33.875,-57.9375,26
"11263",-33.875,-57.8125,19
"11264",-33.875,-57.6875,19
"11265",-33.875,-57.5625,12
"11266",-33.875,-57.4375,32
"11267",-33.875,-57.3125,31
"11268",-33.875,-57.1875,34
"11269",-33.875,-57.0625,42
"11270",-33.875,-56.9375,48
"11271",-33.875,-56.8125,39
"11272",-33.875,-56.6875,52
"11273",-33.875,-56.5625,35
"11274",-33.875,-56.4375,39
"11275",-33.875,-56.3125,37
"11276",-33.875,-56.1875,41
"11277",-33.875,-56.0625,31
"11278",-33.875,-55.9375,49
"11279",-33.875,-55.8125,73
"11280",-33.875,-55.6875,50
"11281",-33.875,-55.5625,40
"11282",-33.875,-55.4375,43
"11283",-33.875,-55.3125,47
"11284",-33.875,-55.1875,37
"11285",-33.875,-55.0625,44
"11286",-33.875,-54.9375,37
"11287",-33.875,-54.8125,38
"11288",-33.875,-54.6875,34
"11289",-33.875,-54.5625,26
"11290",-33.875,-54.4375,30
"11291",-33.875,-54.3125,20
"11292",-33.875,-54.1875,16
"11293",-33.875,-54.0625,12
"11294",-33.875,-53.9375,13
"11295",-33.875,-53.8125,13
"11296",-33.875,-53.6875,21
"11297",-33.875,-53.5625,10
"11298",-33.875,-53.4375,24
"11299",-33.875,-53.3125,12
"11300",-33.875,-53.1875,19
"11301",-33.875,-53.0625,3
"11302",-33.875,-52.9375,16
"11303",-33.875,-52.8125,11
"11304",-33.875,-52.6875,7
"11305",-33.875,-52.5625,4
"11306",-33.875,-52.4375,12
"11307",-33.875,-52.3125,6
"11308",-33.875,-52.1875,9
"11309",-33.875,-52.0625,8
"11310",-33.875,-51.9375,4
"11311",-33.875,-51.8125,2
"11312",-33.875,-51.6875,1
"11313",-33.875,-51.5625,3
"11314",-33.875,-51.4375,5
"11315",-33.875,-51.3125,3
"11316",-33.875,-51.1875,1
"11317",-33.875,-51.0625,2
"11318",-33.875,-50.9375,2
"11319",-33.875,-50.8125,4
"11320",-33.875,-50.6875,3
"11321",-33.875,-50.5625,3
"11322",-33.875,-50.4375,3
"11323",-33.875,-50.0625,1
"11324",-33.625,-58.5625,3
"11325",-33.625,-58.4375,3
"11326",-33.625,-58.3125,10
"11327",-33.625,-58.1875,37
"11328",-33.625,-58.0625,17
"11329",-33.625,-57.9375,6
"11330",-33.625,-57.8125,14
"11331",-33.625,-57.6875,12
"11332",-33.625,-57.5625,14
"11333",-33.625,-57.4375,15
"11334",-33.625,-57.3125,23
"11335",-33.625,-57.1875,40
"11336",-33.625,-57.0625,41
"11337",-33.625,-56.9375,53
"11338",-33.625,-56.8125,37
"11339",-33.625,-56.6875,38
"11340",-33.625,-56.5625,58
"11341",-33.625,-56.4375,32
"11342",-33.625,-56.3125,29
"11343",-33.625,-56.1875,30
"11344",-33.625,-56.0625,40
"11345",-33.625,-55.9375,34
"11346",-33.625,-55.8125,44
"11347",-33.625,-55.6875,54
"11348",-33.625,-55.5625,46
"11349",-33.625,-55.4375,37
"11350",-33.625,-55.3125,33
"11351",-33.625,-55.1875,30
"11352",-33.625,-55.0625,29
"11353",-33.625,-54.9375,27
"11354",-33.625,-54.8125,29
"11355",-33.625,-54.6875,26
"11356",-33.625,-54.5625,25
"11357",-33.625,-54.4375,16
"11358",-33.625,-54.3125,22
"11359",-33.625,-54.1875,13
"11360",-33.625,-54.0625,19
"11361",-33.625,-53.9375,12
"11362",-33.625,-53.8125,12
"11363",-33.625,-53.6875,13
"11364",-33.625,-53.5625,11
"11365",-33.625,-53.4375,19
"11366",-33.625,-53.3125,16
"11367",-33.625,-53.1875,21
"11368",-33.625,-53.0625,8
"11369",-33.625,-52.9375,14
"11370",-33.625,-52.8125,14
"11371",-33.625,-52.6875,7
"11372",-33.625,-52.5625,19
"11373",-33.625,-52.4375,9
"11374",-33.625,-52.3125,10
"11375",-33.625,-52.1875,7
"11376",-33.625,-52.0625,5
"11377",-33.625,-51.9375,8
"11378",-33.625,-51.8125,4
"11379",-33.625,-51.6875,4
"11380",-33.625,-51.5625,3
"11381",-33.625,-51.4375,2
"11382",-33.625,-51.3125,4
"11383",-33.625,-51.1875,5
"11384",-33.625,-51.0625,1
"11385",-33.625,-50.9375,1
"11386",-33.625,-50.8125,3
"11387",-33.625,-50.6875,1
"11388",-33.625,-50.5625,4
"11389",-33.625,-50.4375,3
"11390",-33.625,-50.3125,1
"11391",-33.625,-50.1875,3
"11392",-33.625,-50.0625,1
"11393",-33.375,-58.4375,3
"11394",-33.375,-58.3125,5
"11395",-33.375,-58.1875,15
"11396",-33.375,-58.0625,5
"11397",-33.375,-57.9375,15
"11398",-33.375,-57.8125,7
"11399",-33.375,-57.6875,16
"11400",-33.375,-57.5625,14
"11401",-33.375,-57.4375,10
"11402",-33.375,-57.3125,13
"11403",-33.375,-57.1875,14
"11404",-33.375,-57.0625,27
"11405",-33.375,-56.9375,41
"11406",-33.375,-56.8125,33
"11407",-33.375,-56.6875,40
"11408",-33.375,-56.5625,46
"11409",-33.375,-56.4375,26
"11410",-33.375,-56.3125,26
"11411",-33.375,-56.1875,26
"11412",-33.375,-56.0625,42
"11413",-33.375,-55.9375,30
"11414",-33.375,-55.8125,36
"11415",-33.375,-55.6875,34
"11416",-33.375,-55.5625,37
"11417",-33.375,-55.4375,33
"11418",-33.375,-55.3125,32
"11419",-33.375,-55.1875,33
"11420",-33.375,-55.0625,33
"11421",-33.375,-54.9375,25
"11422",-33.375,-54.8125,17
"11423",-33.375,-54.6875,26
"11424",-33.375,-54.5625,16
"11425",-33.375,-54.4375,16
"11426",-33.375,-54.3125,11
"11427",-33.375,-54.1875,15
"11428",-33.375,-54.0625,11
"11429",-33.375,-53.9375,20
"11430",-33.375,-53.8125,22
"11431",-33.375,-53.6875,14
"11432",-33.375,-53.5625,20
"11433",-33.375,-53.4375,15
"11434",-33.375,-53.3125,15
"11435",-33.375,-53.1875,19
"11436",-33.375,-53.0625,16
"11437",-33.375,-52.9375,8
"11438",-33.375,-52.8125,10
"11439",-33.375,-52.6875,10
"11440",-33.375,-52.5625,7
"11441",-33.375,-52.4375,18
"11442",-33.375,-52.3125,17
"11443",-33.375,-52.1875,8
"11444",-33.375,-52.0625,7
"11445",-33.375,-51.9375,5
"11446",-33.375,-51.8125,6
"11447",-33.375,-51.6875,4
"11448",-33.375,-51.5625,2
"11449",-33.375,-51.4375,1
"11450",-33.375,-51.3125,2
"11451",-33.375,-51.1875,6
"11452",-33.375,-51.0625,4
"11453",-33.375,-50.9375,1
"11454",-33.375,-50.6875,4
"11455",-33.375,-50.5625,2
"11456",-33.375,-50.1875,2
"11457",-33.125,-58.3125,5
"11458",-33.125,-58.1875,3
"11459",-33.125,-58.0625,5
"11460",-33.125,-57.9375,4
"11461",-33.125,-57.8125,12
"11462",-33.125,-57.6875,13
"11463",-33.125,-57.5625,6
"11464",-33.125,-57.4375,2
"11465",-33.125,-57.3125,7
"11466",-33.125,-57.1875,2
"11467",-33.125,-57.0625,13
"11468",-33.125,-56.9375,30
"11469",-33.125,-56.8125,25
"11470",-33.125,-56.6875,40
"11471",-33.125,-56.5625,35
"11472",-33.125,-56.4375,43
"11473",-33.125,-56.3125,31
"11474",-33.125,-56.1875,32
"11475",-33.125,-56.0625,28
"11476",-33.125,-55.9375,26
"11477",-33.125,-55.8125,25
"11478",-33.125,-55.6875,34
"11479",-33.125,-55.5625,63
"11480",-33.125,-55.4375,36
"11481",-33.125,-55.3125,47
"11482",-33.125,-55.1875,42
"11483",-33.125,-55.0625,36
"11484",-33.125,-54.9375,28
"11485",-33.125,-54.8125,26
"11486",-33.125,-54.6875,31
"11487",-33.125,-54.5625,11
"11488",-33.125,-54.4375,16
"11489",-33.125,-54.3125,11
"11490",-33.125,-54.1875,10
"11491",-33.125,-54.0625,11
"11492",-33.125,-53.9375,13
"11493",-33.125,-53.8125,14
"11494",-33.125,-53.6875,15
"11495",-33.125,-53.5625,4
"11496",-33.125,-53.4375,5
"11497",-33.125,-53.3125,4
"11498",-33.125,-53.1875,10
"11499",-33.125,-53.0625,11
"11500",-33.125,-52.9375,16
"11501",-33.125,-52.8125,13
"11502",-33.125,-52.6875,9
"11503",-33.125,-52.5625,13
"11504",-33.125,-52.4375,11
"11505",-33.125,-52.3125,3
"11506",-33.125,-52.1875,10
"11507",-33.125,-52.0625,1
"11508",-33.125,-51.8125,7
"11509",-33.125,-51.6875,3
"11510",-33.125,-51.5625,3
"11511",-33.125,-51.4375,3
"11512",-33.125,-51.3125,3
"11513",-33.125,-51.1875,2
"11514",-33.125,-51.0625,4
"11515",-33.125,-50.9375,2
"11516",-33.125,-50.8125,2
"11517",-33.125,-50.6875,4
"11518",-33.125,-50.5625,1
"11519",-32.875,-58.1875,7
"11520",-32.875,-58.0625,1
"11521",-32.875,-57.9375,1
"11522",-32.875,-57.8125,8
"11523",-32.875,-57.6875,4
"11524",-32.875,-57.5625,6
"11525",-32.875,-57.4375,2
"11526",-32.875,-57.3125,1
"11527",-32.875,-57.1875,4
"11528",-32.875,-57.0625,12
"11529",-32.875,-56.9375,25
"11530",-32.875,-56.8125,28
"11531",-32.875,-56.6875,45
"11532",-32.875,-56.5625,36
"11533",-32.875,-56.4375,36
"11534",-32.875,-56.3125,36
"11535",-32.875,-56.1875,27
"11536",-32.875,-56.0625,29
"11537",-32.875,-55.9375,23
"11538",-32.875,-55.8125,19
"11539",-32.875,-55.6875,38
"11540",-32.875,-55.5625,27
"11541",-32.875,-55.4375,47
"11542",-32.875,-55.3125,43
"11543",-32.875,-55.1875,21
"11544",-32.875,-55.0625,25
"11545",-32.875,-54.9375,16
"11546",-32.875,-54.8125,20
"11547",-32.875,-54.6875,34
"11548",-32.875,-54.5625,10
"11549",-32.875,-54.4375,11
"11550",-32.875,-54.3125,13
"11551",-32.875,-54.1875,8
"11552",-32.875,-54.0625,12
"11553",-32.875,-53.9375,11
"11554",-32.875,-53.8125,7
"11555",-32.875,-53.6875,9
"11556",-32.875,-53.5625,9
"11557",-32.875,-53.4375,5
"11558",-32.875,-53.3125,3
"11559",-32.875,-53.1875,5
"11560",-32.875,-53.0625,3
"11561",-32.875,-52.9375,6
"11562",-32.875,-52.8125,5
"11563",-32.875,-52.6875,12
"11564",-32.875,-52.5625,12
"11565",-32.875,-52.4375,13
"11566",-32.875,-52.3125,11
"11567",-32.875,-52.1875,4
"11568",-32.875,-52.0625,1
"11569",-32.875,-51.9375,6
"11570",-32.875,-51.8125,7
"11571",-32.875,-51.6875,3
"11572",-32.875,-51.5625,5
"11573",-32.875,-51.4375,2
"11574",-32.875,-51.3125,1
"11575",-32.875,-51.0625,5
"11576",-32.875,-50.9375,2
"11577",-32.875,-50.6875,4
"11578",-32.875,-50.4375,1
"11579",-32.875,-50.3125,2
"11580",-32.875,-50.0625,2
"11581",-32.625,-58.6875,1
"11582",-32.625,-58.0625,2
"11583",-32.625,-57.9375,1
"11584",-32.625,-57.4375,2
"11585",-32.625,-57.3125,3
"11586",-32.625,-57.1875,2
"11587",-32.625,-57.0625,8
"11588",-32.625,-56.9375,19
"11589",-32.625,-56.8125,25
"11590",-32.625,-56.6875,30
"11591",-32.625,-56.5625,30
"11592",-32.625,-56.4375,30
"11593",-32.625,-56.3125,18
"11594",-32.625,-56.1875,29
"11595",-32.625,-56.0625,18
"11596",-32.625,-55.9375,26
"11597",-32.625,-55.8125,30
"11598",-32.625,-55.6875,26
"11599",-32.625,-55.5625,29
"11600",-32.625,-55.4375,31
"11601",-32.625,-55.3125,42
"11602",-32.625,-55.1875,32
"11603",-32.625,-55.0625,16
"11604",-32.625,-54.9375,12
"11605",-32.625,-54.8125,25
"11606",-32.625,-54.6875,35
"11607",-32.625,-54.5625,17
"11608",-32.625,-54.4375,12
"11609",-32.625,-54.3125,5
"11610",-32.625,-54.1875,14
"11611",-32.625,-54.0625,8
"11612",-32.625,-53.9375,4
"11613",-32.625,-53.8125,5
"11614",-32.625,-53.6875,4
"11615",-32.625,-53.5625,12
"11616",-32.625,-53.4375,6
"11617",-32.625,-53.3125,1
"11618",-32.625,-53.1875,3
"11619",-32.625,-53.0625,5
"11620",-32.625,-52.9375,5
"11621",-32.625,-52.8125,10
"11622",-32.625,-52.6875,6
"11623",-32.625,-52.5625,3
"11624",-32.625,-52.4375,10
"11625",-32.625,-52.3125,11
"11626",-32.625,-52.1875,9
"11627",-32.625,-52.0625,8
"11628",-32.625,-51.9375,8
"11629",-32.625,-51.8125,6
"11630",-32.625,-51.6875,8
"11631",-32.625,-51.5625,3
"11632",-32.625,-51.4375,4
"11633",-32.625,-51.3125,2
"11634",-32.625,-51.1875,1
"11635",-32.625,-51.0625,1
"11636",-32.625,-50.9375,2
"11637",-32.625,-50.8125,1
"11638",-32.625,-50.6875,1
"11639",-32.375,-58.6875,1
"11640",-32.375,-58.5625,1
"11641",-32.375,-58.3125,1
"11642",-32.375,-58.1875,1
"11643",-32.375,-57.5625,3
"11644",-32.375,-57.4375,4
"11645",-32.375,-57.3125,5
"11646",-32.375,-57.1875,11
"11647",-32.375,-57.0625,9
"11648",-32.375,-56.9375,22
"11649",-32.375,-56.8125,14
"11650",-32.375,-56.6875,12
"11651",-32.375,-56.5625,35
"11652",-32.375,-56.4375,37
"11653",-32.375,-56.3125,19
"11654",-32.375,-56.1875,23
"11655",-32.375,-56.0625,25
"11656",-32.375,-55.9375,25
"11657",-32.375,-55.8125,24
"11658",-32.375,-55.6875,35
"11659",-32.375,-55.5625,28
"11660",-32.375,-55.4375,7
"11661",-32.375,-55.3125,14
"11662",-32.375,-55.1875,13
"11663",-32.375,-55.0625,14
"11664",-32.375,-54.9375,17
"11665",-32.375,-54.8125,9
"11666",-32.375,-54.6875,68
"11667",-32.375,-54.5625,56
"11668",-32.375,-54.4375,6
"11669",-32.375,-54.3125,6
"11670",-32.375,-54.1875,4
"11671",-32.375,-54.0625,3
"11672",-32.375,-53.9375,5
"11673",-32.375,-53.8125,3
"11674",-32.375,-53.6875,2
"11675",-32.375,-53.5625,6
"11676",-32.375,-53.4375,7
"11677",-32.375,-53.3125,2
"11678",-32.375,-53.0625,5
"11679",-32.375,-52.8125,3
"11680",-32.375,-52.6875,18
"11681",-32.375,-52.5625,7
"11682",-32.375,-52.4375,10
"11683",-32.375,-52.3125,15
"11684",-32.375,-52.1875,4
"11685",-32.375,-52.0625,3
"11686",-32.375,-51.9375,8
"11687",-32.375,-51.8125,4
"11688",-32.375,-51.6875,5
"11689",-32.375,-51.5625,4
"11690",-32.375,-51.3125,1
"11691",-32.375,-51.1875,1
"11692",-32.375,-51.0625,2
"11693",-32.375,-50.9375,2
"11694",-32.375,-50.8125,2
"11695",-32.375,-50.3125,1
"11696",-32.375,-50.0625,2
"11697",-32.125,-58.4375,1
"11698",-32.125,-57.5625,9
"11699",-32.125,-57.4375,3
"11700",-32.125,-57.3125,7
"11701",-32.125,-57.1875,13
"11702",-32.125,-57.0625,10
"11703",-32.125,-56.9375,12
"11704",-32.125,-56.8125,17
"11705",-32.125,-56.6875,15
"11706",-32.125,-56.5625,17
"11707",-32.125,-56.4375,24
"11708",-32.125,-56.3125,21
"11709",-32.125,-56.1875,17
"11710",-32.125,-56.0625,11
"11711",-32.125,-55.9375,7
"11712",-32.125,-55.8125,8
"11713",-32.125,-55.6875,17
"11714",-32.125,-55.5625,3
"11715",-32.125,-55.4375,8
"11716",-32.125,-55.3125,9
"11717",-32.125,-55.1875,5
"11718",-32.125,-55.0625,3
"11719",-32.125,-54.9375,1
"11720",-32.125,-54.8125,4
"11721",-32.125,-54.6875,43
"11722",-32.125,-54.5625,4
"11723",-32.125,-54.4375,2
"11724",-32.125,-54.3125,4
"11725",-32.125,-54.1875,6
"11726",-32.125,-54.0625,2
"11727",-32.125,-53.9375,2
"11728",-32.125,-53.8125,8
"11729",-32.125,-53.6875,2
"11730",-32.125,-53.5625,6
"11731",-32.125,-53.4375,3
"11732",-32.125,-53.3125,7
"11733",-32.125,-53.1875,8
"11734",-32.125,-53.0625,9
"11735",-32.125,-52.9375,7
"11736",-32.125,-52.8125,4
"11737",-32.125,-52.6875,6
"11738",-32.125,-52.5625,3
"11739",-32.125,-52.4375,5
"11740",-32.125,-52.3125,7
"11741",-32.125,-52.1875,10
"11742",-32.125,-52.0625,2
"11743",-32.125,-51.6875,1
"11744",-32.125,-51.5625,1
"11745",-32.125,-51.4375,4
"11746",-32.125,-51.3125,2
"11747",-32.125,-51.1875,2
"11748",-32.125,-51.0625,2
"11749",-32.125,-50.9375,1
"11750",-32.125,-50.8125,2
"11751",-32.125,-50.4375,2
"11752",-32.125,-50.1875,1
"11753",-32.125,-50.0625,1
"11754",-31.875,-57.9375,1
"11755",-31.875,-57.8125,2
"11756",-31.875,-57.6875,4
"11757",-31.875,-57.5625,6
"11758",-31.875,-57.4375,8
"11759",-31.875,-57.3125,8
"11760",-31.875,-57.1875,5
"11761",-31.875,-57.0625,12
"11762",-31.875,-56.9375,10
"11763",-31.875,-56.8125,17
"11764",-31.875,-56.6875,14
"11765",-31.875,-56.5625,23
"11766",-31.875,-56.4375,14
"11767",-31.875,-56.3125,9
"11768",-31.875,-56.1875,17
"11769",-31.875,-56.0625,15
"11770",-31.875,-55.9375,13
"11771",-31.875,-55.8125,6
"11772",-31.875,-55.4375,1
"11773",-31.875,-55.3125,4
"11774",-31.875,-55.1875,12
"11775",-31.875,-55.0625,1
"11776",-31.875,-54.9375,3
"11777",-31.875,-54.8125,5
"11778",-31.875,-54.5625,5
"11779",-31.875,-54.4375,5
"11780",-31.875,-54.3125,1
"11781",-31.875,-54.1875,3
"11782",-31.875,-54.0625,4
"11783",-31.875,-53.9375,1
"11784",-31.875,-53.6875,4
"11785",-31.875,-53.5625,1
"11786",-31.875,-53.4375,3
"11787",-31.875,-53.3125,2
"11788",-31.875,-53.0625,3
"11789",-31.875,-52.9375,8
"11790",-31.875,-52.8125,2
"11791",-31.875,-52.6875,4
"11792",-31.875,-52.5625,5
"11793",-31.875,-52.3125,4
"11794",-31.875,-52.1875,13
"11795",-31.875,-52.0625,3
"11796",-31.875,-51.9375,4
"11797",-31.875,-51.8125,2
"11798",-31.875,-51.6875,4
"11799",-31.875,-51.4375,1
"11800",-31.875,-51.3125,3
"11801",-31.875,-51.1875,1
"11802",-31.875,-51.0625,2
"11803",-31.875,-50.9375,2
"11804",-31.875,-50.8125,2
"11805",-31.875,-50.6875,1
"11806",-31.875,-50.3125,1
"11807",-31.875,-50.1875,1
"11808",-31.875,-50.0625,1
"11809",-31.625,-57.9375,2
"11810",-31.625,-57.8125,1
"11811",-31.625,-57.6875,13
"11812",-31.625,-57.5625,7
"11813",-31.625,-57.4375,8
"11814",-31.625,-57.3125,8
"11815",-31.625,-57.1875,14
"11816",-31.625,-57.0625,4
"11817",-31.625,-56.9375,7
"11818",-31.625,-56.8125,12
"11819",-31.625,-56.6875,10
"11820",-31.625,-56.5625,8
"11821",-31.625,-56.4375,4
"11822",-31.625,-56.3125,4
"11823",-31.625,-56.1875,6
"11824",-31.625,-56.0625,8
"11825",-31.625,-55.9375,9
"11826",-31.625,-55.8125,3
"11827",-31.625,-55.6875,10
"11828",-31.625,-55.3125,1
"11829",-31.625,-55.1875,3
"11830",-31.625,-55.0625,11
"11831",-31.625,-54.6875,3
"11832",-31.625,-54.4375,3
"11833",-31.625,-54.3125,4
"11834",-31.625,-54.1875,2
"11835",-31.625,-54.0625,3
"11836",-31.625,-53.9375,4
"11837",-31.625,-53.8125,2
"11838",-31.625,-53.6875,2
"11839",-31.625,-53.5625,3
"11840",-31.625,-53.3125,1
"11841",-31.625,-52.9375,3
"11842",-31.625,-52.8125,1
"11843",-31.625,-52.6875,3
"11844",-31.625,-52.5625,4
"11845",-31.625,-52.4375,1
"11846",-31.625,-52.3125,4
"11847",-31.625,-52.1875,5
"11848",-31.625,-52.0625,4
"11849",-31.625,-51.9375,1
"11850",-31.625,-51.8125,2
"11851",-31.625,-51.6875,1
"11852",-31.625,-51.3125,3
"11853",-31.625,-51.1875,3
"11854",-31.625,-51.0625,3
"11855",-31.625,-50.8125,1
"11856",-31.625,-50.6875,1
"11857",-31.625,-50.0625,1
"11858",-31.375,-57.9375,3
"11859",-31.375,-57.8125,4
"11860",-31.375,-57.6875,6
"11861",-31.375,-57.5625,7
"11862",-31.375,-57.4375,5
"11863",-31.375,-57.3125,15
"11864",-31.375,-57.1875,10
"11865",-31.375,-57.0625,1
"11866",-31.375,-56.9375,2
"11867",-31.375,-56.8125,11
"11868",-31.375,-56.6875,2
"11869",-31.375,-56.5625,8
"11870",-31.375,-56.4375,3
"11871",-31.375,-56.3125,2
"11872",-31.375,-56.1875,2
"11873",-31.375,-56.0625,4
"11874",-31.375,-55.9375,7
"11875",-31.375,-55.8125,1
"11876",-31.375,-55.6875,6
"11877",-31.375,-55.5625,2
"11878",-31.375,-55.4375,2
"11879",-31.375,-55.3125,2
"11880",-31.375,-55.1875,8
"11881",-31.375,-55.0625,2
"11882",-31.375,-54.1875,4
"11883",-31.375,-54.0625,3
"11884",-31.375,-53.9375,2
"11885",-31.375,-53.8125,2
"11886",-31.375,-53.6875,2
"11887",-31.375,-53.5625,1
"11888",-31.375,-52.9375,2
"11889",-31.375,-52.8125,9
"11890",-31.375,-52.6875,2
"11891",-31.375,-52.5625,2
"11892",-31.375,-52.4375,1
"11893",-31.375,-52.3125,4
"11894",-31.375,-52.1875,8
"11895",-31.375,-51.8125,3
"11896",-31.375,-51.3125,3
"11897",-31.375,-51.1875,2
"11898",-31.375,-51.0625,4
"11899",-31.375,-50.9375,2
"11900",-31.375,-50.0625,1
"11901",-31.125,-57.9375,1
"11902",-31.125,-57.8125,4
"11903",-31.125,-57.6875,8
"11904",-31.125,-57.5625,5
"11905",-31.125,-57.4375,10
"11906",-31.125,-57.3125,12
"11907",-31.125,-57.1875,11
"11908",-31.125,-57.0625,6
"11909",-31.125,-56.9375,9
"11910",-31.125,-56.8125,5
"11911",-31.125,-56.6875,5
"11912",-31.125,-56.5625,8
"11913",-31.125,-56.3125,3
"11914",-31.125,-56.1875,4
"11915",-31.125,-56.0625,5
"11916",-31.125,-55.9375,5
"11917",-31.125,-55.8125,1
"11918",-31.125,-55.6875,5
"11919",-31.125,-55.5625,1
"11920",-31.125,-55.1875,6
"11921",-31.125,-55.0625,2
"11922",-31.125,-54.8125,2
"11923",-31.125,-54.6875,1
"11924",-31.125,-53.0625,2
"11925",-31.125,-52.8125,1
"11926",-31.125,-52.6875,1
"11927",-31.125,-52.5625,2
"11928",-31.125,-52.4375,1
"11929",-31.125,-52.3125,4
"11930",-31.125,-52.1875,2
"11931",-31.125,-51.9375,1
"11932",-31.125,-51.8125,1
"11933",-31.125,-51.3125,1
"11934",-31.125,-51.1875,4
"11935",-31.125,-51.0625,2
"11936",-31.125,-50.8125,1
"11937",-31.125,-50.0625,1
"11938",-30.875,-57.9375,3
"11939",-30.875,-57.8125,2
"11940",-30.875,-57.6875,5
"11941",-30.875,-57.5625,7
"11942",-30.875,-57.4375,11
"11943",-30.875,-57.3125,10
"11944",-30.875,-57.1875,10
"11945",-30.875,-57.0625,6
"11946",-30.875,-56.9375,3
"11947",-30.875,-56.8125,4
"11948",-30.875,-56.6875,5
"11949",-30.875,-56.5625,6
"11950",-30.875,-56.3125,2
"11951",-30.875,-56.1875,2
"11952",-30.875,-56.0625,5
"11953",-30.875,-55.9375,5
"11954",-30.875,-55.6875,10
"11955",-30.875,-55.5625,2
"11956",-30.875,-55.4375,2
"11957",-30.875,-55.1875,5
"11958",-30.875,-54.9375,3
"11959",-30.875,-54.6875,1
"11960",-30.875,-53.0625,1
"11961",-30.875,-52.8125,1
"11962",-30.875,-52.6875,1
"11963",-30.875,-52.5625,1
"11964",-30.875,-52.4375,5
"11965",-30.875,-52.1875,1
"11966",-30.875,-52.0625,2
"11967",-30.875,-51.9375,2
"11968",-30.875,-51.1875,4
"11969",-30.875,-51.0625,1
"11970",-30.875,-50.9375,1
"11971",-30.875,-50.8125,1
"11972",-30.875,-50.6875,1
"11973",-30.875,-50.0625,2
"11974",-30.625,-57.9375,5
"11975",-30.625,-57.8125,1
"11976",-30.625,-57.6875,4
"11977",-30.625,-57.5625,3
"11978",-30.625,-57.4375,11
"11979",-30.625,-57.3125,8
"11980",-30.625,-57.1875,9
"11981",-30.625,-57.0625,8
"11982",-30.625,-56.9375,8
"11983",-30.625,-56.8125,8
"11984",-30.625,-56.6875,8
"11985",-30.625,-56.3125,1
"11986",-30.625,-56.1875,2
"11987",-30.625,-56.0625,4
"11988",-30.625,-55.9375,3
"11989",-30.625,-55.8125,3
"11990",-30.625,-55.6875,4
"11991",-30.625,-55.5625,5
"11992",-30.625,-55.4375,7
"11993",-30.625,-55.3125,19
"11994",-30.625,-55.1875,7
"11995",-30.625,-55.0625,5
"11996",-30.625,-54.9375,3
"11997",-30.625,-53.1875,2
"11998",-30.625,-53.0625,1
"11999",-30.625,-52.9375,1
"12000",-30.625,-52.8125,1
"12001",-30.625,-52.6875,1
"12002",-30.625,-52.5625,3
"12003",-30.625,-52.4375,1
"12004",-30.625,-52.3125,1
"12005",-30.625,-52.0625,3
"12006",-30.625,-51.5625,4
"12007",-30.625,-51.4375,1
"12008",-30.625,-51.1875,2
"12009",-30.625,-51.0625,2
"12010",-30.625,-50.6875,1
"12011",-30.375,-57.9375,3
"12012",-30.375,-57.8125,3
"12013",-30.375,-57.6875,1
"12014",-30.375,-57.5625,1
"12015",-30.375,-57.4375,5
"12016",-30.375,-57.3125,4
"12017",-30.375,-57.1875,6
"12018",-30.375,-57.0625,5
"12019",-30.375,-56.9375,5
"12020",-30.375,-56.6875,4
"12021",-30.375,-56.1875,1
"12022",-30.375,-56.0625,1
"12023",-30.375,-55.9375,3
"12024",-30.375,-55.8125,2
"12025",-30.375,-55.6875,7
"12026",-30.375,-55.5625,4
"12027",-30.375,-55.4375,10
"12028",-30.375,-55.3125,11
"12029",-30.375,-55.1875,1
"12030",-30.375,-55.0625,1
"12031",-30.375,-54.9375,2
"12032",-30.375,-54.8125,2
"12033",-30.375,-53.0625,1
"12034",-30.375,-52.6875,1
"12035",-30.375,-52.5625,3
"12036",-30.375,-52.4375,1
"12037",-30.375,-52.0625,1
"12038",-30.375,-51.8125,1
"12039",-30.375,-51.5625,4
"12040",-30.375,-51.4375,1
"12041",-30.375,-51.3125,1
"12042",-30.375,-51.1875,6
"12043",-30.375,-50.9375,1
"12044",-30.375,-50.8125,1
"12045",-30.375,-50.6875,1
"12046",-30.125,-57.8125,3
"12047",-30.125,-57.6875,2
"12048",-30.125,-57.4375,2
"12049",-30.125,-57.3125,5
"12050",-30.125,-57.1875,1
"12051",-30.125,-57.0625,2
"12052",-30.125,-56.9375,1
"12053",-30.125,-56.0625,1
"12054",-30.125,-55.9375,2
"12055",-30.125,-55.8125,1
"12056",-30.125,-55.6875,2
"12057",-30.125,-55.5625,1
"12058",-30.125,-55.3125,2
"12059",-30.125,-55.1875,1
"12060",-30.125,-55.0625,1
"12061",-30.125,-54.9375,1
"12062",-30.125,-53.1875,1
"12063",-30.125,-52.6875,8
"12064",-30.125,-52.5625,1
"12065",-30.125,-52.0625,1
"12066",-30.125,-51.9375,3
"12067",-30.125,-51.5625,4
"12068",-30.125,-51.4375,2
"12069",-30.125,-51.3125,2
"12070",-30.125,-51.1875,5
"12071",-30.125,-51.0625,1
"12072",-30.125,-50.9375,1
"12073",-30.125,-50.8125,1
"12074",-30.125,-50.6875,2
"12075",-29.875,-57.3125,1
"12076",-29.875,-57.1875,1
"12077",-29.875,-55.8125,2
"12078",-29.875,-55.6875,1
"12079",-29.875,-55.5625,1
"12080",-29.875,-55.4375,1
"12081",-29.875,-55.1875,3
"12082",-29.875,-55.0625,1
"12083",-29.875,-53.1875,2
"12084",-29.875,-52.6875,7
"12085",-29.875,-52.5625,1
"12086",-29.875,-52.0625,1
"12087",-29.875,-51.9375,4
"12088",-29.875,-51.8125,5
"12089",-29.875,-51.6875,6
"12090",-29.875,-51.5625,1
"12091",-29.875,-51.3125,5
"12092",-29.875,-51.1875,1
"12093",-29.875,-51.0625,1
"12094",-29.875,-50.9375,1
"12095",-29.875,-50.6875,3
"12096",-29.625,-55.6875,1
"12097",-29.625,-55.5625,2
"12098",-29.625,-55.4375,2
"12099",-29.625,-55.3125,2
"12100",-29.625,-55.1875,2
"12101",-29.625,-53.1875,1
"12102",-29.625,-52.6875,3
"12103",-29.625,-52.5625,3
"12104",-29.625,-52.4375,1
"12105",-29.625,-52.0625,2
"12106",-29.625,-51.8125,3
"12107",-29.625,-51.6875,1
"12108",-29.625,-51.5625,1
"12109",-29.625,-51.0625,2
"12110",-29.625,-50.8125,1
"12111",-29.625,-50.6875,1
"12112",-29.375,-55.3125,2
"12113",-29.375,-53.1875,1
"12114",-29.375,-52.6875,1
"12115",-29.375,-52.5625,3
"12116",-29.375,-52.4375,2
"12117",-29.375,-52.1875,1
"12118",-29.375,-51.4375,2
"12119",-29.375,-50.6875,1
"12120",-29.375,-50.5625,1
"12121",-29.375,-50.3125,1
"12122",-29.125,-53.1875,1
"12123",-29.125,-52.5625,1
"12124",-29.125,-52.4375,4
"12125",-29.125,-52.3125,1
"12126",-29.125,-52.1875,1
"12127",-29.125,-52.0625,1
"12128",-29.125,-51.4375,1
"12129",-29.125,-51.3125,1
"12130",-29.125,-51.0625,1
"12131",-29.125,-50.8125,1
"12132",-29.125,-50.5625,1
"12133",-28.875,-53.0625,1
"12134",-28.875,-52.4375,1
"12135",-28.875,-52.3125,2
"12136",-28.875,-51.9375,1
"12137",-28.875,-51.8125,2
"12138",-28.875,-51.4375,2
"12139",-28.875,-51.3125,1
"12140",-28.875,-50.9375,1
"12141",-28.875,-50.6875,1
"12142",-28.875,-50.0625,1
"12143",-28.625,-53.0625,1
"12144",-28.625,-52.5625,1
"12145",-28.625,-52.3125,3
"12146",-28.625,-52.0625,1
"12147",-28.625,-51.9375,2
"12148",-28.625,-51.8125,1
"12149",-28.625,-51.3125,1
"12150",-28.625,-51.1875,1
"12151",-28.625,-51.0625,1
"12152",-28.625,-50.9375,1
"12153",-28.625,-50.6875,1
"12154",-28.375,-53.0625,2
"12155",-28.375,-52.9375,3
"12156",-28.375,-52.8125,1
"12157",-28.375,-52.6875,4
"12158",-28.375,-52.5625,1
"12159",-28.375,-52.4375,2
"12160",-28.375,-52.3125,4
"12161",-28.375,-52.1875,1
"12162",-28.375,-50.6875,1
"12163",-28.125,-53.3125,2
"12164",-28.125,-53.1875,3
"12165",-28.125,-53.0625,2
"12166",-28.125,-51.3125,1
"12167",-27.875,-53.3125,1
"12168",-27.875,-53.1875,1
"12169",-27.875,-53.0625,2
"12170",-27.875,-51.4375,1
"12171",-27.875,-50.6875,1
"12172",-27.625,-53.9375,2
"12173",-27.625,-53.4375,4
"12174",-27.625,-53.1875,1
"12175",-27.625,-51.4375,1
"12176",-27.625,-50.8125,1
"12177",-27.625,-50.6875,1
"12178",-27.375,-53.8125,1
"12179",-27.375,-53.6875,1
"12180",-27.375,-53.5625,2
"12181",-27.375,-53.4375,6
"12182",-27.375,-53.3125,1
"12183",-27.375,-53.1875,1
"12184",-27.375,-53.0625,1
"12185",-27.375,-51.3125,1
"12186",-27.375,-51.1875,1
"12187",-27.375,-51.0625,1
"12188",-27.125,-53.6875,1
"12189",-27.125,-53.0625,2
"12190",-26.875,-53.3125,1
"12191",-26.875,-53.1875,2
"12192",-26.875,-52.9375,2
"12193",-26.875,-52.8125,1
"12194",-26.625,-53.0625,1
"12195",-26.625,-52.9375,1
"12196",-26.625,-52.6875,3
"12197",-26.625,-52.5625,2
"12198",-26.625,-52.4375,2
"12199",-26.375,-53.3125,1
"12200",-26.375,-52.4375,2
"12201",-26.125,-53.3125,1
"12202",-26.125,-52.5625,1
"12203",-26.125,-52.3125,1
"12204",-25.875,-53.3125,2
"12205",-25.875,-52.5625,1
"12206",-25.875,-52.4375,1
"12207",-25.625,-53.4375,1
"12208",-25.625,-53.3125,1
"12209",-25.625,-52.6875,1
"12210",-25.625,-52.5625,1
"12211",-25.625,-52.3125,1
"12212",-25.375,-53.4375,1
"12213",-25.375,-52.6875,2
"12214",-25.375,-52.3125,1
"12215",-25.125,-53.5625,1
"12216",-24.875,-52.4375,1
"12217",-24.625,-53.5625,1
"12218",-24.625,-53.4375,1
"12219",-24.625,-52.4375,2
"12220",-24.375,-53.6875,1
"12221",-24.375,-53.5625,1
"12222",-24.375,-53.3125,1
"12223",-24.375,-53.1875,1
"12224",-24.375,-52.6875,1
"12225",-24.375,-52.5625,2
"12226",-24.125,-53.8125,1
"12227",-24.125,-53.0625,1
"12228",-24.125,-52.9375,3
"12229",-24.125,-52.8125,3
"12230",-23.875,-53.8125,1
"12231",-23.875,-53.5625,1
"12232",-23.875,-52.9375,1
"12233",-23.875,-52.8125,2
"12234",-23.625,-53.8125,2
"12235",-23.625,-53.4375,1
"12236",-23.625,-52.8125,1
"12237",-23.375,-53.6875,3
"12238",-23.375,-53.3125,3
"12239",-23.375,-53.1875,1
"12240",-23.375,-52.8125,1
"12241",-23.125,-53.0625,2
"12242",-23.125,-52.8125,1
"12243",-22.875,-53.0625,4
"12244",-22.625,-53.3125,2
"12245",-22.625,-53.1875,5
"12246",-22.625,-53.0625,4
"12247",-22.625,-52.8125,1
"12248",-22.375,-53.4375,1
"12249",-22.375,-53.3125,2
"12250",-22.375,-52.9375,1
"12251",-22.125,-53.3125,2
"12252",-22.125,-53.1875,1
"12253",-22.125,-53.0625,1
"12254",-22.125,-52.9375,1
"12255",-22.125,-52.6875,1
"12256",-21.875,-53.1875,2
"12257",-21.875,-53.0625,2
